	Query	Sequence_x	Length_Bandage	Path_Bandage	Start_Bandage	End_Bandage	Sequence_Bandage	Sequence_y	Length_x	Start_SPAligner	End_SPAligner	Length_SPAligner	Path_SPAligner	Sequence_SPAligner	Sequence	Length_y	Path_GraphAligner	Start_GraphAligner	End_GraphAligner	BandageVSSPAligner	BandageVSGraphAligner	SPAlignerVSGraphAligner
0	gb|AB023477|+|0-861|ARO:3001082|SHV-24	ATGCGTTATATTCGCCTGTGTATTATCTCCCTGTTAGCCACCCTGCCGCTGGCG...TAA	861	(24) 5151- (884)	24	884	ATGCGTTATATTCGCCTGTGTATTATCTCCCTGTTAGCCACCCTGCCGCTGGCGGTACACGCCAGCCCGCAGCCGCTTGAGCAAATTAAACAAAGCGAAAGCCAGCTGTCGGGCCGCGTAGGCATGATAGAAATGGATCTGGCCAGCGGCCGCACGCTGACCGCCTGGCGCGCCGATGAACGCTTTCCCATGATGAGCACCTTTAAAGTAGTGCTCTGCGGCGCAGTGCTGGCGCGGGTGGATGCCGGTGACGAACAGCTGGAGCGAAAGATCCACTATCGCCAGCAGGATCTGGTGGACTACTCGCCGGTCAGCGAAAAACACCTTGCCGACGGCATGACGGTCGGCGAACTCTGCGCCGCCGCCATTACCATGAGCGATAACAGCGCCGCCAATCTGCTGCTGGCCACCGTCGGCGGCCCCGCAGGATTGACTGCCTTTTTGCGCCAGATCGGCGACAACGTCACCCGCCTTGACCGCTGGGAAACGGAACTGAATGAGGCGCTTCCCGGCGACGCCCGCGACACCACTACCCCGGCCAGCATGGCCGCGACCCTGCGCAAGCTGCTGACCAGCCAGCGTCTGAGCGCCCGTTCGCAACGGCAGCTGCTGCAGTGGATGGTGGACGATCGGGTCGCCGGACCGTTGATCCGCTCCGTGCTGCCGGCGGGCTGGTTTATCGCCGATAAGACCGGAGCTAGCAAGCGGGGTGCGCGCGGGATTGTCGCCCTGCTTGGCCCGAATAACAAAGCAGAGCGCATCGTGGTGATTTATCTGCGGGATACGCCGGCGAGCATGGCCGAGCGAAATCAGCAAATCGCCGGGATCGGCGCGGCGCTGATCGAGCACTGGCAACGCTAA	ATGCGTTATATTCGCCTGTGTATTATCTCCCTGTTAGCCACCCTGCCGCTGGCG...TAA	861	1000	999	999.0	999	999	ATGCGTTATATTCGCCTGTGTATTATCTCCCTGTTAGCCACCCTGCCGCTGGCG...TAA	861	5151	24	884	False	True	False
1	gb|AB049569|+|0-861|ARO:3000958|TEM-91	ATGAGTATTCAACATTTCCGTGTCGCCCTTATTCCCTTTTTTGCGGCATTTTGC...TAA	861	(37) 5967+ (897)	37	897	ATGAGTATTCAACATTTCCGTGTCGCCCTTATTCCCTTTTTTGCGGCATTTTGCCTTCCTGTTTTTGCTCACCCAGAAACGCTGGTGAAAGTAAAAGATGCTGAAGATCAGTTGGGTGCACGAGTGGGTTACATCGAACTGGATCTCAACAGCGGTAAGATCCTTGAGAGTTTTCGCCCCGAAGAACGTTTTCCAATGATGAGCACTTTTAAAGTTCTGCTATGTGGTGCGGTATTATCCCGTGTTGACGCCGGGCAAGAGCAACTCGGTCGCCGCATACACTATTCTCAGAATGACTTGGTTGAGTACTCACCAGTCACAGAAAAGCATCTTACGGATGGCATGACAGTAAGAGAATTATGCAGTGCTGCCATAACCATGAGTGATAACACTGCTGCCAACTTACTTCTGACAACGATCGGAGGACCGAAGGAGCTAACCGCTTTTTTGCACAACATGGGGGATCATGTAACTCGCCTTGATCGTTGGGAACCGGAGCTGAATGAAGCCATACCAAACGACGAGCGTGACACCACGATGCCTGCAGCAATGGCAACAACGTTGCGCAAACTATTAACTGGCGAACTACTTACTCTAGCTTCCCGGCAACAATTAATAGACTGGATGGAGGCGGATAAAGTTGCAGGACCACTTCTGCGCTCGGCCCTTCCGGCTGGCTGGTTTATTGCTGATAAATCTGGAGCCGGTGAGCGTGGGTCTCGCGGTATCATTGCAGCACTGGGGCCAGATGGTAAGCCCTCCCGTATCGTAGTTATCTACACGACGGGGAGTCAGGCAACTATGGATGAACGAAATAGACAGATCGCTGAGATAGGTGCCTCACTGATTAAGCATTGGTAA	ATGAGTATTCAACATTTCCGTGTCGCCCTTATTCCCTTTTTTGCGGCATTTTGC...TAA	861	37	897	861.0	5967+	ATGAGTATTCAACATTTCCGTGTCGCCCTTATTCCCTTTTTTGCGGCATTTTGCCTTCCTGTTTTTGCTCACCCAGAAACGCTGGTGAAAGTAAAAGATGCTGAAGATCAGTTGGGTGCACGAGTGGGTTACATCGAACTGGATCTCAACAGCGGTAAGATCCTTGAGAGTTTTCGCCCCGAAGAACGTTTTCCAATGATGAGCACTTTTAAAGTTCTGCTATGTGGTGCGGTATTATCCCGTGTTGACGCCGGGCAAGAGCAACTCGGTCGCCGCATACACTATTCTCAGAATGACTTGGTTGAGTACTCACCAGTCACAGAAAAGCATCTTACGGATGGCATGACAGTAAGAGAATTATGCAGTGCTGCCATAACCATGAGTGATAACACTGCTGCCAACTTACTTCTGACAACGATCGGAGGACCGAAGGAGCTAACCGCTTTTTTGCACAACATGGGGGATCATGTAACTCGCCTTGATCGTTGGGAACCGGAGCTGAATGAAGCCATACCAAACGACGAGCGTGACACCACGATGCCTGCAGCAATGGCAACAACGTTGCGCAAACTATTAACTGGCGAACTACTTACTCTAGCTTCCCGGCAACAATTAATAGACTGGATGGAGGCGGATAAAGTTGCAGGACCACTTCTGCGCTCGGCCCTTCCGGCTGGCTGGTTTATTGCTGATAAATCTGGAGCCGGTGAGCGTGGGTCTCGCGGTATCATTGCAGCACTGGGGCCAGATGGTAAGCCCTCCCGTATCGTAGTTATCTACACGACGGGGAGTCAGGCAACTATGGATGAACGAAATAGACAGATCGCTGAGATAGGTGCCTCACTGATTAAGCATTGGTAA	ATGAGTATTCAACATTTCCGTGTCGCCCTTATTCCCTTTTTTGCGGCATTTTGC...TAA	861	5967	37	897	True	True	True
2	gb|AB302939|+|8-869|ARO:3001115|SHV-60	ATGCGTTATATTCGCCTGTGTATTATCTCCCTGTTAGCCACCCTGCCGCTGGCG...TAA	861	(24) 5151- (884)	24	884	ATGCGTTATATTCGCCTGTGTATTATCTCCCTGTTAGCCACCCTGCCGCTGGCGGTACACGCCAGCCCGCAGCCGCTTGAGCAAATTAAACAAAGCGAAAGCCAGCTGTCGGGCCGCGTAGGCATGATAGAAATGGATCTGGCCAGCGGCCGCACGCTGACCGCCTGGCGCGCCGATGAACGCTTTCCCATGATGAGCACCTTTAAAGTAGTGCTCTGCGGCGCAGTGCTGGCGCGGGTGGATGCCGGTGACGAACAGCTGGAGCGAAAGATCCACTATCGCCAGCAGGATCTGGTGGACTACTCGCCGGTCAGCGAAAAACACCTTGCCGACGGCATGACGGTCGGCGAACTCTGCGCCGCCGCCATTACCATGAGCGATAACAGCGCCGCCAATCTGCTGCTGGCCACCGTCGGCGGCCCCGCAGGATTGACTGCCTTTTTGCGCCAGATCGGCGACAACGTCACCCGCCTTGACCGCTGGGAAACGGAACTGAATGAGGCGCTTCCCGGCGACGCCCGCGACACCACTACCCCGGCCAGCATGGCCGCGACCCTGCGCAAGCTGCTGACCAGCCAGCGTCTGAGCGCCCGTTCGCAACGGCAGCTGCTGCAGTGGATGGTGGACGATCGGGTCGCCGGACCGTTGATCCGCTCCGTGCTGCCGGCGGGCTGGTTTATCGCCGATAAGACCGGAGCTAGCAAGCGGGGTGCGCGCGGGATTGTCGCCCTGCTTGGCCCGAATAACAAAGCAGAGCGCATCGTGGTGATTTATCTGCGGGATACGCCGGCGAGCATGGCCGAGCGAAATCAGCAAATCGCCGGGATCGGCGCGGCGCTGATCGAGCACTGGCAACGCTAA	ATGCGTTATATTCGCCTGTGTATTATCTCCCTGTTAGCCACCCTGCCGCTGGCG...TAA	861	24	884	861.0	5151-	ATGCGTTATATTCGCCTGTGTATTATCTCCCTGTTAGCCACCCTGCCGCTGGCGGTACACGCCAGCCCGCAGCCGCTTGAGCAAATTAAACAAAGCGAAAGCCAGCTGTCGGGCCGCGTAGGCATGATAGAAATGGATCTGGCCAGCGGCCGCACGCTGACCGCCTGGCGCGCCGATGAACGCTTTCCCATGATGAGCACCTTTAAAGTAGTGCTCTGCGGCGCAGTGCTGGCGCGGGTGGATGCCGGTGACGAACAGCTGGAGCGAAAGATCCACTATCGCCAGCAGGATCTGGTGGACTACTCGCCGGTCAGCGAAAAACACCTTGCCGACGGCATGACGGTCGGCGAACTCTGCGCCGCCGCCATTACCATGAGCGATAACAGCGCCGCCAATCTGCTGCTGGCCACCGTCGGCGGCCCCGCAGGATTGACTGCCTTTTTGCGCCAGATCGGCGACAACGTCACCCGCCTTGACCGCTGGGAAACGGAACTGAATGAGGCGCTTCCCGGCGACGCCCGCGACACCACTACCCCGGCCAGCATGGCCGCGACCCTGCGCAAGCTGCTGACCAGCCAGCGTCTGAGCGCCCGTTCGCAACGGCAGCTGCTGCAGTGGATGGTGGACGATCGGGTCGCCGGACCGTTGATCCGCTCCGTGCTGCCGGCGGGCTGGTTTATCGCCGATAAGACCGGAGCTAGCAAGCGGGGTGCGCGCGGGATTGTCGCCCTGCTTGGCCCGAATAACAAAGCAGAGCGCATCGTGGTGATTTATCTGCGGGATACGCCGGCGAGCATGGCCGAGCGAAATCAGCAAATCGCCGGGATCGGCGCGGCGCTGATCGAGCACTGGCAACGCTAA	ATGCGTTATATTCGCCTGTGTATTATCTCCCTGTTAGCCACCCTGCCGCTGGCG...TAA	861	5151	24	884	True	True	True
3	gb|AB372881|+|8-869|ARO:3001160|SHV-111	ATGCGTTATATTCGCCTGTGTATTATCTCCCTGTTAGCCACCCTGCCGCTGGCG...TAA	861	(24) 5151- (884)	24	884	ATGCGTTATATTCGCCTGTGTATTATCTCCCTGTTAGCCACCCTGCCGCTGGCGGTACACGCCAGCCCGCAGCCGCTTGAGCAAATTAAACAAAGCGAAAGCCAGCTGTCGGGCCGCGTAGGCATGATAGAAATGGATCTGGCCAGCGGCCGCACGCTGACCGCCTGGCGCGCCGATGAACGCTTTCCCATGATGAGCACCTTTAAAGTAGTGCTCTGCGGCGCAGTGCTGGCGCGGGTGGATGCCGGTGACGAACAGCTGGAGCGAAAGATCCACTATCGCCAGCAGGATCTGGTGGACTACTCGCCGGTCAGCGAAAAACACCTTGCCGACGGCATGACGGTCGGCGAACTCTGCGCCGCCGCCATTACCATGAGCGATAACAGCGCCGCCAATCTGCTGCTGGCCACCGTCGGCGGCCCCGCAGGATTGACTGCCTTTTTGCGCCAGATCGGCGACAACGTCACCCGCCTTGACCGCTGGGAAACGGAACTGAATGAGGCGCTTCCCGGCGACGCCCGCGACACCACTACCCCGGCCAGCATGGCCGCGACCCTGCGCAAGCTGCTGACCAGCCAGCGTCTGAGCGCCCGTTCGCAACGGCAGCTGCTGCAGTGGATGGTGGACGATCGGGTCGCCGGACCGTTGATCCGCTCCGTGCTGCCGGCGGGCTGGTTTATCGCCGATAAGACCGGAGCTAGCAAGCGGGGTGCGCGCGGGATTGTCGCCCTGCTTGGCCCGAATAACAAAGCAGAGCGCATCGTGGTGATTTATCTGCGGGATACGCCGGCGAGCATGGCCGAGCGAAATCAGCAAATCGCCGGGATCGGCGCGGCGCTGATCGAGCACTGGCAACGCTAA	ATGCGTTATATTCGCCTGTGTATTATCTCCCTGTTAGCCACCCTGCCGCTGGCG...TAA	861	24	884	861.0	5151-	ATGCGTTATATTCGCCTGTGTATTATCTCCCTGTTAGCCACCCTGCCGCTGGCGGTACACGCCAGCCCGCAGCCGCTTGAGCAAATTAAACAAAGCGAAAGCCAGCTGTCGGGCCGCGTAGGCATGATAGAAATGGATCTGGCCAGCGGCCGCACGCTGACCGCCTGGCGCGCCGATGAACGCTTTCCCATGATGAGCACCTTTAAAGTAGTGCTCTGCGGCGCAGTGCTGGCGCGGGTGGATGCCGGTGACGAACAGCTGGAGCGAAAGATCCACTATCGCCAGCAGGATCTGGTGGACTACTCGCCGGTCAGCGAAAAACACCTTGCCGACGGCATGACGGTCGGCGAACTCTGCGCCGCCGCCATTACCATGAGCGATAACAGCGCCGCCAATCTGCTGCTGGCCACCGTCGGCGGCCCCGCAGGATTGACTGCCTTTTTGCGCCAGATCGGCGACAACGTCACCCGCCTTGACCGCTGGGAAACGGAACTGAATGAGGCGCTTCCCGGCGACGCCCGCGACACCACTACCCCGGCCAGCATGGCCGCGACCCTGCGCAAGCTGCTGACCAGCCAGCGTCTGAGCGCCCGTTCGCAACGGCAGCTGCTGCAGTGGATGGTGGACGATCGGGTCGCCGGACCGTTGATCCGCTCCGTGCTGCCGGCGGGCTGGTTTATCGCCGATAAGACCGGAGCTAGCAAGCGGGGTGCGCGCGGGATTGTCGCCCTGCTTGGCCCGAATAACAAAGCAGAGCGCATCGTGGTGATTTATCTGCGGGATACGCCGGCGAGCATGGCCGAGCGAAATCAGCAAATCGCCGGGATCGGCGCGGCGCTGATCGAGCACTGGCAACGCTAA	ATGCGTTATATTCGCCTGTGTATTATCTCCCTGTTAGCCACCCTGCCGCTGGCG...TAA	861	5151	24	884	True	True	True
4	gb|AB551737|+|14-875|ARO:3001177|SHV-133	ATGCGTTATATTCGCCTGTGTATTATCTCCCTGTTAGCCACCCTGCCGCTGGCG...TAA	861	(24) 5151- (884)	24	884	ATGCGTTATATTCGCCTGTGTATTATCTCCCTGTTAGCCACCCTGCCGCTGGCGGTACACGCCAGCCCGCAGCCGCTTGAGCAAATTAAACAAAGCGAAAGCCAGCTGTCGGGCCGCGTAGGCATGATAGAAATGGATCTGGCCAGCGGCCGCACGCTGACCGCCTGGCGCGCCGATGAACGCTTTCCCATGATGAGCACCTTTAAAGTAGTGCTCTGCGGCGCAGTGCTGGCGCGGGTGGATGCCGGTGACGAACAGCTGGAGCGAAAGATCCACTATCGCCAGCAGGATCTGGTGGACTACTCGCCGGTCAGCGAAAAACACCTTGCCGACGGCATGACGGTCGGCGAACTCTGCGCCGCCGCCATTACCATGAGCGATAACAGCGCCGCCAATCTGCTGCTGGCCACCGTCGGCGGCCCCGCAGGATTGACTGCCTTTTTGCGCCAGATCGGCGACAACGTCACCCGCCTTGACCGCTGGGAAACGGAACTGAATGAGGCGCTTCCCGGCGACGCCCGCGACACCACTACCCCGGCCAGCATGGCCGCGACCCTGCGCAAGCTGCTGACCAGCCAGCGTCTGAGCGCCCGTTCGCAACGGCAGCTGCTGCAGTGGATGGTGGACGATCGGGTCGCCGGACCGTTGATCCGCTCCGTGCTGCCGGCGGGCTGGTTTATCGCCGATAAGACCGGAGCTAGCAAGCGGGGTGCGCGCGGGATTGTCGCCCTGCTTGGCCCGAATAACAAAGCAGAGCGCATCGTGGTGATTTATCTGCGGGATACGCCGGCGAGCATGGCCGAGCGAAATCAGCAAATCGCCGGGATCGGCGCGGCGCTGATCGAGCACTGGCAACGCTAA	ATGCGTTATATTCGCCTGTGTATTATCTCCCTGTTAGCCACCCTGCCGCTGGCG...TAA	861	24	884	861.0	5151-	ATGCGTTATATTCGCCTGTGTATTATCTCCCTGTTAGCCACCCTGCCGCTGGCGGTACACGCCAGCCCGCAGCCGCTTGAGCAAATTAAACAAAGCGAAAGCCAGCTGTCGGGCCGCGTAGGCATGATAGAAATGGATCTGGCCAGCGGCCGCACGCTGACCGCCTGGCGCGCCGATGAACGCTTTCCCATGATGAGCACCTTTAAAGTAGTGCTCTGCGGCGCAGTGCTGGCGCGGGTGGATGCCGGTGACGAACAGCTGGAGCGAAAGATCCACTATCGCCAGCAGGATCTGGTGGACTACTCGCCGGTCAGCGAAAAACACCTTGCCGACGGCATGACGGTCGGCGAACTCTGCGCCGCCGCCATTACCATGAGCGATAACAGCGCCGCCAATCTGCTGCTGGCCACCGTCGGCGGCCCCGCAGGATTGACTGCCTTTTTGCGCCAGATCGGCGACAACGTCACCCGCCTTGACCGCTGGGAAACGGAACTGAATGAGGCGCTTCCCGGCGACGCCCGCGACACCACTACCCCGGCCAGCATGGCCGCGACCCTGCGCAAGCTGCTGACCAGCCAGCGTCTGAGCGCCCGTTCGCAACGGCAGCTGCTGCAGTGGATGGTGGACGATCGGGTCGCCGGACCGTTGATCCGCTCCGTGCTGCCGGCGGGCTGGTTTATCGCCGATAAGACCGGAGCTAGCAAGCGGGGTGCGCGCGGGATTGTCGCCCTGCTTGGCCCGAATAACAAAGCAGAGCGCATCGTGGTGATTTATCTGCGGGATACGCCGGCGAGCATGGCCGAGCGAAATCAGCAAATCGCCGGGATCGGCGCGGCGCTGATCGAGCACTGGCAACGCTAA	ATGCGTTATATTCGCCTGTGTATTATCTCCCTGTTAGCCACCCTGCCGCTGGCG...TAA	861	5151	24	884	True	True	True
5	gb|AB700703|+|161-1022|ARO:3001057|TEM-198	ATGAGTATTCAACATTTTCGTGTCGCCCTTATTCCCTTTTTTGCGGCATTTTGC...TAA	861	(37) 5967+ (897)	37	897	ATGAGTATTCAACATTTCCGTGTCGCCCTTATTCCCTTTTTTGCGGCATTTTGCCTTCCTGTTTTTGCTCACCCAGAAACGCTGGTGAAAGTAAAAGATGCTGAAGATCAGTTGGGTGCACGAGTGGGTTACATCGAACTGGATCTCAACAGCGGTAAGATCCTTGAGAGTTTTCGCCCCGAAGAACGTTTTCCAATGATGAGCACTTTTAAAGTTCTGCTATGTGGTGCGGTATTATCCCGTGTTGACGCCGGGCAAGAGCAACTCGGTCGCCGCATACACTATTCTCAGAATGACTTGGTTGAGTACTCACCAGTCACAGAAAAGCATCTTACGGATGGCATGACAGTAAGAGAATTATGCAGTGCTGCCATAACCATGAGTGATAACACTGCTGCCAACTTACTTCTGACAACGATCGGAGGACCGAAGGAGCTAACCGCTTTTTTGCACAACATGGGGGATCATGTAACTCGCCTTGATCGTTGGGAACCGGAGCTGAATGAAGCCATACCAAACGACGAGCGTGACACCACGATGCCTGCAGCAATGGCAACAACGTTGCGCAAACTATTAACTGGCGAACTACTTACTCTAGCTTCCCGGCAACAATTAATAGACTGGATGGAGGCGGATAAAGTTGCAGGACCACTTCTGCGCTCGGCCCTTCCGGCTGGCTGGTTTATTGCTGATAAATCTGGAGCCGGTGAGCGTGGGTCTCGCGGTATCATTGCAGCACTGGGGCCAGATGGTAAGCCCTCCCGTATCGTAGTTATCTACACGACGGGGAGTCAGGCAACTATGGATGAACGAAATAGACAGATCGCTGAGATAGGTGCCTCACTGATTAAGCATTGGTAA	ATGAGTATTCAACATTTTCGTGTCGCCCTTATTCCCTTTTTTGCGGCATTTTGC...TAA	861	37	897	861.0	5967+	ATGAGTATTCAACATTTCCGTGTCGCCCTTATTCCCTTTTTTGCGGCATTTTGCCTTCCTGTTTTTGCTCACCCAGAAACGCTGGTGAAAGTAAAAGATGCTGAAGATCAGTTGGGTGCACGAGTGGGTTACATCGAACTGGATCTCAACAGCGGTAAGATCCTTGAGAGTTTTCGCCCCGAAGAACGTTTTCCAATGATGAGCACTTTTAAAGTTCTGCTATGTGGTGCGGTATTATCCCGTGTTGACGCCGGGCAAGAGCAACTCGGTCGCCGCATACACTATTCTCAGAATGACTTGGTTGAGTACTCACCAGTCACAGAAAAGCATCTTACGGATGGCATGACAGTAAGAGAATTATGCAGTGCTGCCATAACCATGAGTGATAACACTGCTGCCAACTTACTTCTGACAACGATCGGAGGACCGAAGGAGCTAACCGCTTTTTTGCACAACATGGGGGATCATGTAACTCGCCTTGATCGTTGGGAACCGGAGCTGAATGAAGCCATACCAAACGACGAGCGTGACACCACGATGCCTGCAGCAATGGCAACAACGTTGCGCAAACTATTAACTGGCGAACTACTTACTCTAGCTTCCCGGCAACAATTAATAGACTGGATGGAGGCGGATAAAGTTGCAGGACCACTTCTGCGCTCGGCCCTTCCGGCTGGCTGGTTTATTGCTGATAAATCTGGAGCCGGTGAGCGTGGGTCTCGCGGTATCATTGCAGCACTGGGGCCAGATGGTAAGCCCTCCCGTATCGTAGTTATCTACACGACGGGGAGTCAGGCAACTATGGATGAACGAAATAGACAGATCGCTGAGATAGGTGCCTCACTGATTAAGCATTGGTAA	ATGAGTATTCAACATTTTCGTGTCGCCCTTATTCCCTTTTTTGCGGCATTTTGC...TAA	861	5967	37	897	True	True	True
6	gb|AB733453|+|3-849|ARO:3001204|SHV-167	ATGCGTTATATTCGCCTGTGTATTATCTCCCTGTTAGCCACCCTGCCGCTGGCG...GAG	846	(24) 5151- (869)	24	869	ATGCGTTATATTCGCCTGTGTATTATCTCCCTGTTAGCCACCCTGCCGCTGGCGGTACACGCCAGCCCGCAGCCGCTTGAGCAAATTAAACAAAGCGAAAGCCAGCTGTCGGGCCGCGTAGGCATGATAGAAATGGATCTGGCCAGCGGCCGCACGCTGACCGCCTGGCGCGCCGATGAACGCTTTCCCATGATGAGCACCTTTAAAGTAGTGCTCTGCGGCGCAGTGCTGGCGCGGGTGGATGCCGGTGACGAACAGCTGGAGCGAAAGATCCACTATCGCCAGCAGGATCTGGTGGACTACTCGCCGGTCAGCGAAAAACACCTTGCCGACGGCATGACGGTCGGCGAACTCTGCGCCGCCGCCATTACCATGAGCGATAACAGCGCCGCCAATCTGCTGCTGGCCACCGTCGGCGGCCCCGCAGGATTGACTGCCTTTTTGCGCCAGATCGGCGACAACGTCACCCGCCTTGACCGCTGGGAAACGGAACTGAATGAGGCGCTTCCCGGCGACGCCCGCGACACCACTACCCCGGCCAGCATGGCCGCGACCCTGCGCAAGCTGCTGACCAGCCAGCGTCTGAGCGCCCGTTCGCAACGGCAGCTGCTGCAGTGGATGGTGGACGATCGGGTCGCCGGACCGTTGATCCGCTCCGTGCTGCCGGCGGGCTGGTTTATCGCCGATAAGACCGGAGCTAGCAAGCGGGGTGCGCGCGGGATTGTCGCCCTGCTTGGCCCGAATAACAAAGCAGAGCGCATCGTGGTGATTTATCTGCGGGATACGCCGGCGAGCATGGCCGAGCGAAATCAGCAAATCGCCGGGATCGGCGCGGCGCTGATCGAG	ATGCGTTATATTCGCCTGTGTATTATCTCCCTGTTAGCCACCCTGCCGCTGGCG...GAG	846	24	869	846.0	5151-	ATGCGTTATATTCGCCTGTGTATTATCTCCCTGTTAGCCACCCTGCCGCTGGCGGTACACGCCAGCCCGCAGCCGCTTGAGCAAATTAAACAAAGCGAAAGCCAGCTGTCGGGCCGCGTAGGCATGATAGAAATGGATCTGGCCAGCGGCCGCACGCTGACCGCCTGGCGCGCCGATGAACGCTTTCCCATGATGAGCACCTTTAAAGTAGTGCTCTGCGGCGCAGTGCTGGCGCGGGTGGATGCCGGTGACGAACAGCTGGAGCGAAAGATCCACTATCGCCAGCAGGATCTGGTGGACTACTCGCCGGTCAGCGAAAAACACCTTGCCGACGGCATGACGGTCGGCGAACTCTGCGCCGCCGCCATTACCATGAGCGATAACAGCGCCGCCAATCTGCTGCTGGCCACCGTCGGCGGCCCCGCAGGATTGACTGCCTTTTTGCGCCAGATCGGCGACAACGTCACCCGCCTTGACCGCTGGGAAACGGAACTGAATGAGGCGCTTCCCGGCGACGCCCGCGACACCACTACCCCGGCCAGCATGGCCGCGACCCTGCGCAAGCTGCTGACCAGCCAGCGTCTGAGCGCCCGTTCGCAACGGCAGCTGCTGCAGTGGATGGTGGACGATCGGGTCGCCGGACCGTTGATCCGCTCCGTGCTGCCGGCGGGCTGGTTTATCGCCGATAAGACCGGAGCTAGCAAGCGGGGTGCGCGCGGGATTGTCGCCCTGCTTGGCCCGAATAACAAAGCAGAGCGCATCGTGGTGATTTATCTGCGGGATACGCCGGCGAGCATGGCCGAGCGAAATCAGCAAATCGCCGGGATCGGCGCGGCGCTGATCGAG	ATGCGTTATATTCGCCTGTGTATTATCTCCCTGTTAGCCACCCTGCCGCTGGCG...GAG	846	5151	24	869	True	True	True
7	gb|AF024602|+|3155-3992|ARO:3002660|APH(6)-Id	ATGTTCATGCCGCCTGTTTTTCCTGCTCATTGGCACGTTTCGCAACCTGTTCTC...TAG	837	(836) 5093+ (1672)	836	1672	ATGTTCATGCCGCCTGTTTTTCCTGCTCATTGGCACGTTTCGCAACCTGTTCTCATTGCGGACACCTTTTCCAGCCTCGTTTGGAAAGTTTCATTGCCAGACGGGACTCCTGCAATCGTCAAGGGATTGAAACCTATAAAAGACATTGCTGATGAACTGCGCGGGGCCGACTATCTGGTATGGCGCAATGGGAGGGGAGCAGTCCGGTTGCTCGGTCGTGAGAACAATCTGATGTTGCTCGAATATGCCGGGGAGCGAATGCTCTCTCACATCGTTGCCGAGCACGGCGACTACCAGGCGACCGAAATTGCAGCGGAACTAATGGCGAAGCTGTATGCCGCATCTGAGGAACCCCTGCCTTCTGCCCTTCTCCCGATCCGGGATCGCTTTGCAGCTTTGTTTCAGCGGGCGCGCGATGATCAAAACGCAGGTTGTCAAACTGACTACGTCCACGCGGCGATTATAGCCGATCAAATGATGAGCAATGCCTCGGAACTGCGTGGGCTACATGGCGATCTGCATCATGAAAACATCATGTTCTCCAGTCGCGGCTGGCTGGTGATAGATCCCGTCGGTCTGGTCGGTGAAGTGGGCTTTGGCGCCGCCAATATGTTCTACGATCCGGCTGACAGAGACGACCTTTGTCTCGATCCTAGACGCATTGCACAGATGGCGGACGCATTCTCTCGTGCGCTGGACGTCGATCCGCGTCGCCTGCTCGACCAGGCGTACGCTTATGGGTGCCTTTCCGCAGCTTGGAACGCGGATGGAGAAGAGGAGCAACGCGATCTAGCTATCGCGGCCGCGATCAAGCAGGTGCGACAGACGTCATACTAG	ATGTTCATGCCGCCTGTTTTTCCTGCTCATTGGCACGTTTCGCAACCTGTTCTC...TAG	837	836	1672	837.0	5093+	ATGTTCATGCCGCCTGTTTTTCCTGCTCATTGGCACGTTTCGCAACCTGTTCTCATTGCGGACACCTTTTCCAGCCTCGTTTGGAAAGTTTCATTGCCAGACGGGACTCCTGCAATCGTCAAGGGATTGAAACCTATAAAAGACATTGCTGATGAACTGCGCGGGGCCGACTATCTGGTATGGCGCAATGGGAGGGGAGCAGTCCGGTTGCTCGGTCGTGAGAACAATCTGATGTTGCTCGAATATGCCGGGGAGCGAATGCTCTCTCACATCGTTGCCGAGCACGGCGACTACCAGGCGACCGAAATTGCAGCGGAACTAATGGCGAAGCTGTATGCCGCATCTGAGGAACCCCTGCCTTCTGCCCTTCTCCCGATCCGGGATCGCTTTGCAGCTTTGTTTCAGCGGGCGCGCGATGATCAAAACGCAGGTTGTCAAACTGACTACGTCCACGCGGCGATTATAGCCGATCAAATGATGAGCAATGCCTCGGAACTGCGTGGGCTACATGGCGATCTGCATCATGAAAACATCATGTTCTCCAGTCGCGGCTGGCTGGTGATAGATCCCGTCGGTCTGGTCGGTGAAGTGGGCTTTGGCGCCGCCAATATGTTCTACGATCCGGCTGACAGAGACGACCTTTGTCTCGATCCTAGACGCATTGCACAGATGGCGGACGCATTCTCTCGTGCGCTGGACGTCGATCCGCGTCGCCTGCTCGACCAGGCGTACGCTTATGGGTGCCTTTCCGCAGCTTGGAACGCGGATGGAGAAGAGGAGCAACGCGATCTAGCTATCGCGGCCGCGATCAAGCAGGTGCGACAGACGTCATACTAG	ATGTTCATGCCGCCTGTTTTTCCTGCTCATTGGCACGTTTCGCAACCTGTTCTC...TAG	837	5093	836	1672	True	True	True
8	gb|AF043381|+|251-863|ARO:3002580|AAC(6')-Ib9	ATGTTACGCAGCAGCAGTCGCCCTAAAACAAAGTTAGGCATCACAAAGTACAGC...TAA	612	(56) 7593+ (642)	56	642	AAACAAAGTTAGGCATCACAAAGTACAGCATCGTGACCAACAGCAACGATTCCGTCACACTGCGCCTCATGACTGAGCATGACCTTGCGATGCTCTATGAGTGGCTAAATCGATCTCATATCGTCGAGTGGTGGGGCGGAGAAGAAGCACGCCCGACACTTGCTGACGTACAGGAACAGTACTTGCCAAGCGTTTTAGCGCAAGAGTCCGTCACTCCATACATTGCAATGCTGAATGGAGAGCCGATTGGGTATGCCCAGTCGTACGTTGCTCTTGGAAGCGGGGACGGATGGTGGGAAGAAGAAACCGATCCAGGAGTACGCGGAATAGACCAGTTACTGGCGAATGCATCACAACTGGGCAAAGGCTTGGGAACCAAGCTGGTTCGAGCTCTGGTTGAGTTGCTGTTCAATGATCCCGAGGTCACCAAGATCCAAACGGACCCGTCGCCGAGCAACTTGCGAGCGATCCGATGCTACGAGAAAGCGGGGTTTGAGAGGCAAGGTACCGTAACCACCCCAGATGGTCCAGCCGTGTACATGGTTCAAACACGCCAGGCATTCGAGCGAACACGCAGTGTTGCCTAA	ATGTTACGCAGCAGCAGTCGCCCTAAAACAAAGTTAGGCATCACAAAGTACAGC...TAA	612	40	642	612.0	7593+	AGTATTCAACATTTCCAAACAAAGTTAGGCATCACAAAGTACAGCATCGTGACCAACAGCAACGATTCCGTCACACTGCGCCTCATGACTGAGCATGACCTTGCGATGCTCTATGAGTGGCTAAATCGATCTCATATCGTCGAGTGGTGGGGCGGAGAAGAAGCACGCCCGACACTTGCTGACGTACAGGAACAGTACTTGCCAAGCGTTTTAGCGCAAGAGTCCGTCACTCCATACATTGCAATGCTGAATGGAGAGCCGATTGGGTATGCCCAGTCGTACGTTGCTCTTGGAAGCGGGGACGGATGGTGGGAAGAAGAAACCGATCCAGGAGTACGCGGAATAGACCAGTTACTGGCGAATGCATCACAACTGGGCAAAGGCTTGGGAACCAAGCTGGTTCGAGCTCTGGTTGAGTTGCTGTTCAATGATCCCGAGGTCACCAAGATCCAAACGGACCCGTCGCCGAGCAACTTGCGAGCGATCCGATGCTACGAGAAAGCGGGGTTTGAGAGGCAAGGTACCGTAACCACCCCAGATGGTCCAGCCGTGTACATGGTTCAAACACGCCAGGCATTCGAGCGAACACGCAGTGTTGCCTAA	ATGTTACGCAGCAGCAGTCGCCCTAAAACAAAGTTAGGCATCACAAAGTACAGC...TAA	612	7593	56	642	False	True	False
9	gb|AF047171|+|135-996|ARO:3000929|TEM-60	ATGAGTATTCAACATTTCCGTGTCGCCCTTATTCCCTTTTTTGCGGCATTTTGC...TAA	861	(37) 5967+ (897)	37	897	ATGAGTATTCAACATTTCCGTGTCGCCCTTATTCCCTTTTTTGCGGCATTTTGCCTTCCTGTTTTTGCTCACCCAGAAACGCTGGTGAAAGTAAAAGATGCTGAAGATCAGTTGGGTGCACGAGTGGGTTACATCGAACTGGATCTCAACAGCGGTAAGATCCTTGAGAGTTTTCGCCCCGAAGAACGTTTTCCAATGATGAGCACTTTTAAAGTTCTGCTATGTGGTGCGGTATTATCCCGTGTTGACGCCGGGCAAGAGCAACTCGGTCGCCGCATACACTATTCTCAGAATGACTTGGTTGAGTACTCACCAGTCACAGAAAAGCATCTTACGGATGGCATGACAGTAAGAGAATTATGCAGTGCTGCCATAACCATGAGTGATAACACTGCTGCCAACTTACTTCTGACAACGATCGGAGGACCGAAGGAGCTAACCGCTTTTTTGCACAACATGGGGGATCATGTAACTCGCCTTGATCGTTGGGAACCGGAGCTGAATGAAGCCATACCAAACGACGAGCGTGACACCACGATGCCTGCAGCAATGGCAACAACGTTGCGCAAACTATTAACTGGCGAACTACTTACTCTAGCTTCCCGGCAACAATTAATAGACTGGATGGAGGCGGATAAAGTTGCAGGACCACTTCTGCGCTCGGCCCTTCCGGCTGGCTGGTTTATTGCTGATAAATCTGGAGCCGGTGAGCGTGGGTCTCGCGGTATCATTGCAGCACTGGGGCCAGATGGTAAGCCCTCCCGTATCGTAGTTATCTACACGACGGGGAGTCAGGCAACTATGGATGAACGAAATAGACAGATCGCTGAGATAGGTGCCTCACTGATTAAGCATTGGTAA	ATGAGTATTCAACATTTCCGTGTCGCCCTTATTCCCTTTTTTGCGGCATTTTGC...TAA	861	1000	999	999.0	999	999	ATGAGTATTCAACATTTCCGTGTCGCCCTTATTCCCTTTTTTGCGGCATTTTGC...TAA	861	5967	37	897	False	True	False
10	gb|AF047479|+|1295-2087|ARO:3002603|aadA3	ATGAGGGTAGCGGTGACCATCGAAATTTCGAACCAACTATCAGAGGTGCTAAGC...TAA	792	{(1688) 7591+ (2477) , (712) 7593+ (1500)}	{1688, 712}	{2477, 1500}	{ATGAGGGTAGCGGTGACCATCGAAATTTCGAACCAACTATCAGAGGTGCTAAGCGTCATTGAGCGCCATCTGGAATCAACGTTGCTGGCCGTGCATTTGTACGGCTCCGCAGTGGATGGCGGCCTGAAGCCATACAGCGATATTGATTTGTTGGTTACTGTGGCCGTAAAGCTTGATGAAACGACGCGGCGAGCATTGCTCAATGACCTTATGGAGGCTTCGGCTTTCCCTGGCGAGAGCGAGACGCTCCGCGCTATAGAAGTCACCCTTGTCGTGCATGACGACATCATCCCGTGGCGTTATCCGGCTAAGCGCGAGCTGCAATTTGGAGAATGGCAGCGCAATGACATTCTTGCGGGTATCTTCGAGCCAGCCATGATCGACATTGATCTAGCTATCCTGCTTACAAAAGCAAGAGAACATAGCGTTGCCTTGGTAGGTCCGGCAGCGGAGGAATTCTTTGACCCGGTTCCTGAACAGGATCTATTCGAGGCGCTGAGGGAAACCTTGAAGCTATGGAACTCGCAGCCCGACTGGGCCGGCGATGAGCGAAATGTAGTGCTTACGTTGTCCCGCATTTGGTACAGCGCAATAACCGGCAAAATCGCGCCGAAGGATGTCGCTGCCGACTGGGCAATAAAACGCCTACCTGCCCAGTATCAGCCCGTCTTACTTGAAGCTAAGCAAGCTTATCTGGGACAAAAAGAAGATCACTTGGCCTCACGCGCAGATCACTTGGAAGAATTTATTCGCTTTGTGAAAGGCGAGATCATCAAGTCAGTTGGTAAAT, ATGAGGGAAGCGGTGATCGCCGAAGTATCGACTCAACTATCAGAGGTAGTTGGCGTCATCGAGCGCCATCTCGAACCGACGTTGCTGGCCGTACATTTGTACGGCTCCGCAGTGGATGGCGGCCTGAAGCCACACAGTGATATTGATTTGCTGGTTACGGTGACCGTAAGGCTTGATGAAACAACGCGGCGAGCTTTGATCAACGACCTTTTGGAAACTTCGGCTTCCCCTGGAGAGAGCGAGATTCTCCGCGCTGTAGAAGTCACCATTGTTGTGCACGACGACATCATTCCGTGGCGTTATCCAGCTAAGCGCGAACTGCAATTTGGAGAATGGCAGCGCAATGACATTCTTGCAGGTATCTTCGAGCCAGCCACGATCGACATTGATCTGGCTATCTTGCTGACAAAAGCAAGAGAACATAGCGTTGCCTTGGTAGGTCCAGCGGCGGAGGAACTCTTTGATCCGGTTCCTGAACAGGATCTATTTGAGGCGCTAAATGAAACCTTAACGCTATGGAACTCGCCGCCCGACTGGGCTGGCGATGAGCGAAATGTAGTGCTTACGTTGTCCCGCATTTGGTACAGCGCAGTAACCGGCAAAATCGCGCCGAAGGATGTCGCTGCCGACTGGGCAATGGAGCGCCTGCCGGCCCAGTATCAGCCCGTCATACTTGAAGCTAGGCAGGCTTATCTTGGACAAGAAGATCGCTTGGCCTCGCGCGCAGATCAGTTGGAAGAATTTGTTCACTACGTGAAAGGCGAGATCACCAAGGTAGTCGGCAAATAA}	ATGAGGGTAGCGGTGACCATCGAAATTTCGAACCAACTATCAGAGGTGCTAAGC...TAA	792	1688	2479	792.0	7591+	ATGAGGGTAGCGGTGACCATCGAAATTTCGAACCAACTATCAGAGGTGCTAAGCGTCATTGAGCGCCATCTGGAATCAACGTTGCTGGCCGTGCATTTGTACGGCTCCGCAGTGGATGGCGGCCTGAAGCCATACAGCGATATTGATTTGTTGGTTACTGTGGCCGTAAAGCTTGATGAAACGACGCGGCGAGCATTGCTCAATGACCTTATGGAGGCTTCGGCTTTCCCTGGCGAGAGCGAGACGCTCCGCGCTATAGAAGTCACCCTTGTCGTGCATGACGACATCATCCCGTGGCGTTATCCGGCTAAGCGCGAGCTGCAATTTGGAGAATGGCAGCGCAATGACATTCTTGCGGGTATCTTCGAGCCAGCCATGATCGACATTGATCTAGCTATCCTGCTTACAAAAGCAAGAGAACATAGCGTTGCCTTGGTAGGTCCGGCAGCGGAGGAATTCTTTGACCCGGTTCCTGAACAGGATCTATTCGAGGCGCTGAGGGAAACCTTGAAGCTATGGAACTCGCAGCCCGACTGGGCCGGCGATGAGCGAAATGTAGTGCTTACGTTGTCCCGCATTTGGTACAGCGCAATAACCGGCAAAATCGCGCCGAAGGATGTCGCTGCCGACTGGGCAATAAAACGCCTACCTGCCCAGTATCAGCCCGTCTTACTTGAAGCTAAGCAAGCTTATCTGGGACAAAAAGAAGATCACTTGGCCTCACGCGCAGATCACTTGGAAGAATTTATTCGCTTTGTGAAAGGCGAGATCATCAAGTCAGTTGGTAAATGA	ATGAGGGTAGCGGTGACCATCGAAATTTCGAACCAACTATCAGAGGTGCTAAGC...TAA	792	7591	1688	2477	False	False	False
11	gb|AF062386|+|30-862|ARO:3000928|TEM-59	ATGAGTATTCAACATTTCCGTGTCGCCCTTATTCCCTTTTTTGCGGCATTTTGC...GAG	831	(37) 5967+ (867)	37	867	ATGAGTATTCAACATTTCCGTGTCGCCCTTATTCCCTTTTTTGCGGCATTTTGCCTTCCTGTTTTTGCTCACCCAGAAACGCTGGTGAAAGTAAAAGATGCTGAAGATCAGTTGGGTGCACGAGTGGGTTACATCGAACTGGATCTCAACAGCGGTAAGATCCTTGAGAGTTTTCGCCCCGAAGAACGTTTTCCAATGATGAGCACTTTTAAAGTTCTGCTATGTGGTGCGGTATTATCCCGTGTTGACGCCGGGCAAGAGCAACTCGGTCGCCGCATACACTATTCTCAGAATGACTTGGTTGAGTACTCACCAGTCACAGAAAAGCATCTTACGGATGGCATGACAGTAAGAGAATTATGCAGTGCTGCCATAACCATGAGTGATAACACTGCTGCCAACTTACTTCTGACAACGATCGGAGGACCGAAGGAGCTAACCGCTTTTTTGCACAACATGGGGGATCATGTAACTCGCCTTGATCGTTGGGAACCGGAGCTGAATGAAGCCATACCAAACGACGAGCGTGACACCACGATGCCTGCAGCAATGGCAACAACGTTGCGCAAACTATTAACTGGCGAACTACTTACTCTAGCTTCCCGGCAACAATTAATAGACTGGATGGAGGCGGATAAAGTTGCAGGACCACTTCTGCGCTCGGCCCTTCCGGCTGGCTGGTTTATTGCTGATAAATCTGGAGCCGGTGAGCGTGGGTCTCGCGGTATCATTGCAGCACTGGGGCCAGATGGTAAGCCCTCCCGTATCGTAGTTATCTACACGACGGGGAGTCAGGCAACTATGGATGAACGAAATAGACAGATCGCTGAG	ATGAGTATTCAACATTTCCGTGTCGCCCTTATTCCCTTTTTTGCGGCATTTTGC...GAG	831	1000	999	999.0	999	999	ATGAGTATTCAACATTTCCGTGTCGCCCTTATTCCCTTTTTTGCGGCATTTTGC...GAG	831	5967	37	867	False	True	False
12	gb|AF072684|+|117-993|ARO:3001075|SHV-16	ATGCGTTATATTCGCCTGTGTATTATCTCCCTGTTAGCCACCCTGCCGCTGGCG...TAA	876	(24) 5151- (884)	24	884	ATGCGTTATATTCGCCTGTGTATTATCTCCCTGTTAGCCACCCTGCCGCTGGCGGTACACGCCAGCCCGCAGCCGCTTGAGCAAATTAAACAAAGCGAAAGCCAGCTGTCGGGCCGCGTAGGCATGATAGAAATGGATCTGGCCAGCGGCCGCACGCTGACCGCCTGGCGCGCCGATGAACGCTTTCCCATGATGAGCACCTTTAAAGTAGTGCTCTGCGGCGCAGTGCTGGCGCGGGTGGATGCCGGTGACGAACAGCTGGAGCGAAAGATCCACTATCGCCAGCAGGATCTGGTGGACTACTCGCCGGTCAGCGAAAAACACCTTGCCGACGGCATGACGGTCGGCGAACTCTGCGCCGCCGCCATTACCATGAGCGATAACAGCGCCGCCAATCTGCTGCTGGCCACCGTCGGCGGCCCCGCAGGATTGACTGCCTTTTTGCGCCAGATCGGCGACAACGTCACCCGCCTTGACCGCTGGGAAACGGAACTGAATGAGGCGCTTCCCGGCGACGCCCGCGACACCACTACCCCGGCCAGCATGGCCGCGACCCTGCGCAAGCTGCTGACCAGCCAGCGTCTGAGCGCCCGTTCGCAACGGCAGCTGCTGCAGTGGATGGTGGACGATCGGGTCGCCGGACCGTTGATCCGCTCCGTGCTGCCGGCGGGCTGGTTTATCGCCGATAAGACCGGAGCTAGCAAGCGGGGTGCGCGCGGGATTGTCGCCCTGCTTGGCCCGAATAACAAAGCAGAGCGCATCGTGGTGATTTATCTGCGGGATACGCCGGCGAGCATGGCCGAGCGAAATCAGCAAATCGCCGGGATCGGCGCGGCGCTGATCGAGCACTGGCAACGCTAA	ATGCGTTATATTCGCCTGTGTATTATCTCCCTGTTAGCCACCCTGCCGCTGGCG...TAA	876	24	884	876.0	5151-	ATGCGTTATATTCGCCTGTGTATTATCTCCCTGTTAGCCACCCTGCCGCTGGCGGTACACGCCAGCCCGCAGCCGCTTGAGCAAATTAAACAAAGCGAAAGCCAGCTGTCGGGCCGCGTAGGCATGATAGAAATGGATCTGGCCAGCGGCCGCACGCTGACCGCCTGGCGCGCCGATGAACGCTTTCCCATGATGAGCACCTTTAAAGTAGTGCTCTGCGGCGCAGTGCTGGCGCGGGTGGATGCCGGTGACGAACAGCTGGAGCGAAAGATCCACTATCGCCAGCAGGATCTGGTGGACTACTCGCCGGTCAGCGAAAAACACCTTGCCGACGGCATGACGGTCGGCGAACTCTGCGCCGCCGCCATTACCATGAGCGATAACAGCGCCGCCAATCTGCTGCTGGCCACCGTCGGCGGCCCCGCAGGATTGACTGCCTTTTTGCGCCAGATCGGCGACAACGTCACCCGCCTTGACCGCTGGGAAACGGAACTGAATGAGGCGCTTCCCGGCGACGCCCGCGACACCACTACCCCGGCCAGCATGGCCGCGACCCTGCGCAAGCTGCTGACCAGCCAGCGTCTGAGCGCCCGTTCGCAACGGCAGCTGCTGCAGTGGATGGTGGACGATCGGGTCGCCGGACCGTTGATCCGCTCCGTGCTGCCGGCGGGCTGGTTTATCGCCGATAAGACCGGAGCTAGCAAGCGGGGTGCGCGCGGGATTGTCGCCCTGCTTGGCCCGAATAACAAAGCAGAGCGCATCGTGGTGATTTATCTGCGGGATACGCCGGCGAGCATGGCCGAGCGAAATCAGCAAATCGCCGGGATCGGCGCGGCGCTGATCGAGCACTGGCAACGCTAA	ATGCGTTATATTCGCCTGTGTATTATCTCCCTGTTAGCCACCCTGCCGCTGGCG...TAA	876	5151	24	884	True	True	True
13	gb|AF078527|+|3769-4303|ARO:3000230|ANT(2'')-Ia	ATGGACACAACGCAGGTCACATTGATACACAAAATTCTAGCTGCGGCAGATGAG...TAA	534	(67) 20959+ (600)	67	600	ATGGACACAACGCAGGTCACATTGATACACAAAATTCTAGCTGCGGCAGATGAGCGAAATCTGCCGCTCTGGATCGGTGGGGGCTGGGCGATCGATGCACGGCTAGGGCGTGTAACACGCAAGCACGATGATATTGATCTGACGTTTCCCGGCGAGAGGCGCGGCGAGCTCGAGGCAATAGTTGAAATGCTCGGCGGGCGCGTCATGGAGGAGTTGGACTATGGATTCTTAGCGGAGATCGGGGATGAGTTACTTGACTGCGAACCTGCTTGGTGGGCAGACGAAGCGTATGAAATCGCGGAGGCTCCGCAGGGCTCGTGCCCAGAGGCGGCTGAGGGCGTCATCGCCGGGCGGCCAGTCCGTTGTAACAGCTGGGAGGCGATCATCTGGGATTACTTTTACTATGCCGATGAAGTACCACCAGTGGACTGGCCTACAAAGCACATAGAGTCCTACAGGCTCGCATGCACCTCACTCGGGGCGGAAAAGGTTGAGGTCTTGCGTGCCGCTTTCAGGTCGCGATATGCGGCCTAA	ATGGACACAACGCAGGTCACATTGATACACAAAATTCTAGCTGCGGCAGATGAG...TAA	534	67	600	534.0	20959+	ATGGACACAACGCAGGTCACATTGATACACAAAATTCTAGCTGCGGCAGATGAGCGAAATCTGCCGCTCTGGATCGGTGGGGGCTGGGCGATCGATGCACGGCTAGGGCGTGTAACACGCAAGCACGATGATATTGATCTGACGTTTCCCGGCGAGAGGCGCGGCGAGCTCGAGGCAATAGTTGAAATGCTCGGCGGGCGCGTCATGGAGGAGTTGGACTATGGATTCTTAGCGGAGATCGGGGATGAGTTACTTGACTGCGAACCTGCTTGGTGGGCAGACGAAGCGTATGAAATCGCGGAGGCTCCGCAGGGCTCGTGCCCAGAGGCGGCTGAGGGCGTCATCGCCGGGCGGCCAGTCCGTTGTAACAGCTGGGAGGCGATCATCTGGGATTACTTTTACTATGCCGATGAAGTACCACCAGTGGACTGGCCTACAAAGCACATAGAGTCCTACAGGCTCGCATGCACCTCACTCGGGGCGGAAAAGGTTGAGGTCTTGCGTGCCGCTTTCAGGTCGCGATATGCGGCCTAA	ATGGACACAACGCAGGTCACATTGATACACAAAATTCTAGCTGCGGCAGATGAG...TAA	534	20959	67	600	True	True	True
14	gb|AF091113|+|450-1311|ARO:3000934|TEM-67	ATGAGTATTCAACATTTCCGTGTCGCCCTTATTCCCTTTTTTGCGGCATTTTGC...TAA	861	(37) 5967+ (897)	37	897	ATGAGTATTCAACATTTCCGTGTCGCCCTTATTCCCTTTTTTGCGGCATTTTGCCTTCCTGTTTTTGCTCACCCAGAAACGCTGGTGAAAGTAAAAGATGCTGAAGATCAGTTGGGTGCACGAGTGGGTTACATCGAACTGGATCTCAACAGCGGTAAGATCCTTGAGAGTTTTCGCCCCGAAGAACGTTTTCCAATGATGAGCACTTTTAAAGTTCTGCTATGTGGTGCGGTATTATCCCGTGTTGACGCCGGGCAAGAGCAACTCGGTCGCCGCATACACTATTCTCAGAATGACTTGGTTGAGTACTCACCAGTCACAGAAAAGCATCTTACGGATGGCATGACAGTAAGAGAATTATGCAGTGCTGCCATAACCATGAGTGATAACACTGCTGCCAACTTACTTCTGACAACGATCGGAGGACCGAAGGAGCTAACCGCTTTTTTGCACAACATGGGGGATCATGTAACTCGCCTTGATCGTTGGGAACCGGAGCTGAATGAAGCCATACCAAACGACGAGCGTGACACCACGATGCCTGCAGCAATGGCAACAACGTTGCGCAAACTATTAACTGGCGAACTACTTACTCTAGCTTCCCGGCAACAATTAATAGACTGGATGGAGGCGGATAAAGTTGCAGGACCACTTCTGCGCTCGGCCCTTCCGGCTGGCTGGTTTATTGCTGATAAATCTGGAGCCGGTGAGCGTGGGTCTCGCGGTATCATTGCAGCACTGGGGCCAGATGGTAAGCCCTCCCGTATCGTAGTTATCTACACGACGGGGAGTCAGGCAACTATGGATGAACGAAATAGACAGATCGCTGAGATAGGTGCCTCACTGATTAAGCATTGGTAA	ATGAGTATTCAACATTTCCGTGTCGCCCTTATTCCCTTTTTTGCGGCATTTTGC...TAA	861	1000	999	999.0	999	999	ATGAGTATTCAACATTTCCGTGTCGCCCTTATTCCCTTTTTTGCGGCATTTTGC...TAA	861	5967	37	897	False	True	False
15	gb|AF093512|+|197-1058|ARO:3000882|TEM-10	ATGAGTATTCAACATTTTCGTGTCGCCCTTATTCCCTTTTTTGCGGCATTTTGC...TAA	861	(37) 5967+ (897)	37	897	ATGAGTATTCAACATTTCCGTGTCGCCCTTATTCCCTTTTTTGCGGCATTTTGCCTTCCTGTTTTTGCTCACCCAGAAACGCTGGTGAAAGTAAAAGATGCTGAAGATCAGTTGGGTGCACGAGTGGGTTACATCGAACTGGATCTCAACAGCGGTAAGATCCTTGAGAGTTTTCGCCCCGAAGAACGTTTTCCAATGATGAGCACTTTTAAAGTTCTGCTATGTGGTGCGGTATTATCCCGTGTTGACGCCGGGCAAGAGCAACTCGGTCGCCGCATACACTATTCTCAGAATGACTTGGTTGAGTACTCACCAGTCACAGAAAAGCATCTTACGGATGGCATGACAGTAAGAGAATTATGCAGTGCTGCCATAACCATGAGTGATAACACTGCTGCCAACTTACTTCTGACAACGATCGGAGGACCGAAGGAGCTAACCGCTTTTTTGCACAACATGGGGGATCATGTAACTCGCCTTGATCGTTGGGAACCGGAGCTGAATGAAGCCATACCAAACGACGAGCGTGACACCACGATGCCTGCAGCAATGGCAACAACGTTGCGCAAACTATTAACTGGCGAACTACTTACTCTAGCTTCCCGGCAACAATTAATAGACTGGATGGAGGCGGATAAAGTTGCAGGACCACTTCTGCGCTCGGCCCTTCCGGCTGGCTGGTTTATTGCTGATAAATCTGGAGCCGGTGAGCGTGGGTCTCGCGGTATCATTGCAGCACTGGGGCCAGATGGTAAGCCCTCCCGTATCGTAGTTATCTACACGACGGGGAGTCAGGCAACTATGGATGAACGAAATAGACAGATCGCTGAGATAGGTGCCTCACTGATTAAGCATTGGTAA	ATGAGTATTCAACATTTTCGTGTCGCCCTTATTCCCTTTTTTGCGGCATTTTGC...TAA	861	37	897	861.0	5967+	ATGAGTATTCAACATTTCCGTGTCGCCCTTATTCCCTTTTTTGCGGCATTTTGCCTTCCTGTTTTTGCTCACCCAGAAACGCTGGTGAAAGTAAAAGATGCTGAAGATCAGTTGGGTGCACGAGTGGGTTACATCGAACTGGATCTCAACAGCGGTAAGATCCTTGAGAGTTTTCGCCCCGAAGAACGTTTTCCAATGATGAGCACTTTTAAAGTTCTGCTATGTGGTGCGGTATTATCCCGTGTTGACGCCGGGCAAGAGCAACTCGGTCGCCGCATACACTATTCTCAGAATGACTTGGTTGAGTACTCACCAGTCACAGAAAAGCATCTTACGGATGGCATGACAGTAAGAGAATTATGCAGTGCTGCCATAACCATGAGTGATAACACTGCTGCCAACTTACTTCTGACAACGATCGGAGGACCGAAGGAGCTAACCGCTTTTTTGCACAACATGGGGGATCATGTAACTCGCCTTGATCGTTGGGAACCGGAGCTGAATGAAGCCATACCAAACGACGAGCGTGACACCACGATGCCTGCAGCAATGGCAACAACGTTGCGCAAACTATTAACTGGCGAACTACTTACTCTAGCTTCCCGGCAACAATTAATAGACTGGATGGAGGCGGATAAAGTTGCAGGACCACTTCTGCGCTCGGCCCTTCCGGCTGGCTGGTTTATTGCTGATAAATCTGGAGCCGGTGAGCGTGGGTCTCGCGGTATCATTGCAGCACTGGGGCCAGATGGTAAGCCCTCCCGTATCGTAGTTATCTACACGACGGGGAGTCAGGCAACTATGGATGAACGAAATAGACAGATCGCTGAGATAGGTGCCTCACTGATTAAGCATTGGTAA	ATGAGTATTCAACATTTTCGTGTCGCCCTTATTCCCTTTTTTGCGGCATTTTGC...TAA	861	5967	37	897	True	True	True
16	gb|AF104441|+|193-1054|ARO:3000922|TEM-53	ATGAGTATTCAACATTTCCGTGTCGCCCTTATTCCCTTTTTTGCGGCATTTTGC...TAA	861	(37) 5967+ (897)	37	897	ATGAGTATTCAACATTTCCGTGTCGCCCTTATTCCCTTTTTTGCGGCATTTTGCCTTCCTGTTTTTGCTCACCCAGAAACGCTGGTGAAAGTAAAAGATGCTGAAGATCAGTTGGGTGCACGAGTGGGTTACATCGAACTGGATCTCAACAGCGGTAAGATCCTTGAGAGTTTTCGCCCCGAAGAACGTTTTCCAATGATGAGCACTTTTAAAGTTCTGCTATGTGGTGCGGTATTATCCCGTGTTGACGCCGGGCAAGAGCAACTCGGTCGCCGCATACACTATTCTCAGAATGACTTGGTTGAGTACTCACCAGTCACAGAAAAGCATCTTACGGATGGCATGACAGTAAGAGAATTATGCAGTGCTGCCATAACCATGAGTGATAACACTGCTGCCAACTTACTTCTGACAACGATCGGAGGACCGAAGGAGCTAACCGCTTTTTTGCACAACATGGGGGATCATGTAACTCGCCTTGATCGTTGGGAACCGGAGCTGAATGAAGCCATACCAAACGACGAGCGTGACACCACGATGCCTGCAGCAATGGCAACAACGTTGCGCAAACTATTAACTGGCGAACTACTTACTCTAGCTTCCCGGCAACAATTAATAGACTGGATGGAGGCGGATAAAGTTGCAGGACCACTTCTGCGCTCGGCCCTTCCGGCTGGCTGGTTTATTGCTGATAAATCTGGAGCCGGTGAGCGTGGGTCTCGCGGTATCATTGCAGCACTGGGGCCAGATGGTAAGCCCTCCCGTATCGTAGTTATCTACACGACGGGGAGTCAGGCAACTATGGATGAACGAAATAGACAGATCGCTGAGATAGGTGCCTCACTGATTAAGCATTGGTAA	ATGAGTATTCAACATTTCCGTGTCGCCCTTATTCCCTTTTTTGCGGCATTTTGC...TAA	861	1000	999	999.0	999	999	ATGAGTATTCAACATTTCCGTGTCGCCCTTATTCCCTTTTTTGCGGCATTTTGC...TAA	861	5967	37	897	False	True	False
17	gb|AF104442|+|193-1054|ARO:3000923|TEM-54	ATGAGTATTCAACATTTCCGTGTCGCCCTTATTCCCTTTTTTGCGGCATTTTGC...TAA	861	(37) 5967+ (897)	37	897	ATGAGTATTCAACATTTCCGTGTCGCCCTTATTCCCTTTTTTGCGGCATTTTGCCTTCCTGTTTTTGCTCACCCAGAAACGCTGGTGAAAGTAAAAGATGCTGAAGATCAGTTGGGTGCACGAGTGGGTTACATCGAACTGGATCTCAACAGCGGTAAGATCCTTGAGAGTTTTCGCCCCGAAGAACGTTTTCCAATGATGAGCACTTTTAAAGTTCTGCTATGTGGTGCGGTATTATCCCGTGTTGACGCCGGGCAAGAGCAACTCGGTCGCCGCATACACTATTCTCAGAATGACTTGGTTGAGTACTCACCAGTCACAGAAAAGCATCTTACGGATGGCATGACAGTAAGAGAATTATGCAGTGCTGCCATAACCATGAGTGATAACACTGCTGCCAACTTACTTCTGACAACGATCGGAGGACCGAAGGAGCTAACCGCTTTTTTGCACAACATGGGGGATCATGTAACTCGCCTTGATCGTTGGGAACCGGAGCTGAATGAAGCCATACCAAACGACGAGCGTGACACCACGATGCCTGCAGCAATGGCAACAACGTTGCGCAAACTATTAACTGGCGAACTACTTACTCTAGCTTCCCGGCAACAATTAATAGACTGGATGGAGGCGGATAAAGTTGCAGGACCACTTCTGCGCTCGGCCCTTCCGGCTGGCTGGTTTATTGCTGATAAATCTGGAGCCGGTGAGCGTGGGTCTCGCGGTATCATTGCAGCACTGGGGCCAGATGGTAAGCCCTCCCGTATCGTAGTTATCTACACGACGGGGAGTCAGGCAACTATGGATGAACGAAATAGACAGATCGCTGAGATAGGTGCCTCACTGATTAAGCATTGGTAA	ATGAGTATTCAACATTTCCGTGTCGCCCTTATTCCCTTTTTTGCGGCATTTTGC...TAA	861	1000	999	999.0	999	999	ATGAGTATTCAACATTTCCGTGTCGCCCTTATTCCCTTTTTTGCGGCATTTTGC...TAA	861	5967	37	897	False	True	False
18	gb|AF117743|+|0-780|ARO:3001077|SHV-19	CTGTTAGCCACCCTGCCGCTGGCGGTACACGCCAGCCCGCAGCCGCTTGAGCAA...AAT	780	(54) 5151- (833)	54	833	CTGTTAGCCACCCTGCCGCTGGCGGTACACGCCAGCCCGCAGCCGCTTGAGCAAATTAAACAAAGCGAAAGCCAGCTGTCGGGCCGCGTAGGCATGATAGAAATGGATCTGGCCAGCGGCCGCACGCTGACCGCCTGGCGCGCCGATGAACGCTTTCCCATGATGAGCACCTTTAAAGTAGTGCTCTGCGGCGCAGTGCTGGCGCGGGTGGATGCCGGTGACGAACAGCTGGAGCGAAAGATCCACTATCGCCAGCAGGATCTGGTGGACTACTCGCCGGTCAGCGAAAAACACCTTGCCGACGGCATGACGGTCGGCGAACTCTGCGCCGCCGCCATTACCATGAGCGATAACAGCGCCGCCAATCTGCTGCTGGCCACCGTCGGCGGCCCCGCAGGATTGACTGCCTTTTTGCGCCAGATCGGCGACAACGTCACCCGCCTTGACCGCTGGGAAACGGAACTGAATGAGGCGCTTCCCGGCGACGCCCGCGACACCACTACCCCGGCCAGCATGGCCGCGACCCTGCGCAAGCTGCTGACCAGCCAGCGTCTGAGCGCCCGTTCGCAACGGCAGCTGCTGCAGTGGATGGTGGACGATCGGGTCGCCGGACCGTTGATCCGCTCCGTGCTGCCGGCGGGCTGGTTTATCGCCGATAAGACCGGAGCTAGCAAGCGGGGTGCGCGCGGGATTGTCGCCCTGCTTGGCCCGAATAACAAAGCAGAGCGCATCGTGGTGATTTATCTGCGGGATACGCCGGCGAGCATGGCCGAGCGAAAT	CTGTTAGCCACCCTGCCGCTGGCGGTACACGCCAGCCCGCAGCCGCTTGAGCAA...AAT	780	54	833	780.0	5151-	CTGTTAGCCACCCTGCCGCTGGCGGTACACGCCAGCCCGCAGCCGCTTGAGCAAATTAAACAAAGCGAAAGCCAGCTGTCGGGCCGCGTAGGCATGATAGAAATGGATCTGGCCAGCGGCCGCACGCTGACCGCCTGGCGCGCCGATGAACGCTTTCCCATGATGAGCACCTTTAAAGTAGTGCTCTGCGGCGCAGTGCTGGCGCGGGTGGATGCCGGTGACGAACAGCTGGAGCGAAAGATCCACTATCGCCAGCAGGATCTGGTGGACTACTCGCCGGTCAGCGAAAAACACCTTGCCGACGGCATGACGGTCGGCGAACTCTGCGCCGCCGCCATTACCATGAGCGATAACAGCGCCGCCAATCTGCTGCTGGCCACCGTCGGCGGCCCCGCAGGATTGACTGCCTTTTTGCGCCAGATCGGCGACAACGTCACCCGCCTTGACCGCTGGGAAACGGAACTGAATGAGGCGCTTCCCGGCGACGCCCGCGACACCACTACCCCGGCCAGCATGGCCGCGACCCTGCGCAAGCTGCTGACCAGCCAGCGTCTGAGCGCCCGTTCGCAACGGCAGCTGCTGCAGTGGATGGTGGACGATCGGGTCGCCGGACCGTTGATCCGCTCCGTGCTGCCGGCGGGCTGGTTTATCGCCGATAAGACCGGAGCTAGCAAGCGGGGTGCGCGCGGGATTGTCGCCCTGCTTGGCCCGAATAACAAAGCAGAGCGCATCGTGGTGATTTATCTGCGGGATACGCCGGCGAGCATGGCCGAGCGAAAT	CTGTTAGCCACCCTGCCGCTGGCGGTACACGCCAGCCCGCAGCCGCTTGAGCAA...AAT	780	5151	54	833	True	True	True
19	gb|AF117744|+|0-780|ARO:3001078|SHV-20	CTGTTAGCCACCCTGCCGCTGGCGGTACACGCCAGCCCGCAGCCGCTTGAGCAA...AAT	780	(54) 5151- (833)	54	833	CTGTTAGCCACCCTGCCGCTGGCGGTACACGCCAGCCCGCAGCCGCTTGAGCAAATTAAACAAAGCGAAAGCCAGCTGTCGGGCCGCGTAGGCATGATAGAAATGGATCTGGCCAGCGGCCGCACGCTGACCGCCTGGCGCGCCGATGAACGCTTTCCCATGATGAGCACCTTTAAAGTAGTGCTCTGCGGCGCAGTGCTGGCGCGGGTGGATGCCGGTGACGAACAGCTGGAGCGAAAGATCCACTATCGCCAGCAGGATCTGGTGGACTACTCGCCGGTCAGCGAAAAACACCTTGCCGACGGCATGACGGTCGGCGAACTCTGCGCCGCCGCCATTACCATGAGCGATAACAGCGCCGCCAATCTGCTGCTGGCCACCGTCGGCGGCCCCGCAGGATTGACTGCCTTTTTGCGCCAGATCGGCGACAACGTCACCCGCCTTGACCGCTGGGAAACGGAACTGAATGAGGCGCTTCCCGGCGACGCCCGCGACACCACTACCCCGGCCAGCATGGCCGCGACCCTGCGCAAGCTGCTGACCAGCCAGCGTCTGAGCGCCCGTTCGCAACGGCAGCTGCTGCAGTGGATGGTGGACGATCGGGTCGCCGGACCGTTGATCCGCTCCGTGCTGCCGGCGGGCTGGTTTATCGCCGATAAGACCGGAGCTAGCAAGCGGGGTGCGCGCGGGATTGTCGCCCTGCTTGGCCCGAATAACAAAGCAGAGCGCATCGTGGTGATTTATCTGCGGGATACGCCGGCGAGCATGGCCGAGCGAAAT	CTGTTAGCCACCCTGCCGCTGGCGGTACACGCCAGCCCGCAGCCGCTTGAGCAA...AAT	780	1000	999	999.0	999	999	CTGTTAGCCACCCTGCCGCTGGCGGTACACGCCAGCCCGCAGCCGCTTGAGCAA...AAT	780	5151	54	833	False	True	False
20	gb|AF117745|+|0-780|ARO:3001079|SHV-21	CTGTTAGCCACCCTGCCGCTGGCGGTACACGCCAGCCCGCAGCCGCTTGAGCAA...AAT	780	(54) 5151- (833)	54	833	CTGTTAGCCACCCTGCCGCTGGCGGTACACGCCAGCCCGCAGCCGCTTGAGCAAATTAAACAAAGCGAAAGCCAGCTGTCGGGCCGCGTAGGCATGATAGAAATGGATCTGGCCAGCGGCCGCACGCTGACCGCCTGGCGCGCCGATGAACGCTTTCCCATGATGAGCACCTTTAAAGTAGTGCTCTGCGGCGCAGTGCTGGCGCGGGTGGATGCCGGTGACGAACAGCTGGAGCGAAAGATCCACTATCGCCAGCAGGATCTGGTGGACTACTCGCCGGTCAGCGAAAAACACCTTGCCGACGGCATGACGGTCGGCGAACTCTGCGCCGCCGCCATTACCATGAGCGATAACAGCGCCGCCAATCTGCTGCTGGCCACCGTCGGCGGCCCCGCAGGATTGACTGCCTTTTTGCGCCAGATCGGCGACAACGTCACCCGCCTTGACCGCTGGGAAACGGAACTGAATGAGGCGCTTCCCGGCGACGCCCGCGACACCACTACCCCGGCCAGCATGGCCGCGACCCTGCGCAAGCTGCTGACCAGCCAGCGTCTGAGCGCCCGTTCGCAACGGCAGCTGCTGCAGTGGATGGTGGACGATCGGGTCGCCGGACCGTTGATCCGCTCCGTGCTGCCGGCGGGCTGGTTTATCGCCGATAAGACCGGAGCTAGCAAGCGGGGTGCGCGCGGGATTGTCGCCCTGCTTGGCCCGAATAACAAAGCAGAGCGCATCGTGGTGATTTATCTGCGGGATACGCCGGCGAGCATGGCCGAGCGAAAT	CTGTTAGCCACCCTGCCGCTGGCGGTACACGCCAGCCCGCAGCCGCTTGAGCAA...AAT	780	1000	999	999.0	999	999	CTGTTAGCCACCCTGCCGCTGGCGGTACACGCCAGCCCGCAGCCGCTTGAGCAA...AAT	780	5151	54	833	False	True	False
21	gb|AF117746|+|0-780|ARO:3001080|SHV-22	CTGTTAGCCACCCTGCCGCTGGCGGTACACGCCAGCCCGCAGCCGCTTGAGCAA...AAT	780	(54) 5151- (833)	54	833	CTGTTAGCCACCCTGCCGCTGGCGGTACACGCCAGCCCGCAGCCGCTTGAGCAAATTAAACAAAGCGAAAGCCAGCTGTCGGGCCGCGTAGGCATGATAGAAATGGATCTGGCCAGCGGCCGCACGCTGACCGCCTGGCGCGCCGATGAACGCTTTCCCATGATGAGCACCTTTAAAGTAGTGCTCTGCGGCGCAGTGCTGGCGCGGGTGGATGCCGGTGACGAACAGCTGGAGCGAAAGATCCACTATCGCCAGCAGGATCTGGTGGACTACTCGCCGGTCAGCGAAAAACACCTTGCCGACGGCATGACGGTCGGCGAACTCTGCGCCGCCGCCATTACCATGAGCGATAACAGCGCCGCCAATCTGCTGCTGGCCACCGTCGGCGGCCCCGCAGGATTGACTGCCTTTTTGCGCCAGATCGGCGACAACGTCACCCGCCTTGACCGCTGGGAAACGGAACTGAATGAGGCGCTTCCCGGCGACGCCCGCGACACCACTACCCCGGCCAGCATGGCCGCGACCCTGCGCAAGCTGCTGACCAGCCAGCGTCTGAGCGCCCGTTCGCAACGGCAGCTGCTGCAGTGGATGGTGGACGATCGGGTCGCCGGACCGTTGATCCGCTCCGTGCTGCCGGCGGGCTGGTTTATCGCCGATAAGACCGGAGCTAGCAAGCGGGGTGCGCGCGGGATTGTCGCCCTGCTTGGCCCGAATAACAAAGCAGAGCGCATCGTGGTGATTTATCTGCGGGATACGCCGGCGAGCATGGCCGAGCGAAAT	CTGTTAGCCACCCTGCCGCTGGCGGTACACGCCAGCCCGCAGCCGCTTGAGCAA...AAT	780	1000	999	999.0	999	999	CTGTTAGCCACCCTGCCGCTGGCGGTACACGCCAGCCCGCAGCCGCTTGAGCAA...AAT	780	5151	54	833	False	True	False
22	gb|AF117747|+|0-780|ARO:3001081|SHV-23	CTGTTAGCCACCCTGCCGCTGGCGGTACACGCCAGCCCGCAGCCGCTTGAGCAA...AAT	780	(54) 5151- (833)	54	833	CTGTTAGCCACCCTGCCGCTGGCGGTACACGCCAGCCCGCAGCCGCTTGAGCAAATTAAACAAAGCGAAAGCCAGCTGTCGGGCCGCGTAGGCATGATAGAAATGGATCTGGCCAGCGGCCGCACGCTGACCGCCTGGCGCGCCGATGAACGCTTTCCCATGATGAGCACCTTTAAAGTAGTGCTCTGCGGCGCAGTGCTGGCGCGGGTGGATGCCGGTGACGAACAGCTGGAGCGAAAGATCCACTATCGCCAGCAGGATCTGGTGGACTACTCGCCGGTCAGCGAAAAACACCTTGCCGACGGCATGACGGTCGGCGAACTCTGCGCCGCCGCCATTACCATGAGCGATAACAGCGCCGCCAATCTGCTGCTGGCCACCGTCGGCGGCCCCGCAGGATTGACTGCCTTTTTGCGCCAGATCGGCGACAACGTCACCCGCCTTGACCGCTGGGAAACGGAACTGAATGAGGCGCTTCCCGGCGACGCCCGCGACACCACTACCCCGGCCAGCATGGCCGCGACCCTGCGCAAGCTGCTGACCAGCCAGCGTCTGAGCGCCCGTTCGCAACGGCAGCTGCTGCAGTGGATGGTGGACGATCGGGTCGCCGGACCGTTGATCCGCTCCGTGCTGCCGGCGGGCTGGTTTATCGCCGATAAGACCGGAGCTAGCAAGCGGGGTGCGCGCGGGATTGTCGCCCTGCTTGGCCCGAATAACAAAGCAGAGCGCATCGTGGTGATTTATCTGCGGGATACGCCGGCGAGCATGGCCGAGCGAAAT	CTGTTAGCCACCCTGCCGCTGGCGGTACACGCCAGCCCGCAGCCGCTTGAGCAA...AAT	780	1000	999	999.0	999	999	CTGTTAGCCACCCTGCCGCTGGCGGTACACGCCAGCCCGCAGCCGCTTGAGCAA...AAT	780	5151	54	833	False	True	False
23	gb|AF132290|+|87-948|ARO:3001076|SHV-18	ATGCGTTATTTTCGCCTGTGTATTATCTCCCTGTTAGCCACCCTGCCGCTGGCG...TAA	861	(24) 5151- (884)	24	884	ATGCGTTATATTCGCCTGTGTATTATCTCCCTGTTAGCCACCCTGCCGCTGGCGGTACACGCCAGCCCGCAGCCGCTTGAGCAAATTAAACAAAGCGAAAGCCAGCTGTCGGGCCGCGTAGGCATGATAGAAATGGATCTGGCCAGCGGCCGCACGCTGACCGCCTGGCGCGCCGATGAACGCTTTCCCATGATGAGCACCTTTAAAGTAGTGCTCTGCGGCGCAGTGCTGGCGCGGGTGGATGCCGGTGACGAACAGCTGGAGCGAAAGATCCACTATCGCCAGCAGGATCTGGTGGACTACTCGCCGGTCAGCGAAAAACACCTTGCCGACGGCATGACGGTCGGCGAACTCTGCGCCGCCGCCATTACCATGAGCGATAACAGCGCCGCCAATCTGCTGCTGGCCACCGTCGGCGGCCCCGCAGGATTGACTGCCTTTTTGCGCCAGATCGGCGACAACGTCACCCGCCTTGACCGCTGGGAAACGGAACTGAATGAGGCGCTTCCCGGCGACGCCCGCGACACCACTACCCCGGCCAGCATGGCCGCGACCCTGCGCAAGCTGCTGACCAGCCAGCGTCTGAGCGCCCGTTCGCAACGGCAGCTGCTGCAGTGGATGGTGGACGATCGGGTCGCCGGACCGTTGATCCGCTCCGTGCTGCCGGCGGGCTGGTTTATCGCCGATAAGACCGGAGCTAGCAAGCGGGGTGCGCGCGGGATTGTCGCCCTGCTTGGCCCGAATAACAAAGCAGAGCGCATCGTGGTGATTTATCTGCGGGATACGCCGGCGAGCATGGCCGAGCGAAATCAGCAAATCGCCGGGATCGGCGCGGCGCTGATCGAGCACTGGCAACGCTAA	ATGCGTTATTTTCGCCTGTGTATTATCTCCCTGTTAGCCACCCTGCCGCTGGCG...TAA	861	24	884	861.0	5151-	ATGCGTTATATTCGCCTGTGTATTATCTCCCTGTTAGCCACCCTGCCGCTGGCGGTACACGCCAGCCCGCAGCCGCTTGAGCAAATTAAACAAAGCGAAAGCCAGCTGTCGGGCCGCGTAGGCATGATAGAAATGGATCTGGCCAGCGGCCGCACGCTGACCGCCTGGCGCGCCGATGAACGCTTTCCCATGATGAGCACCTTTAAAGTAGTGCTCTGCGGCGCAGTGCTGGCGCGGGTGGATGCCGGTGACGAACAGCTGGAGCGAAAGATCCACTATCGCCAGCAGGATCTGGTGGACTACTCGCCGGTCAGCGAAAAACACCTTGCCGACGGCATGACGGTCGGCGAACTCTGCGCCGCCGCCATTACCATGAGCGATAACAGCGCCGCCAATCTGCTGCTGGCCACCGTCGGCGGCCCCGCAGGATTGACTGCCTTTTTGCGCCAGATCGGCGACAACGTCACCCGCCTTGACCGCTGGGAAACGGAACTGAATGAGGCGCTTCCCGGCGACGCCCGCGACACCACTACCCCGGCCAGCATGGCCGCGACCCTGCGCAAGCTGCTGACCAGCCAGCGTCTGAGCGCCCGTTCGCAACGGCAGCTGCTGCAGTGGATGGTGGACGATCGGGTCGCCGGACCGTTGATCCGCTCCGTGCTGCCGGCGGGCTGGTTTATCGCCGATAAGACCGGAGCTAGCAAGCGGGGTGCGCGCGGGATTGTCGCCCTGCTTGGCCCGAATAACAAAGCAGAGCGCATCGTGGTGATTTATCTGCGGGATACGCCGGCGAGCATGGCCGAGCGAAATCAGCAAATCGCCGGGATCGGCGCGGCGCTGATCGAGCACTGGCAACGCTAA	ATGCGTTATTTTCGCCTGTGTATTATCTCCCTGTTAGCCACCCTGCCGCTGGCG...TAA	861	5151	24	884	True	True	True
24	gb|AF143804|+|0-861|ARO:3000959|TEM-92	ATGAGTATTAAACATTTCCGTGTCGCCCTTATTCCCTTTTTTGCGGCATTTTGC...TAA	861	(37) 5967+ (897)	37	897	ATGAGTATTCAACATTTCCGTGTCGCCCTTATTCCCTTTTTTGCGGCATTTTGCCTTCCTGTTTTTGCTCACCCAGAAACGCTGGTGAAAGTAAAAGATGCTGAAGATCAGTTGGGTGCACGAGTGGGTTACATCGAACTGGATCTCAACAGCGGTAAGATCCTTGAGAGTTTTCGCCCCGAAGAACGTTTTCCAATGATGAGCACTTTTAAAGTTCTGCTATGTGGTGCGGTATTATCCCGTGTTGACGCCGGGCAAGAGCAACTCGGTCGCCGCATACACTATTCTCAGAATGACTTGGTTGAGTACTCACCAGTCACAGAAAAGCATCTTACGGATGGCATGACAGTAAGAGAATTATGCAGTGCTGCCATAACCATGAGTGATAACACTGCTGCCAACTTACTTCTGACAACGATCGGAGGACCGAAGGAGCTAACCGCTTTTTTGCACAACATGGGGGATCATGTAACTCGCCTTGATCGTTGGGAACCGGAGCTGAATGAAGCCATACCAAACGACGAGCGTGACACCACGATGCCTGCAGCAATGGCAACAACGTTGCGCAAACTATTAACTGGCGAACTACTTACTCTAGCTTCCCGGCAACAATTAATAGACTGGATGGAGGCGGATAAAGTTGCAGGACCACTTCTGCGCTCGGCCCTTCCGGCTGGCTGGTTTATTGCTGATAAATCTGGAGCCGGTGAGCGTGGGTCTCGCGGTATCATTGCAGCACTGGGGCCAGATGGTAAGCCCTCCCGTATCGTAGTTATCTACACGACGGGGAGTCAGGCAACTATGGATGAACGAAATAGACAGATCGCTGAGATAGGTGCCTCACTGATTAAGCATTGGTAA	ATGAGTATTAAACATTTCCGTGTCGCCCTTATTCCCTTTTTTGCGGCATTTTGC...TAA	861	37	897	861.0	5967+	ATGAGTATTCAACATTTCCGTGTCGCCCTTATTCCCTTTTTTGCGGCATTTTGCCTTCCTGTTTTTGCTCACCCAGAAACGCTGGTGAAAGTAAAAGATGCTGAAGATCAGTTGGGTGCACGAGTGGGTTACATCGAACTGGATCTCAACAGCGGTAAGATCCTTGAGAGTTTTCGCCCCGAAGAACGTTTTCCAATGATGAGCACTTTTAAAGTTCTGCTATGTGGTGCGGTATTATCCCGTGTTGACGCCGGGCAAGAGCAACTCGGTCGCCGCATACACTATTCTCAGAATGACTTGGTTGAGTACTCACCAGTCACAGAAAAGCATCTTACGGATGGCATGACAGTAAGAGAATTATGCAGTGCTGCCATAACCATGAGTGATAACACTGCTGCCAACTTACTTCTGACAACGATCGGAGGACCGAAGGAGCTAACCGCTTTTTTGCACAACATGGGGGATCATGTAACTCGCCTTGATCGTTGGGAACCGGAGCTGAATGAAGCCATACCAAACGACGAGCGTGACACCACGATGCCTGCAGCAATGGCAACAACGTTGCGCAAACTATTAACTGGCGAACTACTTACTCTAGCTTCCCGGCAACAATTAATAGACTGGATGGAGGCGGATAAAGTTGCAGGACCACTTCTGCGCTCGGCCCTTCCGGCTGGCTGGTTTATTGCTGATAAATCTGGAGCCGGTGAGCGTGGGTCTCGCGGTATCATTGCAGCACTGGGGCCAGATGGTAAGCCCTCCCGTATCGTAGTTATCTACACGACGGGGAGTCAGGCAACTATGGATGAACGAAATAGACAGATCGCTGAGATAGGTGCCTCACTGATTAAGCATTGGTAA	ATGAGTATTAAACATTTCCGTGTCGCCCTTATTCCCTTTTTTGCGGCATTTTGC...TAA	861	5967	37	897	True	True	True
25	gb|AF148851|+|5-866|ARO:3001060|SHV-2	ATGCGTTATATTCGCCTGTGTATTATCTCCCTGTTAGCCACCCTGCCGCTGGCG...TAA	861	(24) 5151- (884)	24	884	ATGCGTTATATTCGCCTGTGTATTATCTCCCTGTTAGCCACCCTGCCGCTGGCGGTACACGCCAGCCCGCAGCCGCTTGAGCAAATTAAACAAAGCGAAAGCCAGCTGTCGGGCCGCGTAGGCATGATAGAAATGGATCTGGCCAGCGGCCGCACGCTGACCGCCTGGCGCGCCGATGAACGCTTTCCCATGATGAGCACCTTTAAAGTAGTGCTCTGCGGCGCAGTGCTGGCGCGGGTGGATGCCGGTGACGAACAGCTGGAGCGAAAGATCCACTATCGCCAGCAGGATCTGGTGGACTACTCGCCGGTCAGCGAAAAACACCTTGCCGACGGCATGACGGTCGGCGAACTCTGCGCCGCCGCCATTACCATGAGCGATAACAGCGCCGCCAATCTGCTGCTGGCCACCGTCGGCGGCCCCGCAGGATTGACTGCCTTTTTGCGCCAGATCGGCGACAACGTCACCCGCCTTGACCGCTGGGAAACGGAACTGAATGAGGCGCTTCCCGGCGACGCCCGCGACACCACTACCCCGGCCAGCATGGCCGCGACCCTGCGCAAGCTGCTGACCAGCCAGCGTCTGAGCGCCCGTTCGCAACGGCAGCTGCTGCAGTGGATGGTGGACGATCGGGTCGCCGGACCGTTGATCCGCTCCGTGCTGCCGGCGGGCTGGTTTATCGCCGATAAGACCGGAGCTAGCAAGCGGGGTGCGCGCGGGATTGTCGCCCTGCTTGGCCCGAATAACAAAGCAGAGCGCATCGTGGTGATTTATCTGCGGGATACGCCGGCGAGCATGGCCGAGCGAAATCAGCAAATCGCCGGGATCGGCGCGGCGCTGATCGAGCACTGGCAACGCTAA	ATGCGTTATATTCGCCTGTGTATTATCTCCCTGTTAGCCACCCTGCCGCTGGCG...TAA	861	1000	999	999.0	999	999	ATGCGTTATATTCGCCTGTGTATTATCTCCCTGTTAGCCACCCTGCCGCTGGCG...TAA	861	5151	24	884	False	True	False
26	gb|AF156486|+|5012-5792|ARO:3002602|aadA2	GTGACCATCGAAATTTCGAACCAACTATCAGAGGTGCTAAGCGTCATTGAGCGC...TGA	780	{(1700) 7591+ (2479) , (732) 7593+ (1498)}	{1700, 732}	{2479, 1498}	{GTGACCATCGAAATTTCGAACCAACTATCAGAGGTGCTAAGCGTCATTGAGCGCCATCTGGAATCAACGTTGCTGGCCGTGCATTTGTACGGCTCCGCAGTGGATGGCGGCCTGAAGCCATACAGCGATATTGATTTGTTGGTTACTGTGGCCGTAAAGCTTGATGAAACGACGCGGCGAGCATTGCTCAATGACCTTATGGAGGCTTCGGCTTTCCCTGGCGAGAGCGAGACGCTCCGCGCTATAGAAGTCACCCTTGTCGTGCATGACGACATCATCCCGTGGCGTTATCCGGCTAAGCGCGAGCTGCAATTTGGAGAATGGCAGCGCAATGACATTCTTGCGGGTATCTTCGAGCCAGCCATGATCGACATTGATCTAGCTATCCTGCTTACAAAAGCAAGAGAACATAGCGTTGCCTTGGTAGGTCCGGCAGCGGAGGAATTCTTTGACCCGGTTCCTGAACAGGATCTATTCGAGGCGCTGAGGGAAACCTTGAAGCTATGGAACTCGCAGCCCGACTGGGCCGGCGATGAGCGAAATGTAGTGCTTACGTTGTCCCGCATTTGGTACAGCGCAATAACCGGCAAAATCGCGCCGAAGGATGTCGCTGCCGACTGGGCAATAAAACGCCTACCTGCCCAGTATCAGCCCGTCTTACTTGAAGCTAAGCAAGCTTATCTGGGACAAAAAGAAGATCACTTGGCCTCACGCGCAGATCACTTGGAAGAATTTATTCGCTTTGTGAAAGGCGAGATCATCAAGTCAGTTGGTAAATGA, CGAAGTATCGACTCAACTATCAGAGGTAGTTGGCGTCATCGAGCGCCATCTCGAACCGACGTTGCTGGCCGTACATTTGTACGGCTCCGCAGTGGATGGCGGCCTGAAGCCACACAGTGATATTGATTTGCTGGTTACGGTGACCGTAAGGCTTGATGAAACAACGCGGCGAGCTTTGATCAACGACCTTTTGGAAACTTCGGCTTCCCCTGGAGAGAGCGAGATTCTCCGCGCTGTAGAAGTCACCATTGTTGTGCACGACGACATCATTCCGTGGCGTTATCCAGCTAAGCGCGAACTGCAATTTGGAGAATGGCAGCGCAATGACATTCTTGCAGGTATCTTCGAGCCAGCCACGATCGACATTGATCTGGCTATCTTGCTGACAAAAGCAAGAGAACATAGCGTTGCCTTGGTAGGTCCAGCGGCGGAGGAACTCTTTGATCCGGTTCCTGAACAGGATCTATTTGAGGCGCTAAATGAAACCTTAACGCTATGGAACTCGCCGCCCGACTGGGCTGGCGATGAGCGAAATGTAGTGCTTACGTTGTCCCGCATTTGGTACAGCGCAGTAACCGGCAAAATCGCGCCGAAGGATGTCGCTGCCGACTGGGCAATGGAGCGCCTGCCGGCCCAGTATCAGCCCGTCATACTTGAAGCTAGGCAGGCTTATCTTGGACAAGAAGATCGCTTGGCCTCGCGCGCAGATCAGTTGGAAGAATTTGTTCACTACGTGAAAGGCGAGATCACCAAGGTAGTCGGCAAAT}	GTGACCATCGAAATTTCGAACCAACTATCAGAGGTGCTAAGCGTCATTGAGCGC...TGA	780	1700	2479	780.0	7591+	GTGACCATCGAAATTTCGAACCAACTATCAGAGGTGCTAAGCGTCATTGAGCGCCATCTGGAATCAACGTTGCTGGCCGTGCATTTGTACGGCTCCGCAGTGGATGGCGGCCTGAAGCCATACAGCGATATTGATTTGTTGGTTACTGTGGCCGTAAAGCTTGATGAAACGACGCGGCGAGCATTGCTCAATGACCTTATGGAGGCTTCGGCTTTCCCTGGCGAGAGCGAGACGCTCCGCGCTATAGAAGTCACCCTTGTCGTGCATGACGACATCATCCCGTGGCGTTATCCGGCTAAGCGCGAGCTGCAATTTGGAGAATGGCAGCGCAATGACATTCTTGCGGGTATCTTCGAGCCAGCCATGATCGACATTGATCTAGCTATCCTGCTTACAAAAGCAAGAGAACATAGCGTTGCCTTGGTAGGTCCGGCAGCGGAGGAATTCTTTGACCCGGTTCCTGAACAGGATCTATTCGAGGCGCTGAGGGAAACCTTGAAGCTATGGAACTCGCAGCCCGACTGGGCCGGCGATGAGCGAAATGTAGTGCTTACGTTGTCCCGCATTTGGTACAGCGCAATAACCGGCAAAATCGCGCCGAAGGATGTCGCTGCCGACTGGGCAATAAAACGCCTACCTGCCCAGTATCAGCCCGTCTTACTTGAAGCTAAGCAAGCTTATCTGGGACAAAAAGAAGATCACTTGGCCTCACGCGCAGATCACTTGGAAGAATTTATTCGCTTTGTGAAAGGCGAGATCATCAAGTCAGTTGGTAAATGA	GTGACCATCGAAATTTCGAACCAACTATCAGAGGTGCTAAGCGTCATTGAGCGC...TGA	780	7591	1700	2479	False	False	True
27	gb|AF157553|+|147-1008|ARO:3000938|TEM-72	ATGAGTATTCAACATTTCCGTGTCGCCCTTATTCCCTTTTTTGCGGCATTTTGC...TAA	861	(37) 5967+ (897)	37	897	ATGAGTATTCAACATTTCCGTGTCGCCCTTATTCCCTTTTTTGCGGCATTTTGCCTTCCTGTTTTTGCTCACCCAGAAACGCTGGTGAAAGTAAAAGATGCTGAAGATCAGTTGGGTGCACGAGTGGGTTACATCGAACTGGATCTCAACAGCGGTAAGATCCTTGAGAGTTTTCGCCCCGAAGAACGTTTTCCAATGATGAGCACTTTTAAAGTTCTGCTATGTGGTGCGGTATTATCCCGTGTTGACGCCGGGCAAGAGCAACTCGGTCGCCGCATACACTATTCTCAGAATGACTTGGTTGAGTACTCACCAGTCACAGAAAAGCATCTTACGGATGGCATGACAGTAAGAGAATTATGCAGTGCTGCCATAACCATGAGTGATAACACTGCTGCCAACTTACTTCTGACAACGATCGGAGGACCGAAGGAGCTAACCGCTTTTTTGCACAACATGGGGGATCATGTAACTCGCCTTGATCGTTGGGAACCGGAGCTGAATGAAGCCATACCAAACGACGAGCGTGACACCACGATGCCTGCAGCAATGGCAACAACGTTGCGCAAACTATTAACTGGCGAACTACTTACTCTAGCTTCCCGGCAACAATTAATAGACTGGATGGAGGCGGATAAAGTTGCAGGACCACTTCTGCGCTCGGCCCTTCCGGCTGGCTGGTTTATTGCTGATAAATCTGGAGCCGGTGAGCGTGGGTCTCGCGGTATCATTGCAGCACTGGGGCCAGATGGTAAGCCCTCCCGTATCGTAGTTATCTACACGACGGGGAGTCAGGCAACTATGGATGAACGAAATAGACAGATCGCTGAGATAGGTGCCTCACTGATTAAGCATTGGTAA	ATGAGTATTCAACATTTCCGTGTCGCCCTTATTCCCTTTTTTGCGGCATTTTGC...TAA	861	37	897	861.0	5967+	ATGAGTATTCAACATTTCCGTGTCGCCCTTATTCCCTTTTTTGCGGCATTTTGCCTTCCTGTTTTTGCTCACCCAGAAACGCTGGTGAAAGTAAAAGATGCTGAAGATCAGTTGGGTGCACGAGTGGGTTACATCGAACTGGATCTCAACAGCGGTAAGATCCTTGAGAGTTTTCGCCCCGAAGAACGTTTTCCAATGATGAGCACTTTTAAAGTTCTGCTATGTGGTGCGGTATTATCCCGTGTTGACGCCGGGCAAGAGCAACTCGGTCGCCGCATACACTATTCTCAGAATGACTTGGTTGAGTACTCACCAGTCACAGAAAAGCATCTTACGGATGGCATGACAGTAAGAGAATTATGCAGTGCTGCCATAACCATGAGTGATAACACTGCTGCCAACTTACTTCTGACAACGATCGGAGGACCGAAGGAGCTAACCGCTTTTTTGCACAACATGGGGGATCATGTAACTCGCCTTGATCGTTGGGAACCGGAGCTGAATGAAGCCATACCAAACGACGAGCGTGACACCACGATGCCTGCAGCAATGGCAACAACGTTGCGCAAACTATTAACTGGCGAACTACTTACTCTAGCTTCCCGGCAACAATTAATAGACTGGATGGAGGCGGATAAAGTTGCAGGACCACTTCTGCGCTCGGCCCTTCCGGCTGGCTGGTTTATTGCTGATAAATCTGGAGCCGGTGAGCGTGGGTCTCGCGGTATCATTGCAGCACTGGGGCCAGATGGTAAGCCCTCCCGTATCGTAGTTATCTACACGACGGGGAGTCAGGCAACTATGGATGAACGAAATAGACAGATCGCTGAGATAGGTGCCTCACTGATTAAGCATTGGTAA	ATGAGTATTCAACATTTCCGTGTCGCCCTTATTCCCTTTTTTGCGGCATTTTGC...TAA	861	5967	37	897	True	True	True
28	gb|AF164577|+|0-861|ARO:3001072|SHV-13	ATGCGTTATATTCGCCTGTGTATTATCTCCCTGTTAGCCACCCTGCCGCTGGCG...TAA	861	(24) 5151- (884)	24	884	ATGCGTTATATTCGCCTGTGTATTATCTCCCTGTTAGCCACCCTGCCGCTGGCGGTACACGCCAGCCCGCAGCCGCTTGAGCAAATTAAACAAAGCGAAAGCCAGCTGTCGGGCCGCGTAGGCATGATAGAAATGGATCTGGCCAGCGGCCGCACGCTGACCGCCTGGCGCGCCGATGAACGCTTTCCCATGATGAGCACCTTTAAAGTAGTGCTCTGCGGCGCAGTGCTGGCGCGGGTGGATGCCGGTGACGAACAGCTGGAGCGAAAGATCCACTATCGCCAGCAGGATCTGGTGGACTACTCGCCGGTCAGCGAAAAACACCTTGCCGACGGCATGACGGTCGGCGAACTCTGCGCCGCCGCCATTACCATGAGCGATAACAGCGCCGCCAATCTGCTGCTGGCCACCGTCGGCGGCCCCGCAGGATTGACTGCCTTTTTGCGCCAGATCGGCGACAACGTCACCCGCCTTGACCGCTGGGAAACGGAACTGAATGAGGCGCTTCCCGGCGACGCCCGCGACACCACTACCCCGGCCAGCATGGCCGCGACCCTGCGCAAGCTGCTGACCAGCCAGCGTCTGAGCGCCCGTTCGCAACGGCAGCTGCTGCAGTGGATGGTGGACGATCGGGTCGCCGGACCGTTGATCCGCTCCGTGCTGCCGGCGGGCTGGTTTATCGCCGATAAGACCGGAGCTAGCAAGCGGGGTGCGCGCGGGATTGTCGCCCTGCTTGGCCCGAATAACAAAGCAGAGCGCATCGTGGTGATTTATCTGCGGGATACGCCGGCGAGCATGGCCGAGCGAAATCAGCAAATCGCCGGGATCGGCGCGGCGCTGATCGAGCACTGGCAACGCTAA	ATGCGTTATATTCGCCTGTGTATTATCTCCCTGTTAGCCACCCTGCCGCTGGCG...TAA	861	1000	999	999.0	999	999	ATGCGTTATATTCGCCTGTGTATTATCTCCCTGTTAGCCACCCTGCCGCTGGCG...TAA	861	5151	24	884	False	True	False
29	gb|AF188199|+|214-1075|ARO:3000936|TEM-70	ATGAGTATTCAACATTTTCGTGTCGCCCTTATTCCCTTTTTTGCGGCATTTTGC...TAA	861	(37) 5967+ (897)	37	897	ATGAGTATTCAACATTTCCGTGTCGCCCTTATTCCCTTTTTTGCGGCATTTTGCCTTCCTGTTTTTGCTCACCCAGAAACGCTGGTGAAAGTAAAAGATGCTGAAGATCAGTTGGGTGCACGAGTGGGTTACATCGAACTGGATCTCAACAGCGGTAAGATCCTTGAGAGTTTTCGCCCCGAAGAACGTTTTCCAATGATGAGCACTTTTAAAGTTCTGCTATGTGGTGCGGTATTATCCCGTGTTGACGCCGGGCAAGAGCAACTCGGTCGCCGCATACACTATTCTCAGAATGACTTGGTTGAGTACTCACCAGTCACAGAAAAGCATCTTACGGATGGCATGACAGTAAGAGAATTATGCAGTGCTGCCATAACCATGAGTGATAACACTGCTGCCAACTTACTTCTGACAACGATCGGAGGACCGAAGGAGCTAACCGCTTTTTTGCACAACATGGGGGATCATGTAACTCGCCTTGATCGTTGGGAACCGGAGCTGAATGAAGCCATACCAAACGACGAGCGTGACACCACGATGCCTGCAGCAATGGCAACAACGTTGCGCAAACTATTAACTGGCGAACTACTTACTCTAGCTTCCCGGCAACAATTAATAGACTGGATGGAGGCGGATAAAGTTGCAGGACCACTTCTGCGCTCGGCCCTTCCGGCTGGCTGGTTTATTGCTGATAAATCTGGAGCCGGTGAGCGTGGGTCTCGCGGTATCATTGCAGCACTGGGGCCAGATGGTAAGCCCTCCCGTATCGTAGTTATCTACACGACGGGGAGTCAGGCAACTATGGATGAACGAAATAGACAGATCGCTGAGATAGGTGCCTCACTGATTAAGCATTGGTAA	ATGAGTATTCAACATTTTCGTGTCGCCCTTATTCCCTTTTTTGCGGCATTTTGC...TAA	861	1000	999	999.0	999	999	ATGAGTATTCAACATTTTCGTGTCGCCCTTATTCCCTTTTTTGCGGCATTTTGC...TAA	861	5967	37	897	False	True	False
30	gb|AF190692|+|208-1069|ARO:3000946|TEM-79	ATGAGTATTCAACATTTTCGTGTCGCCCTTATTCCCTTTTTTGCGGCATTTTGC...TAA	861	(37) 5967+ (897)	37	897	ATGAGTATTCAACATTTCCGTGTCGCCCTTATTCCCTTTTTTGCGGCATTTTGCCTTCCTGTTTTTGCTCACCCAGAAACGCTGGTGAAAGTAAAAGATGCTGAAGATCAGTTGGGTGCACGAGTGGGTTACATCGAACTGGATCTCAACAGCGGTAAGATCCTTGAGAGTTTTCGCCCCGAAGAACGTTTTCCAATGATGAGCACTTTTAAAGTTCTGCTATGTGGTGCGGTATTATCCCGTGTTGACGCCGGGCAAGAGCAACTCGGTCGCCGCATACACTATTCTCAGAATGACTTGGTTGAGTACTCACCAGTCACAGAAAAGCATCTTACGGATGGCATGACAGTAAGAGAATTATGCAGTGCTGCCATAACCATGAGTGATAACACTGCTGCCAACTTACTTCTGACAACGATCGGAGGACCGAAGGAGCTAACCGCTTTTTTGCACAACATGGGGGATCATGTAACTCGCCTTGATCGTTGGGAACCGGAGCTGAATGAAGCCATACCAAACGACGAGCGTGACACCACGATGCCTGCAGCAATGGCAACAACGTTGCGCAAACTATTAACTGGCGAACTACTTACTCTAGCTTCCCGGCAACAATTAATAGACTGGATGGAGGCGGATAAAGTTGCAGGACCACTTCTGCGCTCGGCCCTTCCGGCTGGCTGGTTTATTGCTGATAAATCTGGAGCCGGTGAGCGTGGGTCTCGCGGTATCATTGCAGCACTGGGGCCAGATGGTAAGCCCTCCCGTATCGTAGTTATCTACACGACGGGGAGTCAGGCAACTATGGATGAACGAAATAGACAGATCGCTGAGATAGGTGCCTCACTGATTAAGCATTGGTAA	ATGAGTATTCAACATTTTCGTGTCGCCCTTATTCCCTTTTTTGCGGCATTTTGC...TAA	861	37	897	861.0	5967+	ATGAGTATTCAACATTTCCGTGTCGCCCTTATTCCCTTTTTTGCGGCATTTTGCCTTCCTGTTTTTGCTCACCCAGAAACGCTGGTGAAAGTAAAAGATGCTGAAGATCAGTTGGGTGCACGAGTGGGTTACATCGAACTGGATCTCAACAGCGGTAAGATCCTTGAGAGTTTTCGCCCCGAAGAACGTTTTCCAATGATGAGCACTTTTAAAGTTCTGCTATGTGGTGCGGTATTATCCCGTGTTGACGCCGGGCAAGAGCAACTCGGTCGCCGCATACACTATTCTCAGAATGACTTGGTTGAGTACTCACCAGTCACAGAAAAGCATCTTACGGATGGCATGACAGTAAGAGAATTATGCAGTGCTGCCATAACCATGAGTGATAACACTGCTGCCAACTTACTTCTGACAACGATCGGAGGACCGAAGGAGCTAACCGCTTTTTTGCACAACATGGGGGATCATGTAACTCGCCTTGATCGTTGGGAACCGGAGCTGAATGAAGCCATACCAAACGACGAGCGTGACACCACGATGCCTGCAGCAATGGCAACAACGTTGCGCAAACTATTAACTGGCGAACTACTTACTCTAGCTTCCCGGCAACAATTAATAGACTGGATGGAGGCGGATAAAGTTGCAGGACCACTTCTGCGCTCGGCCCTTCCGGCTGGCTGGTTTATTGCTGATAAATCTGGAGCCGGTGAGCGTGGGTCTCGCGGTATCATTGCAGCACTGGGGCCAGATGGTAAGCCCTCCCGTATCGTAGTTATCTACACGACGGGGAGTCAGGCAACTATGGATGAACGAAATAGACAGATCGCTGAGATAGGTGCCTCACTGATTAAGCATTGGTAA	ATGAGTATTCAACATTTTCGTGTCGCCCTTATTCCCTTTTTTGCGGCATTTTGC...TAA	861	5967	37	897	True	True	True
31	gb|AF190693|+|208-1069|ARO:3000944|TEM-78	ATGAGTATTCAACATTTCCGTGTCGCCCTTATTCCCTTTTTTGCGGCATTTTGC...TAA	861	(37) 5967+ (897)	37	897	ATGAGTATTCAACATTTCCGTGTCGCCCTTATTCCCTTTTTTGCGGCATTTTGCCTTCCTGTTTTTGCTCACCCAGAAACGCTGGTGAAAGTAAAAGATGCTGAAGATCAGTTGGGTGCACGAGTGGGTTACATCGAACTGGATCTCAACAGCGGTAAGATCCTTGAGAGTTTTCGCCCCGAAGAACGTTTTCCAATGATGAGCACTTTTAAAGTTCTGCTATGTGGTGCGGTATTATCCCGTGTTGACGCCGGGCAAGAGCAACTCGGTCGCCGCATACACTATTCTCAGAATGACTTGGTTGAGTACTCACCAGTCACAGAAAAGCATCTTACGGATGGCATGACAGTAAGAGAATTATGCAGTGCTGCCATAACCATGAGTGATAACACTGCTGCCAACTTACTTCTGACAACGATCGGAGGACCGAAGGAGCTAACCGCTTTTTTGCACAACATGGGGGATCATGTAACTCGCCTTGATCGTTGGGAACCGGAGCTGAATGAAGCCATACCAAACGACGAGCGTGACACCACGATGCCTGCAGCAATGGCAACAACGTTGCGCAAACTATTAACTGGCGAACTACTTACTCTAGCTTCCCGGCAACAATTAATAGACTGGATGGAGGCGGATAAAGTTGCAGGACCACTTCTGCGCTCGGCCCTTCCGGCTGGCTGGTTTATTGCTGATAAATCTGGAGCCGGTGAGCGTGGGTCTCGCGGTATCATTGCAGCACTGGGGCCAGATGGTAAGCCCTCCCGTATCGTAGTTATCTACACGACGGGGAGTCAGGCAACTATGGATGAACGAAATAGACAGATCGCTGAGATAGGTGCCTCACTGATTAAGCATTGGTAA	ATGAGTATTCAACATTTCCGTGTCGCCCTTATTCCCTTTTTTGCGGCATTTTGC...TAA	861	37	897	861.0	5967+	ATGAGTATTCAACATTTCCGTGTCGCCCTTATTCCCTTTTTTGCGGCATTTTGCCTTCCTGTTTTTGCTCACCCAGAAACGCTGGTGAAAGTAAAAGATGCTGAAGATCAGTTGGGTGCACGAGTGGGTTACATCGAACTGGATCTCAACAGCGGTAAGATCCTTGAGAGTTTTCGCCCCGAAGAACGTTTTCCAATGATGAGCACTTTTAAAGTTCTGCTATGTGGTGCGGTATTATCCCGTGTTGACGCCGGGCAAGAGCAACTCGGTCGCCGCATACACTATTCTCAGAATGACTTGGTTGAGTACTCACCAGTCACAGAAAAGCATCTTACGGATGGCATGACAGTAAGAGAATTATGCAGTGCTGCCATAACCATGAGTGATAACACTGCTGCCAACTTACTTCTGACAACGATCGGAGGACCGAAGGAGCTAACCGCTTTTTTGCACAACATGGGGGATCATGTAACTCGCCTTGATCGTTGGGAACCGGAGCTGAATGAAGCCATACCAAACGACGAGCGTGACACCACGATGCCTGCAGCAATGGCAACAACGTTGCGCAAACTATTAACTGGCGAACTACTTACTCTAGCTTCCCGGCAACAATTAATAGACTGGATGGAGGCGGATAAAGTTGCAGGACCACTTCTGCGCTCGGCCCTTCCGGCTGGCTGGTTTATTGCTGATAAATCTGGAGCCGGTGAGCGTGGGTCTCGCGGTATCATTGCAGCACTGGGGCCAGATGGTAAGCCCTCCCGTATCGTAGTTATCTACACGACGGGGAGTCAGGCAACTATGGATGAACGAAATAGACAGATCGCTGAGATAGGTGCCTCACTGATTAAGCATTGGTAA	ATGAGTATTCAACATTTCCGTGTCGCCCTTATTCCCTTTTTTGCGGCATTTTGC...TAA	861	5967	37	897	True	True	True
32	gb|AF190694|+|208-1069|ARO:3000942|TEM-76	ATGAGTATTCAACATTTTCGTGTCGCCCTTATTCCCTTTTTTGCGGCATTTTGC...TAA	861	(37) 5967+ (897)	37	897	ATGAGTATTCAACATTTCCGTGTCGCCCTTATTCCCTTTTTTGCGGCATTTTGCCTTCCTGTTTTTGCTCACCCAGAAACGCTGGTGAAAGTAAAAGATGCTGAAGATCAGTTGGGTGCACGAGTGGGTTACATCGAACTGGATCTCAACAGCGGTAAGATCCTTGAGAGTTTTCGCCCCGAAGAACGTTTTCCAATGATGAGCACTTTTAAAGTTCTGCTATGTGGTGCGGTATTATCCCGTGTTGACGCCGGGCAAGAGCAACTCGGTCGCCGCATACACTATTCTCAGAATGACTTGGTTGAGTACTCACCAGTCACAGAAAAGCATCTTACGGATGGCATGACAGTAAGAGAATTATGCAGTGCTGCCATAACCATGAGTGATAACACTGCTGCCAACTTACTTCTGACAACGATCGGAGGACCGAAGGAGCTAACCGCTTTTTTGCACAACATGGGGGATCATGTAACTCGCCTTGATCGTTGGGAACCGGAGCTGAATGAAGCCATACCAAACGACGAGCGTGACACCACGATGCCTGCAGCAATGGCAACAACGTTGCGCAAACTATTAACTGGCGAACTACTTACTCTAGCTTCCCGGCAACAATTAATAGACTGGATGGAGGCGGATAAAGTTGCAGGACCACTTCTGCGCTCGGCCCTTCCGGCTGGCTGGTTTATTGCTGATAAATCTGGAGCCGGTGAGCGTGGGTCTCGCGGTATCATTGCAGCACTGGGGCCAGATGGTAAGCCCTCCCGTATCGTAGTTATCTACACGACGGGGAGTCAGGCAACTATGGATGAACGAAATAGACAGATCGCTGAGATAGGTGCCTCACTGATTAAGCATTGGTAA	ATGAGTATTCAACATTTTCGTGTCGCCCTTATTCCCTTTTTTGCGGCATTTTGC...TAA	861	37	897	861.0	5967+	ATGAGTATTCAACATTTCCGTGTCGCCCTTATTCCCTTTTTTGCGGCATTTTGCCTTCCTGTTTTTGCTCACCCAGAAACGCTGGTGAAAGTAAAAGATGCTGAAGATCAGTTGGGTGCACGAGTGGGTTACATCGAACTGGATCTCAACAGCGGTAAGATCCTTGAGAGTTTTCGCCCCGAAGAACGTTTTCCAATGATGAGCACTTTTAAAGTTCTGCTATGTGGTGCGGTATTATCCCGTGTTGACGCCGGGCAAGAGCAACTCGGTCGCCGCATACACTATTCTCAGAATGACTTGGTTGAGTACTCACCAGTCACAGAAAAGCATCTTACGGATGGCATGACAGTAAGAGAATTATGCAGTGCTGCCATAACCATGAGTGATAACACTGCTGCCAACTTACTTCTGACAACGATCGGAGGACCGAAGGAGCTAACCGCTTTTTTGCACAACATGGGGGATCATGTAACTCGCCTTGATCGTTGGGAACCGGAGCTGAATGAAGCCATACCAAACGACGAGCGTGACACCACGATGCCTGCAGCAATGGCAACAACGTTGCGCAAACTATTAACTGGCGAACTACTTACTCTAGCTTCCCGGCAACAATTAATAGACTGGATGGAGGCGGATAAAGTTGCAGGACCACTTCTGCGCTCGGCCCTTCCGGCTGGCTGGTTTATTGCTGATAAATCTGGAGCCGGTGAGCGTGGGTCTCGCGGTATCATTGCAGCACTGGGGCCAGATGGTAAGCCCTCCCGTATCGTAGTTATCTACACGACGGGGAGTCAGGCAACTATGGATGAACGAAATAGACAGATCGCTGAGATAGGTGCCTCACTGATTAAGCATTGGTAA	ATGAGTATTCAACATTTTCGTGTCGCCCTTATTCCCTTTTTTGCGGCATTTTGC...TAA	861	5967	37	897	True	True	True
33	gb|AF203816|+|210-1071|ARO:3000937|TEM-71	ATGAGTATTCAACATTTCCGTGTCGCCCTTATTCCCTTTTTTGCGGCATTTTGC...TAA	861	(37) 5967+ (897)	37	897	ATGAGTATTCAACATTTCCGTGTCGCCCTTATTCCCTTTTTTGCGGCATTTTGCCTTCCTGTTTTTGCTCACCCAGAAACGCTGGTGAAAGTAAAAGATGCTGAAGATCAGTTGGGTGCACGAGTGGGTTACATCGAACTGGATCTCAACAGCGGTAAGATCCTTGAGAGTTTTCGCCCCGAAGAACGTTTTCCAATGATGAGCACTTTTAAAGTTCTGCTATGTGGTGCGGTATTATCCCGTGTTGACGCCGGGCAAGAGCAACTCGGTCGCCGCATACACTATTCTCAGAATGACTTGGTTGAGTACTCACCAGTCACAGAAAAGCATCTTACGGATGGCATGACAGTAAGAGAATTATGCAGTGCTGCCATAACCATGAGTGATAACACTGCTGCCAACTTACTTCTGACAACGATCGGAGGACCGAAGGAGCTAACCGCTTTTTTGCACAACATGGGGGATCATGTAACTCGCCTTGATCGTTGGGAACCGGAGCTGAATGAAGCCATACCAAACGACGAGCGTGACACCACGATGCCTGCAGCAATGGCAACAACGTTGCGCAAACTATTAACTGGCGAACTACTTACTCTAGCTTCCCGGCAACAATTAATAGACTGGATGGAGGCGGATAAAGTTGCAGGACCACTTCTGCGCTCGGCCCTTCCGGCTGGCTGGTTTATTGCTGATAAATCTGGAGCCGGTGAGCGTGGGTCTCGCGGTATCATTGCAGCACTGGGGCCAGATGGTAAGCCCTCCCGTATCGTAGTTATCTACACGACGGGGAGTCAGGCAACTATGGATGAACGAAATAGACAGATCGCTGAGATAGGTGCCTCACTGATTAAGCATTGGTAA	ATGAGTATTCAACATTTCCGTGTCGCCCTTATTCCCTTTTTTGCGGCATTTTGC...TAA	861	37	897	861.0	5967+	ATGAGTATTCAACATTTCCGTGTCGCCCTTATTCCCTTTTTTGCGGCATTTTGCCTTCCTGTTTTTGCTCACCCAGAAACGCTGGTGAAAGTAAAAGATGCTGAAGATCAGTTGGGTGCACGAGTGGGTTACATCGAACTGGATCTCAACAGCGGTAAGATCCTTGAGAGTTTTCGCCCCGAAGAACGTTTTCCAATGATGAGCACTTTTAAAGTTCTGCTATGTGGTGCGGTATTATCCCGTGTTGACGCCGGGCAAGAGCAACTCGGTCGCCGCATACACTATTCTCAGAATGACTTGGTTGAGTACTCACCAGTCACAGAAAAGCATCTTACGGATGGCATGACAGTAAGAGAATTATGCAGTGCTGCCATAACCATGAGTGATAACACTGCTGCCAACTTACTTCTGACAACGATCGGAGGACCGAAGGAGCTAACCGCTTTTTTGCACAACATGGGGGATCATGTAACTCGCCTTGATCGTTGGGAACCGGAGCTGAATGAAGCCATACCAAACGACGAGCGTGACACCACGATGCCTGCAGCAATGGCAACAACGTTGCGCAAACTATTAACTGGCGAACTACTTACTCTAGCTTCCCGGCAACAATTAATAGACTGGATGGAGGCGGATAAAGTTGCAGGACCACTTCTGCGCTCGGCCCTTCCGGCTGGCTGGTTTATTGCTGATAAATCTGGAGCCGGTGAGCGTGGGTCTCGCGGTATCATTGCAGCACTGGGGCCAGATGGTAAGCCCTCCCGTATCGTAGTTATCTACACGACGGGGAGTCAGGCAACTATGGATGAACGAAATAGACAGATCGCTGAGATAGGTGCCTCACTGATTAAGCATTGGTAA	ATGAGTATTCAACATTTCCGTGTCGCCCTTATTCCCTTTTTTGCGGCATTTTGC...TAA	861	5967	37	897	True	True	True
34	gb|AF208796|+|0-861|ARO:3001083|SHV-25	ATGCGTTATATTCGCCTGTGTATTATCTCCCTGTTAGCCGCCCTGCCGCTGGCG...TAA	861	(24) 5151- (884)	24	884	ATGCGTTATATTCGCCTGTGTATTATCTCCCTGTTAGCCACCCTGCCGCTGGCGGTACACGCCAGCCCGCAGCCGCTTGAGCAAATTAAACAAAGCGAAAGCCAGCTGTCGGGCCGCGTAGGCATGATAGAAATGGATCTGGCCAGCGGCCGCACGCTGACCGCCTGGCGCGCCGATGAACGCTTTCCCATGATGAGCACCTTTAAAGTAGTGCTCTGCGGCGCAGTGCTGGCGCGGGTGGATGCCGGTGACGAACAGCTGGAGCGAAAGATCCACTATCGCCAGCAGGATCTGGTGGACTACTCGCCGGTCAGCGAAAAACACCTTGCCGACGGCATGACGGTCGGCGAACTCTGCGCCGCCGCCATTACCATGAGCGATAACAGCGCCGCCAATCTGCTGCTGGCCACCGTCGGCGGCCCCGCAGGATTGACTGCCTTTTTGCGCCAGATCGGCGACAACGTCACCCGCCTTGACCGCTGGGAAACGGAACTGAATGAGGCGCTTCCCGGCGACGCCCGCGACACCACTACCCCGGCCAGCATGGCCGCGACCCTGCGCAAGCTGCTGACCAGCCAGCGTCTGAGCGCCCGTTCGCAACGGCAGCTGCTGCAGTGGATGGTGGACGATCGGGTCGCCGGACCGTTGATCCGCTCCGTGCTGCCGGCGGGCTGGTTTATCGCCGATAAGACCGGAGCTAGCAAGCGGGGTGCGCGCGGGATTGTCGCCCTGCTTGGCCCGAATAACAAAGCAGAGCGCATCGTGGTGATTTATCTGCGGGATACGCCGGCGAGCATGGCCGAGCGAAATCAGCAAATCGCCGGGATCGGCGCGGCGCTGATCGAGCACTGGCAACGCTAA	ATGCGTTATATTCGCCTGTGTATTATCTCCCTGTTAGCCGCCCTGCCGCTGGCG...TAA	861	1000	999	999.0	999	999	ATGCGTTATATTCGCCTGTGTATTATCTCCCTGTTAGCCGCCCTGCCGCTGGCG...TAA	861	5151	24	884	False	True	False
35	gb|AF226622|+|54-915|ARO:3001073|SHV-14	ATGCGTTATTTTCGCCTGTGTATTATCTCCCTGTTAGCCACCCTGCCGCTGGCG...TAA	861	(24) 5151- (884)	24	884	ATGCGTTATATTCGCCTGTGTATTATCTCCCTGTTAGCCACCCTGCCGCTGGCGGTACACGCCAGCCCGCAGCCGCTTGAGCAAATTAAACAAAGCGAAAGCCAGCTGTCGGGCCGCGTAGGCATGATAGAAATGGATCTGGCCAGCGGCCGCACGCTGACCGCCTGGCGCGCCGATGAACGCTTTCCCATGATGAGCACCTTTAAAGTAGTGCTCTGCGGCGCAGTGCTGGCGCGGGTGGATGCCGGTGACGAACAGCTGGAGCGAAAGATCCACTATCGCCAGCAGGATCTGGTGGACTACTCGCCGGTCAGCGAAAAACACCTTGCCGACGGCATGACGGTCGGCGAACTCTGCGCCGCCGCCATTACCATGAGCGATAACAGCGCCGCCAATCTGCTGCTGGCCACCGTCGGCGGCCCCGCAGGATTGACTGCCTTTTTGCGCCAGATCGGCGACAACGTCACCCGCCTTGACCGCTGGGAAACGGAACTGAATGAGGCGCTTCCCGGCGACGCCCGCGACACCACTACCCCGGCCAGCATGGCCGCGACCCTGCGCAAGCTGCTGACCAGCCAGCGTCTGAGCGCCCGTTCGCAACGGCAGCTGCTGCAGTGGATGGTGGACGATCGGGTCGCCGGACCGTTGATCCGCTCCGTGCTGCCGGCGGGCTGGTTTATCGCCGATAAGACCGGAGCTAGCAAGCGGGGTGCGCGCGGGATTGTCGCCCTGCTTGGCCCGAATAACAAAGCAGAGCGCATCGTGGTGATTTATCTGCGGGATACGCCGGCGAGCATGGCCGAGCGAAATCAGCAAATCGCCGGGATCGGCGCGGCGCTGATCGAGCACTGGCAACGCTAA	ATGCGTTATTTTCGCCTGTGTATTATCTCCCTGTTAGCCACCCTGCCGCTGGCG...TAA	861	1000	999	999.0	999	999	ATGCGTTATTTTCGCCTGTGTATTATCTCCCTGTTAGCCACCCTGCCGCTGGCG...TAA	861	5151	24	884	False	True	False
36	gb|AF227204|+|73-934|ARO:3001084|SHV-26	ATGCGTTATATTCGCCTGTGTATTATCTCCCTGTTAGCCACCCTGCCGCTGGCG...TAA	861	(24) 5151- (884)	24	884	ATGCGTTATATTCGCCTGTGTATTATCTCCCTGTTAGCCACCCTGCCGCTGGCGGTACACGCCAGCCCGCAGCCGCTTGAGCAAATTAAACAAAGCGAAAGCCAGCTGTCGGGCCGCGTAGGCATGATAGAAATGGATCTGGCCAGCGGCCGCACGCTGACCGCCTGGCGCGCCGATGAACGCTTTCCCATGATGAGCACCTTTAAAGTAGTGCTCTGCGGCGCAGTGCTGGCGCGGGTGGATGCCGGTGACGAACAGCTGGAGCGAAAGATCCACTATCGCCAGCAGGATCTGGTGGACTACTCGCCGGTCAGCGAAAAACACCTTGCCGACGGCATGACGGTCGGCGAACTCTGCGCCGCCGCCATTACCATGAGCGATAACAGCGCCGCCAATCTGCTGCTGGCCACCGTCGGCGGCCCCGCAGGATTGACTGCCTTTTTGCGCCAGATCGGCGACAACGTCACCCGCCTTGACCGCTGGGAAACGGAACTGAATGAGGCGCTTCCCGGCGACGCCCGCGACACCACTACCCCGGCCAGCATGGCCGCGACCCTGCGCAAGCTGCTGACCAGCCAGCGTCTGAGCGCCCGTTCGCAACGGCAGCTGCTGCAGTGGATGGTGGACGATCGGGTCGCCGGACCGTTGATCCGCTCCGTGCTGCCGGCGGGCTGGTTTATCGCCGATAAGACCGGAGCTAGCAAGCGGGGTGCGCGCGGGATTGTCGCCCTGCTTGGCCCGAATAACAAAGCAGAGCGCATCGTGGTGATTTATCTGCGGGATACGCCGGCGAGCATGGCCGAGCGAAATCAGCAAATCGCCGGGATCGGCGCGGCGCTGATCGAGCACTGGCAACGCTAA	ATGCGTTATATTCGCCTGTGTATTATCTCCCTGTTAGCCACCCTGCCGCTGGCG...TAA	861	1000	999	999.0	999	999	ATGCGTTATATTCGCCTGTGTATTATCTCCCTGTTAGCCACCCTGCCGCTGGCG...TAA	861	5151	24	884	False	True	False
37	gb|AF250872|+|0-861|ARO:3000954|TEM-87	ATGAGTATTAAACATTTCCGTGTCGCCCTTATTCCCTTTTTTGCGGCATTTTGC...TAA	861	(37) 5967+ (897)	37	897	ATGAGTATTCAACATTTCCGTGTCGCCCTTATTCCCTTTTTTGCGGCATTTTGCCTTCCTGTTTTTGCTCACCCAGAAACGCTGGTGAAAGTAAAAGATGCTGAAGATCAGTTGGGTGCACGAGTGGGTTACATCGAACTGGATCTCAACAGCGGTAAGATCCTTGAGAGTTTTCGCCCCGAAGAACGTTTTCCAATGATGAGCACTTTTAAAGTTCTGCTATGTGGTGCGGTATTATCCCGTGTTGACGCCGGGCAAGAGCAACTCGGTCGCCGCATACACTATTCTCAGAATGACTTGGTTGAGTACTCACCAGTCACAGAAAAGCATCTTACGGATGGCATGACAGTAAGAGAATTATGCAGTGCTGCCATAACCATGAGTGATAACACTGCTGCCAACTTACTTCTGACAACGATCGGAGGACCGAAGGAGCTAACCGCTTTTTTGCACAACATGGGGGATCATGTAACTCGCCTTGATCGTTGGGAACCGGAGCTGAATGAAGCCATACCAAACGACGAGCGTGACACCACGATGCCTGCAGCAATGGCAACAACGTTGCGCAAACTATTAACTGGCGAACTACTTACTCTAGCTTCCCGGCAACAATTAATAGACTGGATGGAGGCGGATAAAGTTGCAGGACCACTTCTGCGCTCGGCCCTTCCGGCTGGCTGGTTTATTGCTGATAAATCTGGAGCCGGTGAGCGTGGGTCTCGCGGTATCATTGCAGCACTGGGGCCAGATGGTAAGCCCTCCCGTATCGTAGTTATCTACACGACGGGGAGTCAGGCAACTATGGATGAACGAAATAGACAGATCGCTGAGATAGGTGCCTCACTGATTAAGCATTGGTAA	ATGAGTATTAAACATTTCCGTGTCGCCCTTATTCCCTTTTTTGCGGCATTTTGC...TAA	861	37	897	861.0	5967+	ATGAGTATTCAACATTTCCGTGTCGCCCTTATTCCCTTTTTTGCGGCATTTTGCCTTCCTGTTTTTGCTCACCCAGAAACGCTGGTGAAAGTAAAAGATGCTGAAGATCAGTTGGGTGCACGAGTGGGTTACATCGAACTGGATCTCAACAGCGGTAAGATCCTTGAGAGTTTTCGCCCCGAAGAACGTTTTCCAATGATGAGCACTTTTAAAGTTCTGCTATGTGGTGCGGTATTATCCCGTGTTGACGCCGGGCAAGAGCAACTCGGTCGCCGCATACACTATTCTCAGAATGACTTGGTTGAGTACTCACCAGTCACAGAAAAGCATCTTACGGATGGCATGACAGTAAGAGAATTATGCAGTGCTGCCATAACCATGAGTGATAACACTGCTGCCAACTTACTTCTGACAACGATCGGAGGACCGAAGGAGCTAACCGCTTTTTTGCACAACATGGGGGATCATGTAACTCGCCTTGATCGTTGGGAACCGGAGCTGAATGAAGCCATACCAAACGACGAGCGTGACACCACGATGCCTGCAGCAATGGCAACAACGTTGCGCAAACTATTAACTGGCGAACTACTTACTCTAGCTTCCCGGCAACAATTAATAGACTGGATGGAGGCGGATAAAGTTGCAGGACCACTTCTGCGCTCGGCCCTTCCGGCTGGCTGGTTTATTGCTGATAAATCTGGAGCCGGTGAGCGTGGGTCTCGCGGTATCATTGCAGCACTGGGGCCAGATGGTAAGCCCTCCCGTATCGTAGTTATCTACACGACGGGGAGTCAGGCAACTATGGATGAACGAAATAGACAGATCGCTGAGATAGGTGCCTCACTGATTAAGCATTGGTAA	ATGAGTATTAAACATTTCCGTGTCGCCCTTATTCCCTTTTTTGCGGCATTTTGC...TAA	861	5967	37	897	True	True	True
38	gb|AF293345|+|0-861|ARO:3001085|SHV-27	ATGCGTTATATTCGCCTGTGTATTATCTCCCTGTTAGCCACCCTGCCGCTGGCG...TAA	861	(24) 5151- (884)	24	884	ATGCGTTATATTCGCCTGTGTATTATCTCCCTGTTAGCCACCCTGCCGCTGGCGGTACACGCCAGCCCGCAGCCGCTTGAGCAAATTAAACAAAGCGAAAGCCAGCTGTCGGGCCGCGTAGGCATGATAGAAATGGATCTGGCCAGCGGCCGCACGCTGACCGCCTGGCGCGCCGATGAACGCTTTCCCATGATGAGCACCTTTAAAGTAGTGCTCTGCGGCGCAGTGCTGGCGCGGGTGGATGCCGGTGACGAACAGCTGGAGCGAAAGATCCACTATCGCCAGCAGGATCTGGTGGACTACTCGCCGGTCAGCGAAAAACACCTTGCCGACGGCATGACGGTCGGCGAACTCTGCGCCGCCGCCATTACCATGAGCGATAACAGCGCCGCCAATCTGCTGCTGGCCACCGTCGGCGGCCCCGCAGGATTGACTGCCTTTTTGCGCCAGATCGGCGACAACGTCACCCGCCTTGACCGCTGGGAAACGGAACTGAATGAGGCGCTTCCCGGCGACGCCCGCGACACCACTACCCCGGCCAGCATGGCCGCGACCCTGCGCAAGCTGCTGACCAGCCAGCGTCTGAGCGCCCGTTCGCAACGGCAGCTGCTGCAGTGGATGGTGGACGATCGGGTCGCCGGACCGTTGATCCGCTCCGTGCTGCCGGCGGGCTGGTTTATCGCCGATAAGACCGGAGCTAGCAAGCGGGGTGCGCGCGGGATTGTCGCCCTGCTTGGCCCGAATAACAAAGCAGAGCGCATCGTGGTGATTTATCTGCGGGATACGCCGGCGAGCATGGCCGAGCGAAATCAGCAAATCGCCGGGATCGGCGCGGCGCTGATCGAGCACTGGCAACGCTAA	ATGCGTTATATTCGCCTGTGTATTATCTCCCTGTTAGCCACCCTGCCGCTGGCG...TAA	861	1000	999	999.0	999	999	ATGCGTTATATTCGCCTGTGTATTATCTCCCTGTTAGCCACCCTGCCGCTGGCG...TAA	861	5151	24	884	False	True	False
39	gb|AF299299|+|0-861|ARO:3001086|SHV-28	ATGCGTTTTATTCGCCTGTGTATTATCTCCCTGTTAGCCACCCTGCCGCTGGCG...TAA	861	(24) 5151- (884)	24	884	ATGCGTTATATTCGCCTGTGTATTATCTCCCTGTTAGCCACCCTGCCGCTGGCGGTACACGCCAGCCCGCAGCCGCTTGAGCAAATTAAACAAAGCGAAAGCCAGCTGTCGGGCCGCGTAGGCATGATAGAAATGGATCTGGCCAGCGGCCGCACGCTGACCGCCTGGCGCGCCGATGAACGCTTTCCCATGATGAGCACCTTTAAAGTAGTGCTCTGCGGCGCAGTGCTGGCGCGGGTGGATGCCGGTGACGAACAGCTGGAGCGAAAGATCCACTATCGCCAGCAGGATCTGGTGGACTACTCGCCGGTCAGCGAAAAACACCTTGCCGACGGCATGACGGTCGGCGAACTCTGCGCCGCCGCCATTACCATGAGCGATAACAGCGCCGCCAATCTGCTGCTGGCCACCGTCGGCGGCCCCGCAGGATTGACTGCCTTTTTGCGCCAGATCGGCGACAACGTCACCCGCCTTGACCGCTGGGAAACGGAACTGAATGAGGCGCTTCCCGGCGACGCCCGCGACACCACTACCCCGGCCAGCATGGCCGCGACCCTGCGCAAGCTGCTGACCAGCCAGCGTCTGAGCGCCCGTTCGCAACGGCAGCTGCTGCAGTGGATGGTGGACGATCGGGTCGCCGGACCGTTGATCCGCTCCGTGCTGCCGGCGGGCTGGTTTATCGCCGATAAGACCGGAGCTAGCAAGCGGGGTGCGCGCGGGATTGTCGCCCTGCTTGGCCCGAATAACAAAGCAGAGCGCATCGTGGTGATTTATCTGCGGGATACGCCGGCGAGCATGGCCGAGCGAAATCAGCAAATCGCCGGGATCGGCGCGGCGCTGATCGAGCACTGGCAACGCTAA	ATGCGTTTTATTCGCCTGTGTATTATCTCCCTGTTAGCCACCCTGCCGCTGGCG...TAA	861	1000	999	999.0	999	999	ATGCGTTTTATTCGCCTGTGTATTATCTCCCTGTTAGCCACCCTGCCGCTGGCG...TAA	861	5151	24	884	False	True	False
40	gb|AF301532|+|7-868|ARO:3001087|SHV-29	ATGCGTTATATTCGCCTGTGTATTATCTCCCTGTTAGCCACCCTGCCGCTGGCG...TAA	861	(24) 5151- (884)	24	884	ATGCGTTATATTCGCCTGTGTATTATCTCCCTGTTAGCCACCCTGCCGCTGGCGGTACACGCCAGCCCGCAGCCGCTTGAGCAAATTAAACAAAGCGAAAGCCAGCTGTCGGGCCGCGTAGGCATGATAGAAATGGATCTGGCCAGCGGCCGCACGCTGACCGCCTGGCGCGCCGATGAACGCTTTCCCATGATGAGCACCTTTAAAGTAGTGCTCTGCGGCGCAGTGCTGGCGCGGGTGGATGCCGGTGACGAACAGCTGGAGCGAAAGATCCACTATCGCCAGCAGGATCTGGTGGACTACTCGCCGGTCAGCGAAAAACACCTTGCCGACGGCATGACGGTCGGCGAACTCTGCGCCGCCGCCATTACCATGAGCGATAACAGCGCCGCCAATCTGCTGCTGGCCACCGTCGGCGGCCCCGCAGGATTGACTGCCTTTTTGCGCCAGATCGGCGACAACGTCACCCGCCTTGACCGCTGGGAAACGGAACTGAATGAGGCGCTTCCCGGCGACGCCCGCGACACCACTACCCCGGCCAGCATGGCCGCGACCCTGCGCAAGCTGCTGACCAGCCAGCGTCTGAGCGCCCGTTCGCAACGGCAGCTGCTGCAGTGGATGGTGGACGATCGGGTCGCCGGACCGTTGATCCGCTCCGTGCTGCCGGCGGGCTGGTTTATCGCCGATAAGACCGGAGCTAGCAAGCGGGGTGCGCGCGGGATTGTCGCCCTGCTTGGCCCGAATAACAAAGCAGAGCGCATCGTGGTGATTTATCTGCGGGATACGCCGGCGAGCATGGCCGAGCGAAATCAGCAAATCGCCGGGATCGGCGCGGCGCTGATCGAGCACTGGCAACGCTAA	ATGCGTTATATTCGCCTGTGTATTATCTCCCTGTTAGCCACCCTGCCGCTGGCG...TAA	861	1000	999	999.0	999	999	ATGCGTTATATTCGCCTGTGTATTATCTCCCTGTTAGCCACCCTGCCGCTGGCG...TAA	861	5151	24	884	False	True	False
41	gb|AF313472|+|15593-16397|ARO:3002639|APH(3'')-Ib	TTGAATCGAACTAATATTTTTTTTGGTGAATCGCATTCTGACTGGTTGCCTGTC...TGA	804	(33) 5093+ (836)	33	836	TTGAATCGAACTAATATTTTTTTTGGTGAATCGCATTCTGACTGGTTGCCTGTCAGAGGCGGAGAATCTGGTGATTTTGTTTTTCGACGTGGTGACGGGCATGCCTTCGCGAAAATCGCACCTGCTTCCCGCCGCGGTGAGCTCGCTGGAGAGCGTGACCGCCTCATTTGGCTCAAAGGTCGAGGTGTGGCTTGCCCCGAGGTGATCAACTGGCAGGAGGAACAGGAGGGTGCATGCTTGGTGATAACGGCAATTCCGGGAGTACCGGCGGCTGATCTGTCTGGAGCGGATTTGCTCAAAGCGTGGCCGTCAATGGGGCAGCAACTTGGCGCTGTTCACAGCCTATCGGTTGATCAATGTCCGTTTGAGCGCAGGCTGTCGCGAATGTTCGGACGCGCCGTTGATGTGGTGTCCCGCAATGCCGTCAATCCCGACTTCTTACCGGACGAGGACAAGAGTACGCCGCAGCTCGATCTTTTGGCTCGTGTCGAACGAGAGCTACCGGTGCGGCTCGACCAAGAGCGCACCGATATGGTTGTTTGCCATGGTGATCCCTGCATGCCGAACTTCATGGTGGACCCTAAAACTCTTCAATGCACGGGTCTGATCGACCTTGGGCGGCTCGGAACAGCAGATCGCTATGCCGATTTGGCACTCATGATTGCTAACGCCGAAGAGAACTGGGCAGCGCCAGATGAAGCAGAGCGCGCCTTCGCTGTCCTATTCAATGTATTGGGGATCGAAGCCCCCGACCGCGAACGCCTTGCCTTCTATCTGCGATTGGACCCTCTGACTTGGGGTTGA	TTGAATCGAACTAATATTTTTTTTGGTGAATCGCATTCTGACTGGTTGCCTGTC...TGA	804	33	836	804.0	5093+	TTGAATCGAACTAATATTTTTTTTGGTGAATCGCATTCTGACTGGTTGCCTGTCAGAGGCGGAGAATCTGGTGATTTTGTTTTTCGACGTGGTGACGGGCATGCCTTCGCGAAAATCGCACCTGCTTCCCGCCGCGGTGAGCTCGCTGGAGAGCGTGACCGCCTCATTTGGCTCAAAGGTCGAGGTGTGGCTTGCCCCGAGGTGATCAACTGGCAGGAGGAACAGGAGGGTGCATGCTTGGTGATAACGGCAATTCCGGGAGTACCGGCGGCTGATCTGTCTGGAGCGGATTTGCTCAAAGCGTGGCCGTCAATGGGGCAGCAACTTGGCGCTGTTCACAGCCTATCGGTTGATCAATGTCCGTTTGAGCGCAGGCTGTCGCGAATGTTCGGACGCGCCGTTGATGTGGTGTCCCGCAATGCCGTCAATCCCGACTTCTTACCGGACGAGGACAAGAGTACGCCGCAGCTCGATCTTTTGGCTCGTGTCGAACGAGAGCTACCGGTGCGGCTCGACCAAGAGCGCACCGATATGGTTGTTTGCCATGGTGATCCCTGCATGCCGAACTTCATGGTGGACCCTAAAACTCTTCAATGCACGGGTCTGATCGACCTTGGGCGGCTCGGAACAGCAGATCGCTATGCCGATTTGGCACTCATGATTGCTAACGCCGAAGAGAACTGGGCAGCGCCAGATGAAGCAGAGCGCGCCTTCGCTGTCCTATTCAATGTATTGGGGATCGAAGCCCCCGACCGCGAACGCCTTGCCTTCTATCTGCGATTGGACCCTCTGACTTGGGGTTGA	TTGAATCGAACTAATATTTTTTTTGGTGAATCGCATTCTGACTGGTTGCCTGTC...TGA	804	5093	33	836	True	True	True
42	gb|AF332513|+|103-964|ARO:3000931|TEM-63	ATGAGTATTCAACATTTCCGTGTCGCCCTTATTCCCTTTTTTGCGGCATTTTGC...TAA	861	(37) 5967+ (897)	37	897	ATGAGTATTCAACATTTCCGTGTCGCCCTTATTCCCTTTTTTGCGGCATTTTGCCTTCCTGTTTTTGCTCACCCAGAAACGCTGGTGAAAGTAAAAGATGCTGAAGATCAGTTGGGTGCACGAGTGGGTTACATCGAACTGGATCTCAACAGCGGTAAGATCCTTGAGAGTTTTCGCCCCGAAGAACGTTTTCCAATGATGAGCACTTTTAAAGTTCTGCTATGTGGTGCGGTATTATCCCGTGTTGACGCCGGGCAAGAGCAACTCGGTCGCCGCATACACTATTCTCAGAATGACTTGGTTGAGTACTCACCAGTCACAGAAAAGCATCTTACGGATGGCATGACAGTAAGAGAATTATGCAGTGCTGCCATAACCATGAGTGATAACACTGCTGCCAACTTACTTCTGACAACGATCGGAGGACCGAAGGAGCTAACCGCTTTTTTGCACAACATGGGGGATCATGTAACTCGCCTTGATCGTTGGGAACCGGAGCTGAATGAAGCCATACCAAACGACGAGCGTGACACCACGATGCCTGCAGCAATGGCAACAACGTTGCGCAAACTATTAACTGGCGAACTACTTACTCTAGCTTCCCGGCAACAATTAATAGACTGGATGGAGGCGGATAAAGTTGCAGGACCACTTCTGCGCTCGGCCCTTCCGGCTGGCTGGTTTATTGCTGATAAATCTGGAGCCGGTGAGCGTGGGTCTCGCGGTATCATTGCAGCACTGGGGCCAGATGGTAAGCCCTCCCGTATCGTAGTTATCTACACGACGGGGAGTCAGGCAACTATGGATGAACGAAATAGACAGATCGCTGAGATAGGTGCCTCACTGATTAAGCATTGGTAA	ATGAGTATTCAACATTTCCGTGTCGCCCTTATTCCCTTTTTTGCGGCATTTTGC...TAA	861	1000	999	999.0	999	999	ATGAGTATTCAACATTTCCGTGTCGCCCTTATTCCCTTTTTTGCGGCATTTTGC...TAA	861	5967	37	897	False	True	False
43	gb|AF347054|+|208-1069|ARO:3000947|TEM-80	ATGAGTATTCAACATTTCCGTGTCGCCCTTATTCCCTTTTTTGCGGCATTTTGC...TAA	861	(37) 5967+ (897)	37	897	ATGAGTATTCAACATTTCCGTGTCGCCCTTATTCCCTTTTTTGCGGCATTTTGCCTTCCTGTTTTTGCTCACCCAGAAACGCTGGTGAAAGTAAAAGATGCTGAAGATCAGTTGGGTGCACGAGTGGGTTACATCGAACTGGATCTCAACAGCGGTAAGATCCTTGAGAGTTTTCGCCCCGAAGAACGTTTTCCAATGATGAGCACTTTTAAAGTTCTGCTATGTGGTGCGGTATTATCCCGTGTTGACGCCGGGCAAGAGCAACTCGGTCGCCGCATACACTATTCTCAGAATGACTTGGTTGAGTACTCACCAGTCACAGAAAAGCATCTTACGGATGGCATGACAGTAAGAGAATTATGCAGTGCTGCCATAACCATGAGTGATAACACTGCTGCCAACTTACTTCTGACAACGATCGGAGGACCGAAGGAGCTAACCGCTTTTTTGCACAACATGGGGGATCATGTAACTCGCCTTGATCGTTGGGAACCGGAGCTGAATGAAGCCATACCAAACGACGAGCGTGACACCACGATGCCTGCAGCAATGGCAACAACGTTGCGCAAACTATTAACTGGCGAACTACTTACTCTAGCTTCCCGGCAACAATTAATAGACTGGATGGAGGCGGATAAAGTTGCAGGACCACTTCTGCGCTCGGCCCTTCCGGCTGGCTGGTTTATTGCTGATAAATCTGGAGCCGGTGAGCGTGGGTCTCGCGGTATCATTGCAGCACTGGGGCCAGATGGTAAGCCCTCCCGTATCGTAGTTATCTACACGACGGGGAGTCAGGCAACTATGGATGAACGAAATAGACAGATCGCTGAGATAGGTGCCTCACTGATTAAGCATTGGTAA	ATGAGTATTCAACATTTCCGTGTCGCCCTTATTCCCTTTTTTGCGGCATTTTGC...TAA	861	37	897	861.0	5967+	ATGAGTATTCAACATTTCCGTGTCGCCCTTATTCCCTTTTTTGCGGCATTTTGCCTTCCTGTTTTTGCTCACCCAGAAACGCTGGTGAAAGTAAAAGATGCTGAAGATCAGTTGGGTGCACGAGTGGGTTACATCGAACTGGATCTCAACAGCGGTAAGATCCTTGAGAGTTTTCGCCCCGAAGAACGTTTTCCAATGATGAGCACTTTTAAAGTTCTGCTATGTGGTGCGGTATTATCCCGTGTTGACGCCGGGCAAGAGCAACTCGGTCGCCGCATACACTATTCTCAGAATGACTTGGTTGAGTACTCACCAGTCACAGAAAAGCATCTTACGGATGGCATGACAGTAAGAGAATTATGCAGTGCTGCCATAACCATGAGTGATAACACTGCTGCCAACTTACTTCTGACAACGATCGGAGGACCGAAGGAGCTAACCGCTTTTTTGCACAACATGGGGGATCATGTAACTCGCCTTGATCGTTGGGAACCGGAGCTGAATGAAGCCATACCAAACGACGAGCGTGACACCACGATGCCTGCAGCAATGGCAACAACGTTGCGCAAACTATTAACTGGCGAACTACTTACTCTAGCTTCCCGGCAACAATTAATAGACTGGATGGAGGCGGATAAAGTTGCAGGACCACTTCTGCGCTCGGCCCTTCCGGCTGGCTGGTTTATTGCTGATAAATCTGGAGCCGGTGAGCGTGGGTCTCGCGGTATCATTGCAGCACTGGGGCCAGATGGTAAGCCCTCCCGTATCGTAGTTATCTACACGACGGGGAGTCAGGCAACTATGGATGAACGAAATAGACAGATCGCTGAGATAGGTGCCTCACTGATTAAGCATTGGTAA	ATGAGTATTCAACATTTCCGTGTCGCCCTTATTCCCTTTTTTGCGGCATTTTGC...TAA	861	5967	37	897	True	True	True
44	gb|AF351241|+|89-950|ARO:3000957|TEM-90	ATGAGTATTCAACATTTCCGTGTCGCCCTTATTCCCTTTTTTGCGGCATTTTGC...TAA	861	(37) 5967+ (897)	37	897	ATGAGTATTCAACATTTCCGTGTCGCCCTTATTCCCTTTTTTGCGGCATTTTGCCTTCCTGTTTTTGCTCACCCAGAAACGCTGGTGAAAGTAAAAGATGCTGAAGATCAGTTGGGTGCACGAGTGGGTTACATCGAACTGGATCTCAACAGCGGTAAGATCCTTGAGAGTTTTCGCCCCGAAGAACGTTTTCCAATGATGAGCACTTTTAAAGTTCTGCTATGTGGTGCGGTATTATCCCGTGTTGACGCCGGGCAAGAGCAACTCGGTCGCCGCATACACTATTCTCAGAATGACTTGGTTGAGTACTCACCAGTCACAGAAAAGCATCTTACGGATGGCATGACAGTAAGAGAATTATGCAGTGCTGCCATAACCATGAGTGATAACACTGCTGCCAACTTACTTCTGACAACGATCGGAGGACCGAAGGAGCTAACCGCTTTTTTGCACAACATGGGGGATCATGTAACTCGCCTTGATCGTTGGGAACCGGAGCTGAATGAAGCCATACCAAACGACGAGCGTGACACCACGATGCCTGCAGCAATGGCAACAACGTTGCGCAAACTATTAACTGGCGAACTACTTACTCTAGCTTCCCGGCAACAATTAATAGACTGGATGGAGGCGGATAAAGTTGCAGGACCACTTCTGCGCTCGGCCCTTCCGGCTGGCTGGTTTATTGCTGATAAATCTGGAGCCGGTGAGCGTGGGTCTCGCGGTATCATTGCAGCACTGGGGCCAGATGGTAAGCCCTCCCGTATCGTAGTTATCTACACGACGGGGAGTCAGGCAACTATGGATGAACGAAATAGACAGATCGCTGAGATAGGTGCCTCACTGATTAAGCATTGGTAA	ATGAGTATTCAACATTTCCGTGTCGCCCTTATTCCCTTTTTTGCGGCATTTTGC...TAA	861	37	897	861.0	5967+	ATGAGTATTCAACATTTCCGTGTCGCCCTTATTCCCTTTTTTGCGGCATTTTGCCTTCCTGTTTTTGCTCACCCAGAAACGCTGGTGAAAGTAAAAGATGCTGAAGATCAGTTGGGTGCACGAGTGGGTTACATCGAACTGGATCTCAACAGCGGTAAGATCCTTGAGAGTTTTCGCCCCGAAGAACGTTTTCCAATGATGAGCACTTTTAAAGTTCTGCTATGTGGTGCGGTATTATCCCGTGTTGACGCCGGGCAAGAGCAACTCGGTCGCCGCATACACTATTCTCAGAATGACTTGGTTGAGTACTCACCAGTCACAGAAAAGCATCTTACGGATGGCATGACAGTAAGAGAATTATGCAGTGCTGCCATAACCATGAGTGATAACACTGCTGCCAACTTACTTCTGACAACGATCGGAGGACCGAAGGAGCTAACCGCTTTTTTGCACAACATGGGGGATCATGTAACTCGCCTTGATCGTTGGGAACCGGAGCTGAATGAAGCCATACCAAACGACGAGCGTGACACCACGATGCCTGCAGCAATGGCAACAACGTTGCGCAAACTATTAACTGGCGAACTACTTACTCTAGCTTCCCGGCAACAATTAATAGACTGGATGGAGGCGGATAAAGTTGCAGGACCACTTCTGCGCTCGGCCCTTCCGGCTGGCTGGTTTATTGCTGATAAATCTGGAGCCGGTGAGCGTGGGTCTCGCGGTATCATTGCAGCACTGGGGCCAGATGGTAAGCCCTCCCGTATCGTAGTTATCTACACGACGGGGAGTCAGGCAACTATGGATGAACGAAATAGACAGATCGCTGAGATAGGTGCCTCACTGATTAAGCATTGGTAA	ATGAGTATTCAACATTTCCGTGTCGCCCTTATTCCCTTTTTTGCGGCATTTTGC...TAA	861	5967	37	897	True	True	True
45	gb|AF427127|+|208-1069|ARO:3000948|TEM-81	ATGAGTATTCAACATTTCCGTGTCGCCCTTATTCCCTTTTTTGCGGCATTTTGC...TAA	861	(37) 5967+ (897)	37	897	ATGAGTATTCAACATTTCCGTGTCGCCCTTATTCCCTTTTTTGCGGCATTTTGCCTTCCTGTTTTTGCTCACCCAGAAACGCTGGTGAAAGTAAAAGATGCTGAAGATCAGTTGGGTGCACGAGTGGGTTACATCGAACTGGATCTCAACAGCGGTAAGATCCTTGAGAGTTTTCGCCCCGAAGAACGTTTTCCAATGATGAGCACTTTTAAAGTTCTGCTATGTGGTGCGGTATTATCCCGTGTTGACGCCGGGCAAGAGCAACTCGGTCGCCGCATACACTATTCTCAGAATGACTTGGTTGAGTACTCACCAGTCACAGAAAAGCATCTTACGGATGGCATGACAGTAAGAGAATTATGCAGTGCTGCCATAACCATGAGTGATAACACTGCTGCCAACTTACTTCTGACAACGATCGGAGGACCGAAGGAGCTAACCGCTTTTTTGCACAACATGGGGGATCATGTAACTCGCCTTGATCGTTGGGAACCGGAGCTGAATGAAGCCATACCAAACGACGAGCGTGACACCACGATGCCTGCAGCAATGGCAACAACGTTGCGCAAACTATTAACTGGCGAACTACTTACTCTAGCTTCCCGGCAACAATTAATAGACTGGATGGAGGCGGATAAAGTTGCAGGACCACTTCTGCGCTCGGCCCTTCCGGCTGGCTGGTTTATTGCTGATAAATCTGGAGCCGGTGAGCGTGGGTCTCGCGGTATCATTGCAGCACTGGGGCCAGATGGTAAGCCCTCCCGTATCGTAGTTATCTACACGACGGGGAGTCAGGCAACTATGGATGAACGAAATAGACAGATCGCTGAGATAGGTGCCTCACTGATTAAGCATTGGTAA	ATGAGTATTCAACATTTCCGTGTCGCCCTTATTCCCTTTTTTGCGGCATTTTGC...TAA	861	37	897	861.0	5967+	ATGAGTATTCAACATTTCCGTGTCGCCCTTATTCCCTTTTTTGCGGCATTTTGCCTTCCTGTTTTTGCTCACCCAGAAACGCTGGTGAAAGTAAAAGATGCTGAAGATCAGTTGGGTGCACGAGTGGGTTACATCGAACTGGATCTCAACAGCGGTAAGATCCTTGAGAGTTTTCGCCCCGAAGAACGTTTTCCAATGATGAGCACTTTTAAAGTTCTGCTATGTGGTGCGGTATTATCCCGTGTTGACGCCGGGCAAGAGCAACTCGGTCGCCGCATACACTATTCTCAGAATGACTTGGTTGAGTACTCACCAGTCACAGAAAAGCATCTTACGGATGGCATGACAGTAAGAGAATTATGCAGTGCTGCCATAACCATGAGTGATAACACTGCTGCCAACTTACTTCTGACAACGATCGGAGGACCGAAGGAGCTAACCGCTTTTTTGCACAACATGGGGGATCATGTAACTCGCCTTGATCGTTGGGAACCGGAGCTGAATGAAGCCATACCAAACGACGAGCGTGACACCACGATGCCTGCAGCAATGGCAACAACGTTGCGCAAACTATTAACTGGCGAACTACTTACTCTAGCTTCCCGGCAACAATTAATAGACTGGATGGAGGCGGATAAAGTTGCAGGACCACTTCTGCGCTCGGCCCTTCCGGCTGGCTGGTTTATTGCTGATAAATCTGGAGCCGGTGAGCGTGGGTCTCGCGGTATCATTGCAGCACTGGGGCCAGATGGTAAGCCCTCCCGTATCGTAGTTATCTACACGACGGGGAGTCAGGCAACTATGGATGAACGAAATAGACAGATCGCTGAGATAGGTGCCTCACTGATTAAGCATTGGTAA	ATGAGTATTCAACATTTCCGTGTCGCCCTTATTCCCTTTTTTGCGGCATTTTGC...TAA	861	5967	37	897	True	True	True
46	gb|AF427128|+|208-1069|ARO:3000949|TEM-82	ATGAGTATTCAACATTTCCGTGTCGCCCTTATTCCCTTTTTTGCGGCATTTTGC...TAA	861	(37) 5967+ (897)	37	897	ATGAGTATTCAACATTTCCGTGTCGCCCTTATTCCCTTTTTTGCGGCATTTTGCCTTCCTGTTTTTGCTCACCCAGAAACGCTGGTGAAAGTAAAAGATGCTGAAGATCAGTTGGGTGCACGAGTGGGTTACATCGAACTGGATCTCAACAGCGGTAAGATCCTTGAGAGTTTTCGCCCCGAAGAACGTTTTCCAATGATGAGCACTTTTAAAGTTCTGCTATGTGGTGCGGTATTATCCCGTGTTGACGCCGGGCAAGAGCAACTCGGTCGCCGCATACACTATTCTCAGAATGACTTGGTTGAGTACTCACCAGTCACAGAAAAGCATCTTACGGATGGCATGACAGTAAGAGAATTATGCAGTGCTGCCATAACCATGAGTGATAACACTGCTGCCAACTTACTTCTGACAACGATCGGAGGACCGAAGGAGCTAACCGCTTTTTTGCACAACATGGGGGATCATGTAACTCGCCTTGATCGTTGGGAACCGGAGCTGAATGAAGCCATACCAAACGACGAGCGTGACACCACGATGCCTGCAGCAATGGCAACAACGTTGCGCAAACTATTAACTGGCGAACTACTTACTCTAGCTTCCCGGCAACAATTAATAGACTGGATGGAGGCGGATAAAGTTGCAGGACCACTTCTGCGCTCGGCCCTTCCGGCTGGCTGGTTTATTGCTGATAAATCTGGAGCCGGTGAGCGTGGGTCTCGCGGTATCATTGCAGCACTGGGGCCAGATGGTAAGCCCTCCCGTATCGTAGTTATCTACACGACGGGGAGTCAGGCAACTATGGATGAACGAAATAGACAGATCGCTGAGATAGGTGCCTCACTGATTAAGCATTGGTAA	ATGAGTATTCAACATTTCCGTGTCGCCCTTATTCCCTTTTTTGCGGCATTTTGC...TAA	861	37	897	861.0	5967+	ATGAGTATTCAACATTTCCGTGTCGCCCTTATTCCCTTTTTTGCGGCATTTTGCCTTCCTGTTTTTGCTCACCCAGAAACGCTGGTGAAAGTAAAAGATGCTGAAGATCAGTTGGGTGCACGAGTGGGTTACATCGAACTGGATCTCAACAGCGGTAAGATCCTTGAGAGTTTTCGCCCCGAAGAACGTTTTCCAATGATGAGCACTTTTAAAGTTCTGCTATGTGGTGCGGTATTATCCCGTGTTGACGCCGGGCAAGAGCAACTCGGTCGCCGCATACACTATTCTCAGAATGACTTGGTTGAGTACTCACCAGTCACAGAAAAGCATCTTACGGATGGCATGACAGTAAGAGAATTATGCAGTGCTGCCATAACCATGAGTGATAACACTGCTGCCAACTTACTTCTGACAACGATCGGAGGACCGAAGGAGCTAACCGCTTTTTTGCACAACATGGGGGATCATGTAACTCGCCTTGATCGTTGGGAACCGGAGCTGAATGAAGCCATACCAAACGACGAGCGTGACACCACGATGCCTGCAGCAATGGCAACAACGTTGCGCAAACTATTAACTGGCGAACTACTTACTCTAGCTTCCCGGCAACAATTAATAGACTGGATGGAGGCGGATAAAGTTGCAGGACCACTTCTGCGCTCGGCCCTTCCGGCTGGCTGGTTTATTGCTGATAAATCTGGAGCCGGTGAGCGTGGGTCTCGCGGTATCATTGCAGCACTGGGGCCAGATGGTAAGCCCTCCCGTATCGTAGTTATCTACACGACGGGGAGTCAGGCAACTATGGATGAACGAAATAGACAGATCGCTGAGATAGGTGCCTCACTGATTAAGCATTGGTAA	ATGAGTATTCAACATTTCCGTGTCGCCCTTATTCCCTTTTTTGCGGCATTTTGC...TAA	861	5967	37	897	True	True	True
47	gb|AF427129|+|208-1069|ARO:3000950|TEM-83	ATGAGTATTCAACATTTCCGTGTCGCCCTTATTCCCTTTTTTGCGGCATTTTGC...TAA	861	(37) 5967+ (897)	37	897	ATGAGTATTCAACATTTCCGTGTCGCCCTTATTCCCTTTTTTGCGGCATTTTGCCTTCCTGTTTTTGCTCACCCAGAAACGCTGGTGAAAGTAAAAGATGCTGAAGATCAGTTGGGTGCACGAGTGGGTTACATCGAACTGGATCTCAACAGCGGTAAGATCCTTGAGAGTTTTCGCCCCGAAGAACGTTTTCCAATGATGAGCACTTTTAAAGTTCTGCTATGTGGTGCGGTATTATCCCGTGTTGACGCCGGGCAAGAGCAACTCGGTCGCCGCATACACTATTCTCAGAATGACTTGGTTGAGTACTCACCAGTCACAGAAAAGCATCTTACGGATGGCATGACAGTAAGAGAATTATGCAGTGCTGCCATAACCATGAGTGATAACACTGCTGCCAACTTACTTCTGACAACGATCGGAGGACCGAAGGAGCTAACCGCTTTTTTGCACAACATGGGGGATCATGTAACTCGCCTTGATCGTTGGGAACCGGAGCTGAATGAAGCCATACCAAACGACGAGCGTGACACCACGATGCCTGCAGCAATGGCAACAACGTTGCGCAAACTATTAACTGGCGAACTACTTACTCTAGCTTCCCGGCAACAATTAATAGACTGGATGGAGGCGGATAAAGTTGCAGGACCACTTCTGCGCTCGGCCCTTCCGGCTGGCTGGTTTATTGCTGATAAATCTGGAGCCGGTGAGCGTGGGTCTCGCGGTATCATTGCAGCACTGGGGCCAGATGGTAAGCCCTCCCGTATCGTAGTTATCTACACGACGGGGAGTCAGGCAACTATGGATGAACGAAATAGACAGATCGCTGAGATAGGTGCCTCACTGATTAAGCATTGGTAA	ATGAGTATTCAACATTTCCGTGTCGCCCTTATTCCCTTTTTTGCGGCATTTTGC...TAA	861	37	897	861.0	5967+	ATGAGTATTCAACATTTCCGTGTCGCCCTTATTCCCTTTTTTGCGGCATTTTGCCTTCCTGTTTTTGCTCACCCAGAAACGCTGGTGAAAGTAAAAGATGCTGAAGATCAGTTGGGTGCACGAGTGGGTTACATCGAACTGGATCTCAACAGCGGTAAGATCCTTGAGAGTTTTCGCCCCGAAGAACGTTTTCCAATGATGAGCACTTTTAAAGTTCTGCTATGTGGTGCGGTATTATCCCGTGTTGACGCCGGGCAAGAGCAACTCGGTCGCCGCATACACTATTCTCAGAATGACTTGGTTGAGTACTCACCAGTCACAGAAAAGCATCTTACGGATGGCATGACAGTAAGAGAATTATGCAGTGCTGCCATAACCATGAGTGATAACACTGCTGCCAACTTACTTCTGACAACGATCGGAGGACCGAAGGAGCTAACCGCTTTTTTGCACAACATGGGGGATCATGTAACTCGCCTTGATCGTTGGGAACCGGAGCTGAATGAAGCCATACCAAACGACGAGCGTGACACCACGATGCCTGCAGCAATGGCAACAACGTTGCGCAAACTATTAACTGGCGAACTACTTACTCTAGCTTCCCGGCAACAATTAATAGACTGGATGGAGGCGGATAAAGTTGCAGGACCACTTCTGCGCTCGGCCCTTCCGGCTGGCTGGTTTATTGCTGATAAATCTGGAGCCGGTGAGCGTGGGTCTCGCGGTATCATTGCAGCACTGGGGCCAGATGGTAAGCCCTCCCGTATCGTAGTTATCTACACGACGGGGAGTCAGGCAACTATGGATGAACGAAATAGACAGATCGCTGAGATAGGTGCCTCACTGATTAAGCATTGGTAA	ATGAGTATTCAACATTTCCGTGTCGCCCTTATTCCCTTTTTTGCGGCATTTTGC...TAA	861	5967	37	897	True	True	True
48	gb|AF427130|+|208-1069|ARO:3000951|TEM-84	ATGAGTATTCAACATTTCCGTGTCGCCCTTATTCCCTTTTTTGCGGCATTTTGC...TAA	861	(37) 5967+ (897)	37	897	ATGAGTATTCAACATTTCCGTGTCGCCCTTATTCCCTTTTTTGCGGCATTTTGCCTTCCTGTTTTTGCTCACCCAGAAACGCTGGTGAAAGTAAAAGATGCTGAAGATCAGTTGGGTGCACGAGTGGGTTACATCGAACTGGATCTCAACAGCGGTAAGATCCTTGAGAGTTTTCGCCCCGAAGAACGTTTTCCAATGATGAGCACTTTTAAAGTTCTGCTATGTGGTGCGGTATTATCCCGTGTTGACGCCGGGCAAGAGCAACTCGGTCGCCGCATACACTATTCTCAGAATGACTTGGTTGAGTACTCACCAGTCACAGAAAAGCATCTTACGGATGGCATGACAGTAAGAGAATTATGCAGTGCTGCCATAACCATGAGTGATAACACTGCTGCCAACTTACTTCTGACAACGATCGGAGGACCGAAGGAGCTAACCGCTTTTTTGCACAACATGGGGGATCATGTAACTCGCCTTGATCGTTGGGAACCGGAGCTGAATGAAGCCATACCAAACGACGAGCGTGACACCACGATGCCTGCAGCAATGGCAACAACGTTGCGCAAACTATTAACTGGCGAACTACTTACTCTAGCTTCCCGGCAACAATTAATAGACTGGATGGAGGCGGATAAAGTTGCAGGACCACTTCTGCGCTCGGCCCTTCCGGCTGGCTGGTTTATTGCTGATAAATCTGGAGCCGGTGAGCGTGGGTCTCGCGGTATCATTGCAGCACTGGGGCCAGATGGTAAGCCCTCCCGTATCGTAGTTATCTACACGACGGGGAGTCAGGCAACTATGGATGAACGAAATAGACAGATCGCTGAGATAGGTGCCTCACTGATTAAGCATTGGTAA	ATGAGTATTCAACATTTCCGTGTCGCCCTTATTCCCTTTTTTGCGGCATTTTGC...TAA	861	37	897	861.0	5967+	ATGAGTATTCAACATTTCCGTGTCGCCCTTATTCCCTTTTTTGCGGCATTTTGCCTTCCTGTTTTTGCTCACCCAGAAACGCTGGTGAAAGTAAAAGATGCTGAAGATCAGTTGGGTGCACGAGTGGGTTACATCGAACTGGATCTCAACAGCGGTAAGATCCTTGAGAGTTTTCGCCCCGAAGAACGTTTTCCAATGATGAGCACTTTTAAAGTTCTGCTATGTGGTGCGGTATTATCCCGTGTTGACGCCGGGCAAGAGCAACTCGGTCGCCGCATACACTATTCTCAGAATGACTTGGTTGAGTACTCACCAGTCACAGAAAAGCATCTTACGGATGGCATGACAGTAAGAGAATTATGCAGTGCTGCCATAACCATGAGTGATAACACTGCTGCCAACTTACTTCTGACAACGATCGGAGGACCGAAGGAGCTAACCGCTTTTTTGCACAACATGGGGGATCATGTAACTCGCCTTGATCGTTGGGAACCGGAGCTGAATGAAGCCATACCAAACGACGAGCGTGACACCACGATGCCTGCAGCAATGGCAACAACGTTGCGCAAACTATTAACTGGCGAACTACTTACTCTAGCTTCCCGGCAACAATTAATAGACTGGATGGAGGCGGATAAAGTTGCAGGACCACTTCTGCGCTCGGCCCTTCCGGCTGGCTGGTTTATTGCTGATAAATCTGGAGCCGGTGAGCGTGGGTCTCGCGGTATCATTGCAGCACTGGGGCCAGATGGTAAGCCCTCCCGTATCGTAGTTATCTACACGACGGGGAGTCAGGCAACTATGGATGAACGAAATAGACAGATCGCTGAGATAGGTGCCTCACTGATTAAGCATTGGTAA	ATGAGTATTCAACATTTCCGTGTCGCCCTTATTCCCTTTTTTGCGGCATTTTGC...TAA	861	5967	37	897	True	True	True
49	gb|AF445082|+|2788-3343|ARO:3002577|AAC(6')-Ib4	GTGACCAACAGCAACGATTCCGTCACACTGCGCCTCATGACTGAGCATGACCTT...TAA	555	(88) 7593+ (642)	88	642	GTGACCAACAGCAACGATTCCGTCACACTGCGCCTCATGACTGAGCATGACCTTGCGATGCTCTATGAGTGGCTAAATCGATCTCATATCGTCGAGTGGTGGGGCGGAGAAGAAGCACGCCCGACACTTGCTGACGTACAGGAACAGTACTTGCCAAGCGTTTTAGCGCAAGAGTCCGTCACTCCATACATTGCAATGCTGAATGGAGAGCCGATTGGGTATGCCCAGTCGTACGTTGCTCTTGGAAGCGGGGACGGATGGTGGGAAGAAGAAACCGATCCAGGAGTACGCGGAATAGACCAGTTACTGGCGAATGCATCACAACTGGGCAAAGGCTTGGGAACCAAGCTGGTTCGAGCTCTGGTTGAGTTGCTGTTCAATGATCCCGAGGTCACCAAGATCCAAACGGACCCGTCGCCGAGCAACTTGCGAGCGATCCGATGCTACGAGAAAGCGGGGTTTGAGAGGCAAGGTACCGTAACCACCCCAGATGGTCCAGCCGTGTACATGGTTCAAACACGCCAGGCATTCGAGCGAACACGCAGTGTTGCCTAA	GTGACCAACAGCAACGATTCCGTCACACTGCGCCTCATGACTGAGCATGACCTT...TAA	555	88	642	555.0	7593+	GTGACCAACAGCAACGATTCCGTCACACTGCGCCTCATGACTGAGCATGACCTTGCGATGCTCTATGAGTGGCTAAATCGATCTCATATCGTCGAGTGGTGGGGCGGAGAAGAAGCACGCCCGACACTTGCTGACGTACAGGAACAGTACTTGCCAAGCGTTTTAGCGCAAGAGTCCGTCACTCCATACATTGCAATGCTGAATGGAGAGCCGATTGGGTATGCCCAGTCGTACGTTGCTCTTGGAAGCGGGGACGGATGGTGGGAAGAAGAAACCGATCCAGGAGTACGCGGAATAGACCAGTTACTGGCGAATGCATCACAACTGGGCAAAGGCTTGGGAACCAAGCTGGTTCGAGCTCTGGTTGAGTTGCTGTTCAATGATCCCGAGGTCACCAAGATCCAAACGGACCCGTCGCCGAGCAACTTGCGAGCGATCCGATGCTACGAGAAAGCGGGGTTTGAGAGGCAAGGTACCGTAACCACCCCAGATGGTCCAGCCGTGTACATGGTTCAAACACGCCAGGCATTCGAGCGAACACGCAGTGTTGCCTAA	GTGACCAACAGCAACGATTCCGTCACACTGCGCCTCATGACTGAGCATGACCTT...TAA	555	7593	88	642	True	True	True
50	gb|AF467947|+|0-861|ARO:3001094|SHV-36	ATGCGTTATGTTCGCCTGTGTATTATCTCCCTGTTAGCCACCCTGCCGCTGGCG...TAA	861	(24) 5151- (884)	24	884	ATGCGTTATATTCGCCTGTGTATTATCTCCCTGTTAGCCACCCTGCCGCTGGCGGTACACGCCAGCCCGCAGCCGCTTGAGCAAATTAAACAAAGCGAAAGCCAGCTGTCGGGCCGCGTAGGCATGATAGAAATGGATCTGGCCAGCGGCCGCACGCTGACCGCCTGGCGCGCCGATGAACGCTTTCCCATGATGAGCACCTTTAAAGTAGTGCTCTGCGGCGCAGTGCTGGCGCGGGTGGATGCCGGTGACGAACAGCTGGAGCGAAAGATCCACTATCGCCAGCAGGATCTGGTGGACTACTCGCCGGTCAGCGAAAAACACCTTGCCGACGGCATGACGGTCGGCGAACTCTGCGCCGCCGCCATTACCATGAGCGATAACAGCGCCGCCAATCTGCTGCTGGCCACCGTCGGCGGCCCCGCAGGATTGACTGCCTTTTTGCGCCAGATCGGCGACAACGTCACCCGCCTTGACCGCTGGGAAACGGAACTGAATGAGGCGCTTCCCGGCGACGCCCGCGACACCACTACCCCGGCCAGCATGGCCGCGACCCTGCGCAAGCTGCTGACCAGCCAGCGTCTGAGCGCCCGTTCGCAACGGCAGCTGCTGCAGTGGATGGTGGACGATCGGGTCGCCGGACCGTTGATCCGCTCCGTGCTGCCGGCGGGCTGGTTTATCGCCGATAAGACCGGAGCTAGCAAGCGGGGTGCGCGCGGGATTGTCGCCCTGCTTGGCCCGAATAACAAAGCAGAGCGCATCGTGGTGATTTATCTGCGGGATACGCCGGCGAGCATGGCCGAGCGAAATCAGCAAATCGCCGGGATCGGCGCGGCGCTGATCGAGCACTGGCAACGCTAA	ATGCGTTATGTTCGCCTGTGTATTATCTCCCTGTTAGCCACCCTGCCGCTGGCG...TAA	861	1000	999	999.0	999	999	ATGCGTTATGTTCGCCTGTGTATTATCTCCCTGTTAGCCACCCTGCCGCTGGCG...TAA	861	5151	24	884	False	True	False
51	gb|AF467948|+|0-861|ARO:3001095|SHV-37	ATGCGTTATATTCGCCTGTGTATTATCTCCCTGTTAGCCGCCCTGCCGCTGGCG...TAA	861	(24) 5151- (884)	24	884	ATGCGTTATATTCGCCTGTGTATTATCTCCCTGTTAGCCACCCTGCCGCTGGCGGTACACGCCAGCCCGCAGCCGCTTGAGCAAATTAAACAAAGCGAAAGCCAGCTGTCGGGCCGCGTAGGCATGATAGAAATGGATCTGGCCAGCGGCCGCACGCTGACCGCCTGGCGCGCCGATGAACGCTTTCCCATGATGAGCACCTTTAAAGTAGTGCTCTGCGGCGCAGTGCTGGCGCGGGTGGATGCCGGTGACGAACAGCTGGAGCGAAAGATCCACTATCGCCAGCAGGATCTGGTGGACTACTCGCCGGTCAGCGAAAAACACCTTGCCGACGGCATGACGGTCGGCGAACTCTGCGCCGCCGCCATTACCATGAGCGATAACAGCGCCGCCAATCTGCTGCTGGCCACCGTCGGCGGCCCCGCAGGATTGACTGCCTTTTTGCGCCAGATCGGCGACAACGTCACCCGCCTTGACCGCTGGGAAACGGAACTGAATGAGGCGCTTCCCGGCGACGCCCGCGACACCACTACCCCGGCCAGCATGGCCGCGACCCTGCGCAAGCTGCTGACCAGCCAGCGTCTGAGCGCCCGTTCGCAACGGCAGCTGCTGCAGTGGATGGTGGACGATCGGGTCGCCGGACCGTTGATCCGCTCCGTGCTGCCGGCGGGCTGGTTTATCGCCGATAAGACCGGAGCTAGCAAGCGGGGTGCGCGCGGGATTGTCGCCCTGCTTGGCCCGAATAACAAAGCAGAGCGCATCGTGGTGATTTATCTGCGGGATACGCCGGCGAGCATGGCCGAGCGAAATCAGCAAATCGCCGGGATCGGCGCGGCGCTGATCGAGCACTGGCAACGCTAA	ATGCGTTATATTCGCCTGTGTATTATCTCCCTGTTAGCCGCCCTGCCGCTGGCG...TAA	861	1000	999	999.0	999	999	ATGCGTTATATTCGCCTGTGTATTATCTCCCTGTTAGCCGCCCTGCCGCTGGCG...TAA	861	5151	24	884	False	True	False
52	gb|AF468003|+|0-861|ARO:3000974|TEM-111	ATGAGTATTCAACATTTCCGTGTCGCCCTTATTCCCTTTTTTGCGGCATTTTGC...TAA	861	(37) 5967+ (897)	37	897	ATGAGTATTCAACATTTCCGTGTCGCCCTTATTCCCTTTTTTGCGGCATTTTGCCTTCCTGTTTTTGCTCACCCAGAAACGCTGGTGAAAGTAAAAGATGCTGAAGATCAGTTGGGTGCACGAGTGGGTTACATCGAACTGGATCTCAACAGCGGTAAGATCCTTGAGAGTTTTCGCCCCGAAGAACGTTTTCCAATGATGAGCACTTTTAAAGTTCTGCTATGTGGTGCGGTATTATCCCGTGTTGACGCCGGGCAAGAGCAACTCGGTCGCCGCATACACTATTCTCAGAATGACTTGGTTGAGTACTCACCAGTCACAGAAAAGCATCTTACGGATGGCATGACAGTAAGAGAATTATGCAGTGCTGCCATAACCATGAGTGATAACACTGCTGCCAACTTACTTCTGACAACGATCGGAGGACCGAAGGAGCTAACCGCTTTTTTGCACAACATGGGGGATCATGTAACTCGCCTTGATCGTTGGGAACCGGAGCTGAATGAAGCCATACCAAACGACGAGCGTGACACCACGATGCCTGCAGCAATGGCAACAACGTTGCGCAAACTATTAACTGGCGAACTACTTACTCTAGCTTCCCGGCAACAATTAATAGACTGGATGGAGGCGGATAAAGTTGCAGGACCACTTCTGCGCTCGGCCCTTCCGGCTGGCTGGTTTATTGCTGATAAATCTGGAGCCGGTGAGCGTGGGTCTCGCGGTATCATTGCAGCACTGGGGCCAGATGGTAAGCCCTCCCGTATCGTAGTTATCTACACGACGGGGAGTCAGGCAACTATGGATGAACGAAATAGACAGATCGCTGAGATAGGTGCCTCACTGATTAAGCATTGGTAA	ATGAGTATTCAACATTTCCGTGTCGCCCTTATTCCCTTTTTTGCGGCATTTTGC...TAA	861	37	897	861.0	5967+	ATGAGTATTCAACATTTCCGTGTCGCCCTTATTCCCTTTTTTGCGGCATTTTGCCTTCCTGTTTTTGCTCACCCAGAAACGCTGGTGAAAGTAAAAGATGCTGAAGATCAGTTGGGTGCACGAGTGGGTTACATCGAACTGGATCTCAACAGCGGTAAGATCCTTGAGAGTTTTCGCCCCGAAGAACGTTTTCCAATGATGAGCACTTTTAAAGTTCTGCTATGTGGTGCGGTATTATCCCGTGTTGACGCCGGGCAAGAGCAACTCGGTCGCCGCATACACTATTCTCAGAATGACTTGGTTGAGTACTCACCAGTCACAGAAAAGCATCTTACGGATGGCATGACAGTAAGAGAATTATGCAGTGCTGCCATAACCATGAGTGATAACACTGCTGCCAACTTACTTCTGACAACGATCGGAGGACCGAAGGAGCTAACCGCTTTTTTGCACAACATGGGGGATCATGTAACTCGCCTTGATCGTTGGGAACCGGAGCTGAATGAAGCCATACCAAACGACGAGCGTGACACCACGATGCCTGCAGCAATGGCAACAACGTTGCGCAAACTATTAACTGGCGAACTACTTACTCTAGCTTCCCGGCAACAATTAATAGACTGGATGGAGGCGGATAAAGTTGCAGGACCACTTCTGCGCTCGGCCCTTCCGGCTGGCTGGTTTATTGCTGATAAATCTGGAGCCGGTGAGCGTGGGTCTCGCGGTATCATTGCAGCACTGGGGCCAGATGGTAAGCCCTCCCGTATCGTAGTTATCTACACGACGGGGAGTCAGGCAACTATGGATGAACGAAATAGACAGATCGCTGAGATAGGTGCCTCACTGATTAAGCATTGGTAA	ATGAGTATTCAACATTTCCGTGTCGCCCTTATTCCCTTTTTTGCGGCATTTTGC...TAA	861	5967	37	897	True	True	True
53	gb|AF495873|+|0-861|ARO:3000964|TEM-101	ATGAGTATTCAACATTTCCGTGTCGCCCTTATTCCCTTTTTTGCGGCATTTTGC...TAA	861	(37) 5967+ (897)	37	897	ATGAGTATTCAACATTTCCGTGTCGCCCTTATTCCCTTTTTTGCGGCATTTTGCCTTCCTGTTTTTGCTCACCCAGAAACGCTGGTGAAAGTAAAAGATGCTGAAGATCAGTTGGGTGCACGAGTGGGTTACATCGAACTGGATCTCAACAGCGGTAAGATCCTTGAGAGTTTTCGCCCCGAAGAACGTTTTCCAATGATGAGCACTTTTAAAGTTCTGCTATGTGGTGCGGTATTATCCCGTGTTGACGCCGGGCAAGAGCAACTCGGTCGCCGCATACACTATTCTCAGAATGACTTGGTTGAGTACTCACCAGTCACAGAAAAGCATCTTACGGATGGCATGACAGTAAGAGAATTATGCAGTGCTGCCATAACCATGAGTGATAACACTGCTGCCAACTTACTTCTGACAACGATCGGAGGACCGAAGGAGCTAACCGCTTTTTTGCACAACATGGGGGATCATGTAACTCGCCTTGATCGTTGGGAACCGGAGCTGAATGAAGCCATACCAAACGACGAGCGTGACACCACGATGCCTGCAGCAATGGCAACAACGTTGCGCAAACTATTAACTGGCGAACTACTTACTCTAGCTTCCCGGCAACAATTAATAGACTGGATGGAGGCGGATAAAGTTGCAGGACCACTTCTGCGCTCGGCCCTTCCGGCTGGCTGGTTTATTGCTGATAAATCTGGAGCCGGTGAGCGTGGGTCTCGCGGTATCATTGCAGCACTGGGGCCAGATGGTAAGCCCTCCCGTATCGTAGTTATCTACACGACGGGGAGTCAGGCAACTATGGATGAACGAAATAGACAGATCGCTGAGATAGGTGCCTCACTGATTAAGCATTGGTAA	ATGAGTATTCAACATTTCCGTGTCGCCCTTATTCCCTTTTTTGCGGCATTTTGC...TAA	861	37	897	861.0	5967+	ATGAGTATTCAACATTTCCGTGTCGCCCTTATTCCCTTTTTTGCGGCATTTTGCCTTCCTGTTTTTGCTCACCCAGAAACGCTGGTGAAAGTAAAAGATGCTGAAGATCAGTTGGGTGCACGAGTGGGTTACATCGAACTGGATCTCAACAGCGGTAAGATCCTTGAGAGTTTTCGCCCCGAAGAACGTTTTCCAATGATGAGCACTTTTAAAGTTCTGCTATGTGGTGCGGTATTATCCCGTGTTGACGCCGGGCAAGAGCAACTCGGTCGCCGCATACACTATTCTCAGAATGACTTGGTTGAGTACTCACCAGTCACAGAAAAGCATCTTACGGATGGCATGACAGTAAGAGAATTATGCAGTGCTGCCATAACCATGAGTGATAACACTGCTGCCAACTTACTTCTGACAACGATCGGAGGACCGAAGGAGCTAACCGCTTTTTTGCACAACATGGGGGATCATGTAACTCGCCTTGATCGTTGGGAACCGGAGCTGAATGAAGCCATACCAAACGACGAGCGTGACACCACGATGCCTGCAGCAATGGCAACAACGTTGCGCAAACTATTAACTGGCGAACTACTTACTCTAGCTTCCCGGCAACAATTAATAGACTGGATGGAGGCGGATAAAGTTGCAGGACCACTTCTGCGCTCGGCCCTTCCGGCTGGCTGGTTTATTGCTGATAAATCTGGAGCCGGTGAGCGTGGGTCTCGCGGTATCATTGCAGCACTGGGGCCAGATGGTAAGCCCTCCCGTATCGTAGTTATCTACACGACGGGGAGTCAGGCAACTATGGATGAACGAAATAGACAGATCGCTGAGATAGGTGCCTCACTGATTAAGCATTGGTAA	ATGAGTATTCAACATTTCCGTGTCGCCCTTATTCCCTTTTTTGCGGCATTTTGC...TAA	861	5967	37	897	True	True	True
54	gb|AF506748|+|38-899|ARO:3000971|TEM-108	ATGGATCCTCAACATTTCCGTGTCGCCCTTATTCCCTTTTTTGCGGCATTTTGC...TAA	861	(45) 5967+ (897)	45	897	TCAACATTTCCGTGTCGCCCTTATTCCCTTTTTTGCGGCATTTTGCCTTCCTGTTTTTGCTCACCCAGAAACGCTGGTGAAAGTAAAAGATGCTGAAGATCAGTTGGGTGCACGAGTGGGTTACATCGAACTGGATCTCAACAGCGGTAAGATCCTTGAGAGTTTTCGCCCCGAAGAACGTTTTCCAATGATGAGCACTTTTAAAGTTCTGCTATGTGGTGCGGTATTATCCCGTGTTGACGCCGGGCAAGAGCAACTCGGTCGCCGCATACACTATTCTCAGAATGACTTGGTTGAGTACTCACCAGTCACAGAAAAGCATCTTACGGATGGCATGACAGTAAGAGAATTATGCAGTGCTGCCATAACCATGAGTGATAACACTGCTGCCAACTTACTTCTGACAACGATCGGAGGACCGAAGGAGCTAACCGCTTTTTTGCACAACATGGGGGATCATGTAACTCGCCTTGATCGTTGGGAACCGGAGCTGAATGAAGCCATACCAAACGACGAGCGTGACACCACGATGCCTGCAGCAATGGCAACAACGTTGCGCAAACTATTAACTGGCGAACTACTTACTCTAGCTTCCCGGCAACAATTAATAGACTGGATGGAGGCGGATAAAGTTGCAGGACCACTTCTGCGCTCGGCCCTTCCGGCTGGCTGGTTTATTGCTGATAAATCTGGAGCCGGTGAGCGTGGGTCTCGCGGTATCATTGCAGCACTGGGGCCAGATGGTAAGCCCTCCCGTATCGTAGTTATCTACACGACGGGGAGTCAGGCAACTATGGATGAACGAAATAGACAGATCGCTGAGATAGGTGCCTCACTGATTAAGCATTGGTAA	ATGGATCCTCAACATTTCCGTGTCGCCCTTATTCCCTTTTTTGCGGCATTTTGC...TAA	861	45	897	861.0	5967+	TCAACATTTCCGTGTCGCCCTTATTCCCTTTTTTGCGGCATTTTGCCTTCCTGTTTTTGCTCACCCAGAAACGCTGGTGAAAGTAAAAGATGCTGAAGATCAGTTGGGTGCACGAGTGGGTTACATCGAACTGGATCTCAACAGCGGTAAGATCCTTGAGAGTTTTCGCCCCGAAGAACGTTTTCCAATGATGAGCACTTTTAAAGTTCTGCTATGTGGTGCGGTATTATCCCGTGTTGACGCCGGGCAAGAGCAACTCGGTCGCCGCATACACTATTCTCAGAATGACTTGGTTGAGTACTCACCAGTCACAGAAAAGCATCTTACGGATGGCATGACAGTAAGAGAATTATGCAGTGCTGCCATAACCATGAGTGATAACACTGCTGCCAACTTACTTCTGACAACGATCGGAGGACCGAAGGAGCTAACCGCTTTTTTGCACAACATGGGGGATCATGTAACTCGCCTTGATCGTTGGGAACCGGAGCTGAATGAAGCCATACCAAACGACGAGCGTGACACCACGATGCCTGCAGCAATGGCAACAACGTTGCGCAAACTATTAACTGGCGAACTACTTACTCTAGCTTCCCGGCAACAATTAATAGACTGGATGGAGGCGGATAAAGTTGCAGGACCACTTCTGCGCTCGGCCCTTCCGGCTGGCTGGTTTATTGCTGATAAATCTGGAGCCGGTGAGCGTGGGTCTCGCGGTATCATTGCAGCACTGGGGCCAGATGGTAAGCCCTCCCGTATCGTAGTTATCTACACGACGGGGAGTCAGGCAACTATGGATGAACGAAATAGACAGATCGCTGAGATAGGTGCCTCACTGATTAAGCATTGGTAA	ATGGATCCTCAACATTTCCGTGTCGCCCTTATTCCCTTTTTTGCGGCATTTTGC...TAA	861	5967	45	897	True	True	True
55	gb|AF516719|+|214-1075|ARO:3000967|TEM-104	ATGAGTATTCAACATTTTCGTGTCGCCCTTATTCCCTTTTTTGCGGCATTTTGC...TAA	861	(37) 5967+ (897)	37	897	ATGAGTATTCAACATTTCCGTGTCGCCCTTATTCCCTTTTTTGCGGCATTTTGCCTTCCTGTTTTTGCTCACCCAGAAACGCTGGTGAAAGTAAAAGATGCTGAAGATCAGTTGGGTGCACGAGTGGGTTACATCGAACTGGATCTCAACAGCGGTAAGATCCTTGAGAGTTTTCGCCCCGAAGAACGTTTTCCAATGATGAGCACTTTTAAAGTTCTGCTATGTGGTGCGGTATTATCCCGTGTTGACGCCGGGCAAGAGCAACTCGGTCGCCGCATACACTATTCTCAGAATGACTTGGTTGAGTACTCACCAGTCACAGAAAAGCATCTTACGGATGGCATGACAGTAAGAGAATTATGCAGTGCTGCCATAACCATGAGTGATAACACTGCTGCCAACTTACTTCTGACAACGATCGGAGGACCGAAGGAGCTAACCGCTTTTTTGCACAACATGGGGGATCATGTAACTCGCCTTGATCGTTGGGAACCGGAGCTGAATGAAGCCATACCAAACGACGAGCGTGACACCACGATGCCTGCAGCAATGGCAACAACGTTGCGCAAACTATTAACTGGCGAACTACTTACTCTAGCTTCCCGGCAACAATTAATAGACTGGATGGAGGCGGATAAAGTTGCAGGACCACTTCTGCGCTCGGCCCTTCCGGCTGGCTGGTTTATTGCTGATAAATCTGGAGCCGGTGAGCGTGGGTCTCGCGGTATCATTGCAGCACTGGGGCCAGATGGTAAGCCCTCCCGTATCGTAGTTATCTACACGACGGGGAGTCAGGCAACTATGGATGAACGAAATAGACAGATCGCTGAGATAGGTGCCTCACTGATTAAGCATTGGTAA	ATGAGTATTCAACATTTTCGTGTCGCCCTTATTCCCTTTTTTGCGGCATTTTGC...TAA	861	37	897	861.0	5967+	ATGAGTATTCAACATTTCCGTGTCGCCCTTATTCCCTTTTTTGCGGCATTTTGCCTTCCTGTTTTTGCTCACCCAGAAACGCTGGTGAAAGTAAAAGATGCTGAAGATCAGTTGGGTGCACGAGTGGGTTACATCGAACTGGATCTCAACAGCGGTAAGATCCTTGAGAGTTTTCGCCCCGAAGAACGTTTTCCAATGATGAGCACTTTTAAAGTTCTGCTATGTGGTGCGGTATTATCCCGTGTTGACGCCGGGCAAGAGCAACTCGGTCGCCGCATACACTATTCTCAGAATGACTTGGTTGAGTACTCACCAGTCACAGAAAAGCATCTTACGGATGGCATGACAGTAAGAGAATTATGCAGTGCTGCCATAACCATGAGTGATAACACTGCTGCCAACTTACTTCTGACAACGATCGGAGGACCGAAGGAGCTAACCGCTTTTTTGCACAACATGGGGGATCATGTAACTCGCCTTGATCGTTGGGAACCGGAGCTGAATGAAGCCATACCAAACGACGAGCGTGACACCACGATGCCTGCAGCAATGGCAACAACGTTGCGCAAACTATTAACTGGCGAACTACTTACTCTAGCTTCCCGGCAACAATTAATAGACTGGATGGAGGCGGATAAAGTTGCAGGACCACTTCTGCGCTCGGCCCTTCCGGCTGGCTGGTTTATTGCTGATAAATCTGGAGCCGGTGAGCGTGGGTCTCGCGGTATCATTGCAGCACTGGGGCCAGATGGTAAGCCCTCCCGTATCGTAGTTATCTACACGACGGGGAGTCAGGCAACTATGGATGAACGAAATAGACAGATCGCTGAGATAGGTGCCTCACTGATTAAGCATTGGTAA	ATGAGTATTCAACATTTTCGTGTCGCCCTTATTCCCTTTTTTGCGGCATTTTGC...TAA	861	5967	37	897	True	True	True
56	gb|AF516720|+|214-1075|ARO:3000968|TEM-105	ATGAGTATTCAACATTTTCGTGTCGCCCTTATTCCCTTTTTTGCGGCATTTTGC...TAA	861	(37) 5967+ (897)	37	897	ATGAGTATTCAACATTTCCGTGTCGCCCTTATTCCCTTTTTTGCGGCATTTTGCCTTCCTGTTTTTGCTCACCCAGAAACGCTGGTGAAAGTAAAAGATGCTGAAGATCAGTTGGGTGCACGAGTGGGTTACATCGAACTGGATCTCAACAGCGGTAAGATCCTTGAGAGTTTTCGCCCCGAAGAACGTTTTCCAATGATGAGCACTTTTAAAGTTCTGCTATGTGGTGCGGTATTATCCCGTGTTGACGCCGGGCAAGAGCAACTCGGTCGCCGCATACACTATTCTCAGAATGACTTGGTTGAGTACTCACCAGTCACAGAAAAGCATCTTACGGATGGCATGACAGTAAGAGAATTATGCAGTGCTGCCATAACCATGAGTGATAACACTGCTGCCAACTTACTTCTGACAACGATCGGAGGACCGAAGGAGCTAACCGCTTTTTTGCACAACATGGGGGATCATGTAACTCGCCTTGATCGTTGGGAACCGGAGCTGAATGAAGCCATACCAAACGACGAGCGTGACACCACGATGCCTGCAGCAATGGCAACAACGTTGCGCAAACTATTAACTGGCGAACTACTTACTCTAGCTTCCCGGCAACAATTAATAGACTGGATGGAGGCGGATAAAGTTGCAGGACCACTTCTGCGCTCGGCCCTTCCGGCTGGCTGGTTTATTGCTGATAAATCTGGAGCCGGTGAGCGTGGGTCTCGCGGTATCATTGCAGCACTGGGGCCAGATGGTAAGCCCTCCCGTATCGTAGTTATCTACACGACGGGGAGTCAGGCAACTATGGATGAACGAAATAGACAGATCGCTGAGATAGGTGCCTCACTGATTAAGCATTGGTAA	ATGAGTATTCAACATTTTCGTGTCGCCCTTATTCCCTTTTTTGCGGCATTTTGC...TAA	861	37	897	861.0	5967+	ATGAGTATTCAACATTTCCGTGTCGCCCTTATTCCCTTTTTTGCGGCATTTTGCCTTCCTGTTTTTGCTCACCCAGAAACGCTGGTGAAAGTAAAAGATGCTGAAGATCAGTTGGGTGCACGAGTGGGTTACATCGAACTGGATCTCAACAGCGGTAAGATCCTTGAGAGTTTTCGCCCCGAAGAACGTTTTCCAATGATGAGCACTTTTAAAGTTCTGCTATGTGGTGCGGTATTATCCCGTGTTGACGCCGGGCAAGAGCAACTCGGTCGCCGCATACACTATTCTCAGAATGACTTGGTTGAGTACTCACCAGTCACAGAAAAGCATCTTACGGATGGCATGACAGTAAGAGAATTATGCAGTGCTGCCATAACCATGAGTGATAACACTGCTGCCAACTTACTTCTGACAACGATCGGAGGACCGAAGGAGCTAACCGCTTTTTTGCACAACATGGGGGATCATGTAACTCGCCTTGATCGTTGGGAACCGGAGCTGAATGAAGCCATACCAAACGACGAGCGTGACACCACGATGCCTGCAGCAATGGCAACAACGTTGCGCAAACTATTAACTGGCGAACTACTTACTCTAGCTTCCCGGCAACAATTAATAGACTGGATGGAGGCGGATAAAGTTGCAGGACCACTTCTGCGCTCGGCCCTTCCGGCTGGCTGGTTTATTGCTGATAAATCTGGAGCCGGTGAGCGTGGGTCTCGCGGTATCATTGCAGCACTGGGGCCAGATGGTAAGCCCTCCCGTATCGTAGTTATCTACACGACGGGGAGTCAGGCAACTATGGATGAACGAAATAGACAGATCGCTGAGATAGGTGCCTCACTGATTAAGCATTGGTAA	ATGAGTATTCAACATTTTCGTGTCGCCCTTATTCCCTTTTTTGCGGCATTTTGC...TAA	861	5967	37	897	True	True	True
57	gb|AF527798.1|+|0-785|ARO:3000879|TEM-7	TTTTTTGCGGCATTTTGCCTTCCTGTTTTTGCTCACCCAGAAACGCTGGTGAAA...ACA	785	(73) 5967+ (857)	73	857	TTTTTTGCGGCATTTTGCCTTCCTGTTTTTGCTCACCCAGAAACGCTGGTGAAAGTAAAAGATGCTGAAGATCAGTTGGGTGCACGAGTGGGTTACATCGAACTGGATCTCAACAGCGGTAAGATCCTTGAGAGTTTTCGCCCCGAAGAACGTTTTCCAATGATGAGCACTTTTAAAGTTCTGCTATGTGGTGCGGTATTATCCCGTGTTGACGCCGGGCAAGAGCAACTCGGTCGCCGCATACACTATTCTCAGAATGACTTGGTTGAGTACTCACCAGTCACAGAAAAGCATCTTACGGATGGCATGACAGTAAGAGAATTATGCAGTGCTGCCATAACCATGAGTGATAACACTGCTGCCAACTTACTTCTGACAACGATCGGAGGACCGAAGGAGCTAACCGCTTTTTTGCACAACATGGGGGATCATGTAACTCGCCTTGATCGTTGGGAACCGGAGCTGAATGAAGCCATACCAAACGACGAGCGTGACACCACGATGCCTGCAGCAATGGCAACAACGTTGCGCAAACTATTAACTGGCGAACTACTTACTCTAGCTTCCCGGCAACAATTAATAGACTGGATGGAGGCGGATAAAGTTGCAGGACCACTTCTGCGCTCGGCCCTTCCGGCTGGCTGGTTTATTGCTGATAAATCTGGAGCCGGTGAGCGTGGGTCTCGCGGTATCATTGCAGCACTGGGGCCAGATGGTAAGCCCTCCCGTATCGTAGTTATCTACACGACGGGGAGTCAGGCAACTATGGATGAACGAAATAGACA	TTTTTTGCGGCATTTTGCCTTCCTGTTTTTGCTCACCCAGAAACGCTGGTGAAA...ACA	785	1000	999	999.0	999	999	TTTTTTGCGGCATTTTGCCTTCCTGTTTTTGCTCACCCAGAAACGCTGGTGAAA...ACA	785				False	False	False
58	gb|AF535127|+|208-1069|ARO:3000978|TEM-115	ATGAGTATTCAACATTTCCGTGTCGCCCTTATTCCCTTTTTTGCGGCATTTTGC...TAA	861	(37) 5967+ (897)	37	897	ATGAGTATTCAACATTTCCGTGTCGCCCTTATTCCCTTTTTTGCGGCATTTTGCCTTCCTGTTTTTGCTCACCCAGAAACGCTGGTGAAAGTAAAAGATGCTGAAGATCAGTTGGGTGCACGAGTGGGTTACATCGAACTGGATCTCAACAGCGGTAAGATCCTTGAGAGTTTTCGCCCCGAAGAACGTTTTCCAATGATGAGCACTTTTAAAGTTCTGCTATGTGGTGCGGTATTATCCCGTGTTGACGCCGGGCAAGAGCAACTCGGTCGCCGCATACACTATTCTCAGAATGACTTGGTTGAGTACTCACCAGTCACAGAAAAGCATCTTACGGATGGCATGACAGTAAGAGAATTATGCAGTGCTGCCATAACCATGAGTGATAACACTGCTGCCAACTTACTTCTGACAACGATCGGAGGACCGAAGGAGCTAACCGCTTTTTTGCACAACATGGGGGATCATGTAACTCGCCTTGATCGTTGGGAACCGGAGCTGAATGAAGCCATACCAAACGACGAGCGTGACACCACGATGCCTGCAGCAATGGCAACAACGTTGCGCAAACTATTAACTGGCGAACTACTTACTCTAGCTTCCCGGCAACAATTAATAGACTGGATGGAGGCGGATAAAGTTGCAGGACCACTTCTGCGCTCGGCCCTTCCGGCTGGCTGGTTTATTGCTGATAAATCTGGAGCCGGTGAGCGTGGGTCTCGCGGTATCATTGCAGCACTGGGGCCAGATGGTAAGCCCTCCCGTATCGTAGTTATCTACACGACGGGGAGTCAGGCAACTATGGATGAACGAAATAGACAGATCGCTGAGATAGGTGCCTCACTGATTAAGCATTGGTAA	ATGAGTATTCAACATTTCCGTGTCGCCCTTATTCCCTTTTTTGCGGCATTTTGC...TAA	861	37	897	861.0	5967+	ATGAGTATTCAACATTTCCGTGTCGCCCTTATTCCCTTTTTTGCGGCATTTTGCCTTCCTGTTTTTGCTCACCCAGAAACGCTGGTGAAAGTAAAAGATGCTGAAGATCAGTTGGGTGCACGAGTGGGTTACATCGAACTGGATCTCAACAGCGGTAAGATCCTTGAGAGTTTTCGCCCCGAAGAACGTTTTCCAATGATGAGCACTTTTAAAGTTCTGCTATGTGGTGCGGTATTATCCCGTGTTGACGCCGGGCAAGAGCAACTCGGTCGCCGCATACACTATTCTCAGAATGACTTGGTTGAGTACTCACCAGTCACAGAAAAGCATCTTACGGATGGCATGACAGTAAGAGAATTATGCAGTGCTGCCATAACCATGAGTGATAACACTGCTGCCAACTTACTTCTGACAACGATCGGAGGACCGAAGGAGCTAACCGCTTTTTTGCACAACATGGGGGATCATGTAACTCGCCTTGATCGTTGGGAACCGGAGCTGAATGAAGCCATACCAAACGACGAGCGTGACACCACGATGCCTGCAGCAATGGCAACAACGTTGCGCAAACTATTAACTGGCGAACTACTTACTCTAGCTTCCCGGCAACAATTAATAGACTGGATGGAGGCGGATAAAGTTGCAGGACCACTTCTGCGCTCGGCCCTTCCGGCTGGCTGGTTTATTGCTGATAAATCTGGAGCCGGTGAGCGTGGGTCTCGCGGTATCATTGCAGCACTGGGGCCAGATGGTAAGCCCTCCCGTATCGTAGTTATCTACACGACGGGGAGTCAGGCAACTATGGATGAACGAAATAGACAGATCGCTGAGATAGGTGCCTCACTGATTAAGCATTGGTAA	ATGAGTATTCAACATTTCCGTGTCGCCCTTATTCCCTTTTTTGCGGCATTTTGC...TAA	861	5967	37	897	True	True	True
59	gb|AF535128|+|0-861|ARO:3001098|SHV-40	ATGCGTTATATTCGCCTGTGTATTATCTCCCTGTTAGCCACCCTGCCGCTGGCG...TAA	861	(24) 5151- (884)	24	884	ATGCGTTATATTCGCCTGTGTATTATCTCCCTGTTAGCCACCCTGCCGCTGGCGGTACACGCCAGCCCGCAGCCGCTTGAGCAAATTAAACAAAGCGAAAGCCAGCTGTCGGGCCGCGTAGGCATGATAGAAATGGATCTGGCCAGCGGCCGCACGCTGACCGCCTGGCGCGCCGATGAACGCTTTCCCATGATGAGCACCTTTAAAGTAGTGCTCTGCGGCGCAGTGCTGGCGCGGGTGGATGCCGGTGACGAACAGCTGGAGCGAAAGATCCACTATCGCCAGCAGGATCTGGTGGACTACTCGCCGGTCAGCGAAAAACACCTTGCCGACGGCATGACGGTCGGCGAACTCTGCGCCGCCGCCATTACCATGAGCGATAACAGCGCCGCCAATCTGCTGCTGGCCACCGTCGGCGGCCCCGCAGGATTGACTGCCTTTTTGCGCCAGATCGGCGACAACGTCACCCGCCTTGACCGCTGGGAAACGGAACTGAATGAGGCGCTTCCCGGCGACGCCCGCGACACCACTACCCCGGCCAGCATGGCCGCGACCCTGCGCAAGCTGCTGACCAGCCAGCGTCTGAGCGCCCGTTCGCAACGGCAGCTGCTGCAGTGGATGGTGGACGATCGGGTCGCCGGACCGTTGATCCGCTCCGTGCTGCCGGCGGGCTGGTTTATCGCCGATAAGACCGGAGCTAGCAAGCGGGGTGCGCGCGGGATTGTCGCCCTGCTTGGCCCGAATAACAAAGCAGAGCGCATCGTGGTGATTTATCTGCGGGATACGCCGGCGAGCATGGCCGAGCGAAATCAGCAAATCGCCGGGATCGGCGCGGCGCTGATCGAGCACTGGCAACGCTAA	ATGCGTTATATTCGCCTGTGTATTATCTCCCTGTTAGCCACCCTGCCGCTGGCG...TAA	861	1000	999	999.0	999	999	ATGCGTTATATTCGCCTGTGTATTATCTCCCTGTTAGCCACCCTGCCGCTGGCG...TAA	861	5151	24	884	False	True	False
60	gb|AF535129|+|0-861|ARO:3001099|SHV-41	ATGCGTTATATTCGCCTGTGTATTATCTCCCTGTTAGCCACCCTGCCGCTGGCG...TAA	861	(24) 5151- (884)	24	884	ATGCGTTATATTCGCCTGTGTATTATCTCCCTGTTAGCCACCCTGCCGCTGGCGGTACACGCCAGCCCGCAGCCGCTTGAGCAAATTAAACAAAGCGAAAGCCAGCTGTCGGGCCGCGTAGGCATGATAGAAATGGATCTGGCCAGCGGCCGCACGCTGACCGCCTGGCGCGCCGATGAACGCTTTCCCATGATGAGCACCTTTAAAGTAGTGCTCTGCGGCGCAGTGCTGGCGCGGGTGGATGCCGGTGACGAACAGCTGGAGCGAAAGATCCACTATCGCCAGCAGGATCTGGTGGACTACTCGCCGGTCAGCGAAAAACACCTTGCCGACGGCATGACGGTCGGCGAACTCTGCGCCGCCGCCATTACCATGAGCGATAACAGCGCCGCCAATCTGCTGCTGGCCACCGTCGGCGGCCCCGCAGGATTGACTGCCTTTTTGCGCCAGATCGGCGACAACGTCACCCGCCTTGACCGCTGGGAAACGGAACTGAATGAGGCGCTTCCCGGCGACGCCCGCGACACCACTACCCCGGCCAGCATGGCCGCGACCCTGCGCAAGCTGCTGACCAGCCAGCGTCTGAGCGCCCGTTCGCAACGGCAGCTGCTGCAGTGGATGGTGGACGATCGGGTCGCCGGACCGTTGATCCGCTCCGTGCTGCCGGCGGGCTGGTTTATCGCCGATAAGACCGGAGCTAGCAAGCGGGGTGCGCGCGGGATTGTCGCCCTGCTTGGCCCGAATAACAAAGCAGAGCGCATCGTGGTGATTTATCTGCGGGATACGCCGGCGAGCATGGCCGAGCGAAATCAGCAAATCGCCGGGATCGGCGCGGCGCTGATCGAGCACTGGCAACGCTAA	ATGCGTTATATTCGCCTGTGTATTATCTCCCTGTTAGCCACCCTGCCGCTGGCG...TAA	861	1000	999	999.0	999	999	ATGCGTTATATTCGCCTGTGTATTATCTCCCTGTTAGCCACCCTGCCGCTGGCG...TAA	861	5151	24	884	False	True	False
61	gb|AF535130|+|0-861|ARO:3001100|SHV-42	ATGCGTTATATTCGCCTGTGTATTATCTCCCTGTTAGCCACCCTGCCGCTGGCG...TAA	861	(24) 5151- (884)	24	884	ATGCGTTATATTCGCCTGTGTATTATCTCCCTGTTAGCCACCCTGCCGCTGGCGGTACACGCCAGCCCGCAGCCGCTTGAGCAAATTAAACAAAGCGAAAGCCAGCTGTCGGGCCGCGTAGGCATGATAGAAATGGATCTGGCCAGCGGCCGCACGCTGACCGCCTGGCGCGCCGATGAACGCTTTCCCATGATGAGCACCTTTAAAGTAGTGCTCTGCGGCGCAGTGCTGGCGCGGGTGGATGCCGGTGACGAACAGCTGGAGCGAAAGATCCACTATCGCCAGCAGGATCTGGTGGACTACTCGCCGGTCAGCGAAAAACACCTTGCCGACGGCATGACGGTCGGCGAACTCTGCGCCGCCGCCATTACCATGAGCGATAACAGCGCCGCCAATCTGCTGCTGGCCACCGTCGGCGGCCCCGCAGGATTGACTGCCTTTTTGCGCCAGATCGGCGACAACGTCACCCGCCTTGACCGCTGGGAAACGGAACTGAATGAGGCGCTTCCCGGCGACGCCCGCGACACCACTACCCCGGCCAGCATGGCCGCGACCCTGCGCAAGCTGCTGACCAGCCAGCGTCTGAGCGCCCGTTCGCAACGGCAGCTGCTGCAGTGGATGGTGGACGATCGGGTCGCCGGACCGTTGATCCGCTCCGTGCTGCCGGCGGGCTGGTTTATCGCCGATAAGACCGGAGCTAGCAAGCGGGGTGCGCGCGGGATTGTCGCCCTGCTTGGCCCGAATAACAAAGCAGAGCGCATCGTGGTGATTTATCTGCGGGATACGCCGGCGAGCATGGCCGAGCGAAATCAGCAAATCGCCGGGATCGGCGCGGCGCTGATCGAGCACTGGCAACGCTAA	ATGCGTTATATTCGCCTGTGTATTATCTCCCTGTTAGCCACCCTGCCGCTGGCG...TAA	861	24	884	861.0	5151-	ATGCGTTATATTCGCCTGTGTATTATCTCCCTGTTAGCCACCCTGCCGCTGGCGGTACACGCCAGCCCGCAGCCGCTTGAGCAAATTAAACAAAGCGAAAGCCAGCTGTCGGGCCGCGTAGGCATGATAGAAATGGATCTGGCCAGCGGCCGCACGCTGACCGCCTGGCGCGCCGATGAACGCTTTCCCATGATGAGCACCTTTAAAGTAGTGCTCTGCGGCGCAGTGCTGGCGCGGGTGGATGCCGGTGACGAACAGCTGGAGCGAAAGATCCACTATCGCCAGCAGGATCTGGTGGACTACTCGCCGGTCAGCGAAAAACACCTTGCCGACGGCATGACGGTCGGCGAACTCTGCGCCGCCGCCATTACCATGAGCGATAACAGCGCCGCCAATCTGCTGCTGGCCACCGTCGGCGGCCCCGCAGGATTGACTGCCTTTTTGCGCCAGATCGGCGACAACGTCACCCGCCTTGACCGCTGGGAAACGGAACTGAATGAGGCGCTTCCCGGCGACGCCCGCGACACCACTACCCCGGCCAGCATGGCCGCGACCCTGCGCAAGCTGCTGACCAGCCAGCGTCTGAGCGCCCGTTCGCAACGGCAGCTGCTGCAGTGGATGGTGGACGATCGGGTCGCCGGACCGTTGATCCGCTCCGTGCTGCCGGCGGGCTGGTTTATCGCCGATAAGACCGGAGCTAGCAAGCGGGGTGCGCGCGGGATTGTCGCCCTGCTTGGCCCGAATAACAAAGCAGAGCGCATCGTGGTGATTTATCTGCGGGATACGCCGGCGAGCATGGCCGAGCGAAATCAGCAAATCGCCGGGATCGGCGCGGCGCTGATCGAGCACTGGCAACGCTAA	ATGCGTTATATTCGCCTGTGTATTATCTCCCTGTTAGCCACCCTGCCGCTGGCG...TAA	861	5151	24	884	True	True	True
62	gb|AF547625|+|0-861|ARO:3001103|SHV-45	ATGCGTTATATTCGCCTGTGTATTATCTCCCTGTTAGCCACCCTGCCGCTGGCG...TAA	861	(24) 5151- (884)	24	884	ATGCGTTATATTCGCCTGTGTATTATCTCCCTGTTAGCCACCCTGCCGCTGGCGGTACACGCCAGCCCGCAGCCGCTTGAGCAAATTAAACAAAGCGAAAGCCAGCTGTCGGGCCGCGTAGGCATGATAGAAATGGATCTGGCCAGCGGCCGCACGCTGACCGCCTGGCGCGCCGATGAACGCTTTCCCATGATGAGCACCTTTAAAGTAGTGCTCTGCGGCGCAGTGCTGGCGCGGGTGGATGCCGGTGACGAACAGCTGGAGCGAAAGATCCACTATCGCCAGCAGGATCTGGTGGACTACTCGCCGGTCAGCGAAAAACACCTTGCCGACGGCATGACGGTCGGCGAACTCTGCGCCGCCGCCATTACCATGAGCGATAACAGCGCCGCCAATCTGCTGCTGGCCACCGTCGGCGGCCCCGCAGGATTGACTGCCTTTTTGCGCCAGATCGGCGACAACGTCACCCGCCTTGACCGCTGGGAAACGGAACTGAATGAGGCGCTTCCCGGCGACGCCCGCGACACCACTACCCCGGCCAGCATGGCCGCGACCCTGCGCAAGCTGCTGACCAGCCAGCGTCTGAGCGCCCGTTCGCAACGGCAGCTGCTGCAGTGGATGGTGGACGATCGGGTCGCCGGACCGTTGATCCGCTCCGTGCTGCCGGCGGGCTGGTTTATCGCCGATAAGACCGGAGCTAGCAAGCGGGGTGCGCGCGGGATTGTCGCCCTGCTTGGCCCGAATAACAAAGCAGAGCGCATCGTGGTGATTTATCTGCGGGATACGCCGGCGAGCATGGCCGAGCGAAATCAGCAAATCGCCGGGATCGGCGCGGCGCTGATCGAGCACTGGCAACGCTAA	ATGCGTTATATTCGCCTGTGTATTATCTCCCTGTTAGCCACCCTGCCGCTGGCG...TAA	861	24	884	861.0	5151-	ATGCGTTATATTCGCCTGTGTATTATCTCCCTGTTAGCCACCCTGCCGCTGGCGGTACACGCCAGCCCGCAGCCGCTTGAGCAAATTAAACAAAGCGAAAGCCAGCTGTCGGGCCGCGTAGGCATGATAGAAATGGATCTGGCCAGCGGCCGCACGCTGACCGCCTGGCGCGCCGATGAACGCTTTCCCATGATGAGCACCTTTAAAGTAGTGCTCTGCGGCGCAGTGCTGGCGCGGGTGGATGCCGGTGACGAACAGCTGGAGCGAAAGATCCACTATCGCCAGCAGGATCTGGTGGACTACTCGCCGGTCAGCGAAAAACACCTTGCCGACGGCATGACGGTCGGCGAACTCTGCGCCGCCGCCATTACCATGAGCGATAACAGCGCCGCCAATCTGCTGCTGGCCACCGTCGGCGGCCCCGCAGGATTGACTGCCTTTTTGCGCCAGATCGGCGACAACGTCACCCGCCTTGACCGCTGGGAAACGGAACTGAATGAGGCGCTTCCCGGCGACGCCCGCGACACCACTACCCCGGCCAGCATGGCCGCGACCCTGCGCAAGCTGCTGACCAGCCAGCGTCTGAGCGCCCGTTCGCAACGGCAGCTGCTGCAGTGGATGGTGGACGATCGGGTCGCCGGACCGTTGATCCGCTCCGTGCTGCCGGCGGGCTGGTTTATCGCCGATAAGACCGGAGCTAGCAAGCGGGGTGCGCGCGGGATTGTCGCCCTGCTTGGCCCGAATAACAAAGCAGAGCGCATCGTGGTGATTTATCTGCGGGATACGCCGGCGAGCATGGCCGAGCGAAATCAGCAAATCGCCGGGATCGGCGCGGCGCTGATCGAGCACTGGCAACGCTAA	ATGCGTTATATTCGCCTGTGTATTATCTCCCTGTTAGCCACCCTGCCGCTGGCG...TAA	861	5151	24	884	True	True	True
63	gb|AF550679.1|-|80976-81768|ARO:3002601|aadA	ATGAGGGAAGCGGTGATCGCCGAAGTATCGACTCAACTATCAGAGGTAGTTGGC...TAA	792	{(712) 7593+ (1500) , (1688) 7591+ (2477)}	{712, 1688}	{1500, 2477}	{ATGAGGGAAGCGGTGATCGCCGAAGTATCGACTCAACTATCAGAGGTAGTTGGCGTCATCGAGCGCCATCTCGAACCGACGTTGCTGGCCGTACATTTGTACGGCTCCGCAGTGGATGGCGGCCTGAAGCCACACAGTGATATTGATTTGCTGGTTACGGTGACCGTAAGGCTTGATGAAACAACGCGGCGAGCTTTGATCAACGACCTTTTGGAAACTTCGGCTTCCCCTGGAGAGAGCGAGATTCTCCGCGCTGTAGAAGTCACCATTGTTGTGCACGACGACATCATTCCGTGGCGTTATCCAGCTAAGCGCGAACTGCAATTTGGAGAATGGCAGCGCAATGACATTCTTGCAGGTATCTTCGAGCCAGCCACGATCGACATTGATCTGGCTATCTTGCTGACAAAAGCAAGAGAACATAGCGTTGCCTTGGTAGGTCCAGCGGCGGAGGAACTCTTTGATCCGGTTCCTGAACAGGATCTATTTGAGGCGCTAAATGAAACCTTAACGCTATGGAACTCGCCGCCCGACTGGGCTGGCGATGAGCGAAATGTAGTGCTTACGTTGTCCCGCATTTGGTACAGCGCAGTAACCGGCAAAATCGCGCCGAAGGATGTCGCTGCCGACTGGGCAATGGAGCGCCTGCCGGCCCAGTATCAGCCCGTCATACTTGAAGCTAGGCAGGCTTATCTTGGACAAGAAGATCGCTTGGCCTCGCGCGCAGATCAGTTGGAAGAATTTGTTCACTACGTGAAAGGCGAGATCACCAAGGTAGTCGGCAAATAA, ATGAGGGTAGCGGTGACCATCGAAATTTCGAACCAACTATCAGAGGTGCTAAGCGTCATTGAGCGCCATCTGGAATCAACGTTGCTGGCCGTGCATTTGTACGGCTCCGCAGTGGATGGCGGCCTGAAGCCATACAGCGATATTGATTTGTTGGTTACTGTGGCCGTAAAGCTTGATGAAACGACGCGGCGAGCATTGCTCAATGACCTTATGGAGGCTTCGGCTTTCCCTGGCGAGAGCGAGACGCTCCGCGCTATAGAAGTCACCCTTGTCGTGCATGACGACATCATCCCGTGGCGTTATCCGGCTAAGCGCGAGCTGCAATTTGGAGAATGGCAGCGCAATGACATTCTTGCGGGTATCTTCGAGCCAGCCATGATCGACATTGATCTAGCTATCCTGCTTACAAAAGCAAGAGAACATAGCGTTGCCTTGGTAGGTCCGGCAGCGGAGGAATTCTTTGACCCGGTTCCTGAACAGGATCTATTCGAGGCGCTGAGGGAAACCTTGAAGCTATGGAACTCGCAGCCCGACTGGGCCGGCGATGAGCGAAATGTAGTGCTTACGTTGTCCCGCATTTGGTACAGCGCAATAACCGGCAAAATCGCGCCGAAGGATGTCGCTGCCGACTGGGCAATAAAACGCCTACCTGCCCAGTATCAGCCCGTCTTACTTGAAGCTAAGCAAGCTTATCTGGGACAAAAAGAAGATCACTTGGCCTCACGCGCAGATCACTTGGAAGAATTTATTCGCTTTGTGAAAGGCGAGATCATCAAGTCAGTTGGTAAAT}	ATGAGGGAAGCGGTGATCGCCGAAGTATCGACTCAACTATCAGAGGTAGTTGGC...TAA	792	712	1500	792.0	7593+	ATGAGGGAAGCGGTGATCGCCGAAGTATCGACTCAACTATCAGAGGTAGTTGGCGTCATCGAGCGCCATCTCGAACCGACGTTGCTGGCCGTACATTTGTACGGCTCCGCAGTGGATGGCGGCCTGAAGCCACACAGTGATATTGATTTGCTGGTTACGGTGACCGTAAGGCTTGATGAAACAACGCGGCGAGCTTTGATCAACGACCTTTTGGAAACTTCGGCTTCCCCTGGAGAGAGCGAGATTCTCCGCGCTGTAGAAGTCACCATTGTTGTGCACGACGACATCATTCCGTGGCGTTATCCAGCTAAGCGCGAACTGCAATTTGGAGAATGGCAGCGCAATGACATTCTTGCAGGTATCTTCGAGCCAGCCACGATCGACATTGATCTGGCTATCTTGCTGACAAAAGCAAGAGAACATAGCGTTGCCTTGGTAGGTCCAGCGGCGGAGGAACTCTTTGATCCGGTTCCTGAACAGGATCTATTTGAGGCGCTAAATGAAACCTTAACGCTATGGAACTCGCCGCCCGACTGGGCTGGCGATGAGCGAAATGTAGTGCTTACGTTGTCCCGCATTTGGTACAGCGCAGTAACCGGCAAAATCGCGCCGAAGGATGTCGCTGCCGACTGGGCAATGGAGCGCCTGCCGGCCCAGTATCAGCCCGTCATACTTGAAGCTAGGCAGGCTTATCTTGGACAAGAAGATCGCTTGGCCTCGCGCGCAGATCAGTTGGAAGAATTTGTTCACTACGTGAAAGGCGAGATCACCAAGGTAGTCGGCAAATAA	ATGAGGGAAGCGGTGATCGCCGAAGTATCGACTCAACTATCAGAGGTAGTTGGC...TAA	792	7593	712	1500	False	False	True
64	gb|AHLO01000073.1|+|63138-63558|ARO:3004661|Staphylococcus_aureus_FosB	ATGTTAAAATCTATTAATCATATATGCTTTTCAGTCAGAAATTTAAACGATTCA...TAA	420	(142) 2925+ (561)	142	561	ATGTTAAAATCTATTAATCATATATGCTTTTCAGTCAGAAATTTAAACGATTCAATACATTTTTATAGAGATATTTTACTTGGGAAATTGCTATTGACTGGTAAAAAAACTGCTTATTTTGAGCTTGCAGGCCTATGGATTGCTTTAAATGAAGAAAAAGATATACCACGTAATGAAATTCACTTTTCATATACACATATAGCTTTCACTATAGATGACAGCGAATTTAAATATTGGCATCAGAGGTTAAAAGATAATAACGTGAATATTTTAGAAGGAAGAGTTAGAGATATTAGAGATAGACAATCAATTTACTTTACTGACCCTGATGGTCATAAGCTAGAATTACATACTGGCACACTTGAGAACAGATTAAATTATTATAAAGAGGCTAAACCACATATGACATTTTACAAATAA	ATGTTAAAATCTATTAATCATATATGCTTTTCAGTCAGAAATTTAAACGATTCA...TAA	420	142	561	420.0	2925+	ATGTTAAAATCTATTAATCATATATGCTTTTCAGTCAGAAATTTAAACGATTCAATACATTTTTATAGAGATATTTTACTTGGGAAATTGCTATTGACTGGTAAAAAAACTGCTTATTTTGAGCTTGCAGGCCTATGGATTGCTTTAAATGAAGAAAAAGATATACCACGTAATGAAATTCACTTTTCATATACACATATAGCTTTCACTATAGATGACAGCGAATTTAAATATTGGCATCAGAGGTTAAAAGATAATAACGTGAATATTTTAGAAGGAAGAGTTAGAGATATTAGAGATAGACAATCAATTTACTTTACTGACCCTGATGGTCATAAGCTAGAATTACATACTGGCACACTTGAGAACAGATTAAATTATTATAAAGAGGCTAAACCACATATGACATTTTACAAATAA	ATGTTAAAATCTATTAATCATATATGCTTTTCAGTCAGAAATTTAAACGATTCA...TAA	420	2925	142	561	True	True	True
65	gb|AJ011428|+|0-861|ARO:3001074|SHV-15	ATGCGTTATATTCGCCTGTGTATTATCTCCCTGTTAGCCACCCTGCCGCTGGCG...TAA	861	(24) 5151- (884)	24	884	ATGCGTTATATTCGCCTGTGTATTATCTCCCTGTTAGCCACCCTGCCGCTGGCGGTACACGCCAGCCCGCAGCCGCTTGAGCAAATTAAACAAAGCGAAAGCCAGCTGTCGGGCCGCGTAGGCATGATAGAAATGGATCTGGCCAGCGGCCGCACGCTGACCGCCTGGCGCGCCGATGAACGCTTTCCCATGATGAGCACCTTTAAAGTAGTGCTCTGCGGCGCAGTGCTGGCGCGGGTGGATGCCGGTGACGAACAGCTGGAGCGAAAGATCCACTATCGCCAGCAGGATCTGGTGGACTACTCGCCGGTCAGCGAAAAACACCTTGCCGACGGCATGACGGTCGGCGAACTCTGCGCCGCCGCCATTACCATGAGCGATAACAGCGCCGCCAATCTGCTGCTGGCCACCGTCGGCGGCCCCGCAGGATTGACTGCCTTTTTGCGCCAGATCGGCGACAACGTCACCCGCCTTGACCGCTGGGAAACGGAACTGAATGAGGCGCTTCCCGGCGACGCCCGCGACACCACTACCCCGGCCAGCATGGCCGCGACCCTGCGCAAGCTGCTGACCAGCCAGCGTCTGAGCGCCCGTTCGCAACGGCAGCTGCTGCAGTGGATGGTGGACGATCGGGTCGCCGGACCGTTGATCCGCTCCGTGCTGCCGGCGGGCTGGTTTATCGCCGATAAGACCGGAGCTAGCAAGCGGGGTGCGCGCGGGATTGTCGCCCTGCTTGGCCCGAATAACAAAGCAGAGCGCATCGTGGTGATTTATCTGCGGGATACGCCGGCGAGCATGGCCGAGCGAAATCAGCAAATCGCCGGGATCGGCGCGGCGCTGATCGAGCACTGGCAACGCTAA	ATGCGTTATATTCGCCTGTGTATTATCTCCCTGTTAGCCACCCTGCCGCTGGCG...TAA	861	24	884	861.0	5151-	ATGCGTTATATTCGCCTGTGTATTATCTCCCTGTTAGCCACCCTGCCGCTGGCGGTACACGCCAGCCCGCAGCCGCTTGAGCAAATTAAACAAAGCGAAAGCCAGCTGTCGGGCCGCGTAGGCATGATAGAAATGGATCTGGCCAGCGGCCGCACGCTGACCGCCTGGCGCGCCGATGAACGCTTTCCCATGATGAGCACCTTTAAAGTAGTGCTCTGCGGCGCAGTGCTGGCGCGGGTGGATGCCGGTGACGAACAGCTGGAGCGAAAGATCCACTATCGCCAGCAGGATCTGGTGGACTACTCGCCGGTCAGCGAAAAACACCTTGCCGACGGCATGACGGTCGGCGAACTCTGCGCCGCCGCCATTACCATGAGCGATAACAGCGCCGCCAATCTGCTGCTGGCCACCGTCGGCGGCCCCGCAGGATTGACTGCCTTTTTGCGCCAGATCGGCGACAACGTCACCCGCCTTGACCGCTGGGAAACGGAACTGAATGAGGCGCTTCCCGGCGACGCCCGCGACACCACTACCCCGGCCAGCATGGCCGCGACCCTGCGCAAGCTGCTGACCAGCCAGCGTCTGAGCGCCCGTTCGCAACGGCAGCTGCTGCAGTGGATGGTGGACGATCGGGTCGCCGGACCGTTGATCCGCTCCGTGCTGCCGGCGGGCTGGTTTATCGCCGATAAGACCGGAGCTAGCAAGCGGGGTGCGCGCGGGATTGTCGCCCTGCTTGGCCCGAATAACAAAGCAGAGCGCATCGTGGTGATTTATCTGCGGGATACGCCGGCGAGCATGGCCGAGCGAAATCAGCAAATCGCCGGGATCGGCGCGGCGCTGATCGAGCACTGGCAACGCTAA	ATGCGTTATATTCGCCTGTGTATTATCTCCCTGTTAGCCACCCTGCCGCTGGCG...TAA	861	5151	24	884	True	True	True
66	gb|AJ011502.1|+|300-1425|ARO:3004122|Klebsiella_pneumoniae_OmpK37	ATGAAAAGAAAAGTACTGGCCCTCGTTATTCCGGCTTTATTAGCCGCCGGTGCC...TGA	1125	(5331) 4387+ (6485)	5331	6485	ATGAAAAGAAAAGTACTGGCCCTCGTTATTCCGGCTTTATTAGCCGCCGGTGCCGCGCATGCGGCGGAAATTTATAATAAAGACGGGAATAAATTAGATCTCTATGGCAAGGTAGATGGTCTGCATTATTTCTCCAGCGACTCGAAAAAAGACGGCGATCAAACTTATTTACGTTTTGGCTTTAAAGGCGAAACCCAGATCAACGATATGCTTACCGGCTATGGCCAGTGGGAATATAACGTTCAGGCCAACAACACCGAGACCTCCAGCGATCAGGCGTGGACCCGTCTGGCATTCGCCGGTATTAAAGTGGGCGATTACGGCTCCTTCGACTATGGACGTAACTACGGCGTGCTGTACGACGTTGAAGGCTGGACCGATATGCTGCCGGAGTTCGGCGGCGACTCCTACACCTATGCGGATAACTTTATGGCAGGCCGCGCCAACGGCGTCGCAACCTACCGTAACAGCGATTTCTTCGGTCTGGTGGAGGGTCTGAACTTCGCCCTGCAGTATCAGGGTAAAAACGAAGGCCAGAACGCGCAGGATATCAACGTCGGCACCAATAACCGCAGCAGCGACAGCGATGTTCGCTTTGACAATGGCGATGGTTTCGGCCTCTCCACTTCCTACGACTTCGGCATGGGCATCAGCGCGGCGGCAGCTTACACCTCGTCTGACCGTACAGGCGACCAGCAACACTATACTCACACCGAACGATACGCCAAAGGCGACAAAGCGGACGCCTGGACCGCCGGCCTGAAGTACGACGCCAACGATATTTACCTGGCGACCATGTACTCTGAAACCCGCAATATGACGCCATACGGCTCTACCAGCAGTACCAACGGTGGCGGTATCGCCAATAAAACGCAAAACTTCGAAGTCACCGCGCAGTATCAGTTCGACTTCGGCCTGCGTCCGGCCATCTCCTACCTGCAGTCCAAAGGCAAAGATCTGTACAATAACGGCCGCTATGCCGATAAAGATCTGGTCAAATATATGGACGTTGGCGCGACCTATTACTTCAACCGTAATATGTCCACCTATGTTGATTACAAAATCAACCTGCTGGATGGTAACGACAAATTCTACGAAGACAACGGTATCTCTACCGATAACATCGTCGCCCTGGGCCTGGTTTACCAGTTCTGA	ATGAAAAGAAAAGTACTGGCCCTCGTTATTCCGGCTTTATTAGCCGCCGGTGCC...TGA	1125	1000	999	999.0	999	999	ATGAAAAGAAAAGTACTGGCCCTCGTTATTCCGGCTTTATTAGCCGCCGGTGCC...TGA	1125	4387	5331	6485	False	True	False
67	gb|AJ012256|+|208-1069|ARO:3000939|TEM-73	ATGAGTATTCAACATTTCCGTGTCGCCCTTATTCCCTTTTTTGCGGCATTTTGC...TAA	861	(37) 5967+ (897)	37	897	ATGAGTATTCAACATTTCCGTGTCGCCCTTATTCCCTTTTTTGCGGCATTTTGCCTTCCTGTTTTTGCTCACCCAGAAACGCTGGTGAAAGTAAAAGATGCTGAAGATCAGTTGGGTGCACGAGTGGGTTACATCGAACTGGATCTCAACAGCGGTAAGATCCTTGAGAGTTTTCGCCCCGAAGAACGTTTTCCAATGATGAGCACTTTTAAAGTTCTGCTATGTGGTGCGGTATTATCCCGTGTTGACGCCGGGCAAGAGCAACTCGGTCGCCGCATACACTATTCTCAGAATGACTTGGTTGAGTACTCACCAGTCACAGAAAAGCATCTTACGGATGGCATGACAGTAAGAGAATTATGCAGTGCTGCCATAACCATGAGTGATAACACTGCTGCCAACTTACTTCTGACAACGATCGGAGGACCGAAGGAGCTAACCGCTTTTTTGCACAACATGGGGGATCATGTAACTCGCCTTGATCGTTGGGAACCGGAGCTGAATGAAGCCATACCAAACGACGAGCGTGACACCACGATGCCTGCAGCAATGGCAACAACGTTGCGCAAACTATTAACTGGCGAACTACTTACTCTAGCTTCCCGGCAACAATTAATAGACTGGATGGAGGCGGATAAAGTTGCAGGACCACTTCTGCGCTCGGCCCTTCCGGCTGGCTGGTTTATTGCTGATAAATCTGGAGCCGGTGAGCGTGGGTCTCGCGGTATCATTGCAGCACTGGGGCCAGATGGTAAGCCCTCCCGTATCGTAGTTATCTACACGACGGGGAGTCAGGCAACTATGGATGAACGAAATAGACAGATCGCTGAGATAGGTGCCTCACTGATTAAGCATTGGTAA	ATGAGTATTCAACATTTCCGTGTCGCCCTTATTCCCTTTTTTGCGGCATTTTGC...TAA	861	37	897	861.0	5967+	ATGAGTATTCAACATTTCCGTGTCGCCCTTATTCCCTTTTTTGCGGCATTTTGCCTTCCTGTTTTTGCTCACCCAGAAACGCTGGTGAAAGTAAAAGATGCTGAAGATCAGTTGGGTGCACGAGTGGGTTACATCGAACTGGATCTCAACAGCGGTAAGATCCTTGAGAGTTTTCGCCCCGAAGAACGTTTTCCAATGATGAGCACTTTTAAAGTTCTGCTATGTGGTGCGGTATTATCCCGTGTTGACGCCGGGCAAGAGCAACTCGGTCGCCGCATACACTATTCTCAGAATGACTTGGTTGAGTACTCACCAGTCACAGAAAAGCATCTTACGGATGGCATGACAGTAAGAGAATTATGCAGTGCTGCCATAACCATGAGTGATAACACTGCTGCCAACTTACTTCTGACAACGATCGGAGGACCGAAGGAGCTAACCGCTTTTTTGCACAACATGGGGGATCATGTAACTCGCCTTGATCGTTGGGAACCGGAGCTGAATGAAGCCATACCAAACGACGAGCGTGACACCACGATGCCTGCAGCAATGGCAACAACGTTGCGCAAACTATTAACTGGCGAACTACTTACTCTAGCTTCCCGGCAACAATTAATAGACTGGATGGAGGCGGATAAAGTTGCAGGACCACTTCTGCGCTCGGCCCTTCCGGCTGGCTGGTTTATTGCTGATAAATCTGGAGCCGGTGAGCGTGGGTCTCGCGGTATCATTGCAGCACTGGGGCCAGATGGTAAGCCCTCCCGTATCGTAGTTATCTACACGACGGGGAGTCAGGCAACTATGGATGAACGAAATAGACAGATCGCTGAGATAGGTGCCTCACTGATTAAGCATTGGTAA	ATGAGTATTCAACATTTCCGTGTCGCCCTTATTCCCTTTTTTGCGGCATTTTGC...TAA	861	5967	37	897	True	True	True
68	gb|AJ239002|+|0-861|ARO:3000935|TEM-68	ATGAGTATTCAACATTTTCGTGTCGCCCTTATTCCCTTTTTTGCGGCATTTTGC...TAA	861	(37) 5967+ (897)	37	897	ATGAGTATTCAACATTTCCGTGTCGCCCTTATTCCCTTTTTTGCGGCATTTTGCCTTCCTGTTTTTGCTCACCCAGAAACGCTGGTGAAAGTAAAAGATGCTGAAGATCAGTTGGGTGCACGAGTGGGTTACATCGAACTGGATCTCAACAGCGGTAAGATCCTTGAGAGTTTTCGCCCCGAAGAACGTTTTCCAATGATGAGCACTTTTAAAGTTCTGCTATGTGGTGCGGTATTATCCCGTGTTGACGCCGGGCAAGAGCAACTCGGTCGCCGCATACACTATTCTCAGAATGACTTGGTTGAGTACTCACCAGTCACAGAAAAGCATCTTACGGATGGCATGACAGTAAGAGAATTATGCAGTGCTGCCATAACCATGAGTGATAACACTGCTGCCAACTTACTTCTGACAACGATCGGAGGACCGAAGGAGCTAACCGCTTTTTTGCACAACATGGGGGATCATGTAACTCGCCTTGATCGTTGGGAACCGGAGCTGAATGAAGCCATACCAAACGACGAGCGTGACACCACGATGCCTGCAGCAATGGCAACAACGTTGCGCAAACTATTAACTGGCGAACTACTTACTCTAGCTTCCCGGCAACAATTAATAGACTGGATGGAGGCGGATAAAGTTGCAGGACCACTTCTGCGCTCGGCCCTTCCGGCTGGCTGGTTTATTGCTGATAAATCTGGAGCCGGTGAGCGTGGGTCTCGCGGTATCATTGCAGCACTGGGGCCAGATGGTAAGCCCTCCCGTATCGTAGTTATCTACACGACGGGGAGTCAGGCAACTATGGATGAACGAAATAGACAGATCGCTGAGATAGGTGCCTCACTGATTAAGCATTGGTAA	ATGAGTATTCAACATTTTCGTGTCGCCCTTATTCCCTTTTTTGCGGCATTTTGC...TAA	861	1000	999	999.0	999	999	ATGAGTATTCAACATTTTCGTGTCGCCCTTATTCCCTTTTTTGCGGCATTTTGC...TAA	861	5967	37	897	False	True	False
69	gb|AJ277414|+|0-861|ARO:3000952|TEM-85	ATGAGTATTCAACATTTCCGTGTCGCCCTTATTCCCTTTTTTGCGGCATTTTGC...TAA	861	(37) 5967+ (897)	37	897	ATGAGTATTCAACATTTCCGTGTCGCCCTTATTCCCTTTTTTGCGGCATTTTGCCTTCCTGTTTTTGCTCACCCAGAAACGCTGGTGAAAGTAAAAGATGCTGAAGATCAGTTGGGTGCACGAGTGGGTTACATCGAACTGGATCTCAACAGCGGTAAGATCCTTGAGAGTTTTCGCCCCGAAGAACGTTTTCCAATGATGAGCACTTTTAAAGTTCTGCTATGTGGTGCGGTATTATCCCGTGTTGACGCCGGGCAAGAGCAACTCGGTCGCCGCATACACTATTCTCAGAATGACTTGGTTGAGTACTCACCAGTCACAGAAAAGCATCTTACGGATGGCATGACAGTAAGAGAATTATGCAGTGCTGCCATAACCATGAGTGATAACACTGCTGCCAACTTACTTCTGACAACGATCGGAGGACCGAAGGAGCTAACCGCTTTTTTGCACAACATGGGGGATCATGTAACTCGCCTTGATCGTTGGGAACCGGAGCTGAATGAAGCCATACCAAACGACGAGCGTGACACCACGATGCCTGCAGCAATGGCAACAACGTTGCGCAAACTATTAACTGGCGAACTACTTACTCTAGCTTCCCGGCAACAATTAATAGACTGGATGGAGGCGGATAAAGTTGCAGGACCACTTCTGCGCTCGGCCCTTCCGGCTGGCTGGTTTATTGCTGATAAATCTGGAGCCGGTGAGCGTGGGTCTCGCGGTATCATTGCAGCACTGGGGCCAGATGGTAAGCCCTCCCGTATCGTAGTTATCTACACGACGGGGAGTCAGGCAACTATGGATGAACGAAATAGACAGATCGCTGAGATAGGTGCCTCACTGATTAAGCATTGGTAA	ATGAGTATTCAACATTTCCGTGTCGCCCTTATTCCCTTTTTTGCGGCATTTTGC...TAA	861	37	897	861.0	5967+	ATGAGTATTCAACATTTCCGTGTCGCCCTTATTCCCTTTTTTGCGGCATTTTGCCTTCCTGTTTTTGCTCACCCAGAAACGCTGGTGAAAGTAAAAGATGCTGAAGATCAGTTGGGTGCACGAGTGGGTTACATCGAACTGGATCTCAACAGCGGTAAGATCCTTGAGAGTTTTCGCCCCGAAGAACGTTTTCCAATGATGAGCACTTTTAAAGTTCTGCTATGTGGTGCGGTATTATCCCGTGTTGACGCCGGGCAAGAGCAACTCGGTCGCCGCATACACTATTCTCAGAATGACTTGGTTGAGTACTCACCAGTCACAGAAAAGCATCTTACGGATGGCATGACAGTAAGAGAATTATGCAGTGCTGCCATAACCATGAGTGATAACACTGCTGCCAACTTACTTCTGACAACGATCGGAGGACCGAAGGAGCTAACCGCTTTTTTGCACAACATGGGGGATCATGTAACTCGCCTTGATCGTTGGGAACCGGAGCTGAATGAAGCCATACCAAACGACGAGCGTGACACCACGATGCCTGCAGCAATGGCAACAACGTTGCGCAAACTATTAACTGGCGAACTACTTACTCTAGCTTCCCGGCAACAATTAATAGACTGGATGGAGGCGGATAAAGTTGCAGGACCACTTCTGCGCTCGGCCCTTCCGGCTGGCTGGTTTATTGCTGATAAATCTGGAGCCGGTGAGCGTGGGTCTCGCGGTATCATTGCAGCACTGGGGCCAGATGGTAAGCCCTCCCGTATCGTAGTTATCTACACGACGGGGAGTCAGGCAACTATGGATGAACGAAATAGACAGATCGCTGAGATAGGTGCCTCACTGATTAAGCATTGGTAA	ATGAGTATTCAACATTTCCGTGTCGCCCTTATTCCCTTTTTTGCGGCATTTTGC...TAA	861	5967	37	897	True	True	True
70	gb|AJ277415|+|0-861|ARO:3000953|TEM-86	ATGAGTATTCAACATTTCCGTGTCGCCCTTATTCCCTTTTTTGCGGCATTTTGC...TAA	861	(37) 5967+ (897)	37	897	ATGAGTATTCAACATTTCCGTGTCGCCCTTATTCCCTTTTTTGCGGCATTTTGCCTTCCTGTTTTTGCTCACCCAGAAACGCTGGTGAAAGTAAAAGATGCTGAAGATCAGTTGGGTGCACGAGTGGGTTACATCGAACTGGATCTCAACAGCGGTAAGATCCTTGAGAGTTTTCGCCCCGAAGAACGTTTTCCAATGATGAGCACTTTTAAAGTTCTGCTATGTGGTGCGGTATTATCCCGTGTTGACGCCGGGCAAGAGCAACTCGGTCGCCGCATACACTATTCTCAGAATGACTTGGTTGAGTACTCACCAGTCACAGAAAAGCATCTTACGGATGGCATGACAGTAAGAGAATTATGCAGTGCTGCCATAACCATGAGTGATAACACTGCTGCCAACTTACTTCTGACAACGATCGGAGGACCGAAGGAGCTAACCGCTTTTTTGCACAACATGGGGGATCATGTAACTCGCCTTGATCGTTGGGAACCGGAGCTGAATGAAGCCATACCAAACGACGAGCGTGACACCACGATGCCTGCAGCAATGGCAACAACGTTGCGCAAACTATTAACTGGCGAACTACTTACTCTAGCTTCCCGGCAACAATTAATAGACTGGATGGAGGCGGATAAAGTTGCAGGACCACTTCTGCGCTCGGCCCTTCCGGCTGGCTGGTTTATTGCTGATAAATCTGGAGCCGGTGAGCGTGGGTCTCGCGGTATCATTGCAGCACTGGGGCCAGATGGTAAGCCCTCCCGTATCGTAGTTATCTACACGACGGGGAGTCAGGCAACTATGGATGAACGAAATAGACAGATCGCTGAGATAGGTGCCTCACTGATTAAGCATTGGTAA	ATGAGTATTCAACATTTCCGTGTCGCCCTTATTCCCTTTTTTGCGGCATTTTGC...TAA	861	37	897	861.0	5967+	ATGAGTATTCAACATTTCCGTGTCGCCCTTATTCCCTTTTTTGCGGCATTTTGCCTTCCTGTTTTTGCTCACCCAGAAACGCTGGTGAAAGTAAAAGATGCTGAAGATCAGTTGGGTGCACGAGTGGGTTACATCGAACTGGATCTCAACAGCGGTAAGATCCTTGAGAGTTTTCGCCCCGAAGAACGTTTTCCAATGATGAGCACTTTTAAAGTTCTGCTATGTGGTGCGGTATTATCCCGTGTTGACGCCGGGCAAGAGCAACTCGGTCGCCGCATACACTATTCTCAGAATGACTTGGTTGAGTACTCACCAGTCACAGAAAAGCATCTTACGGATGGCATGACAGTAAGAGAATTATGCAGTGCTGCCATAACCATGAGTGATAACACTGCTGCCAACTTACTTCTGACAACGATCGGAGGACCGAAGGAGCTAACCGCTTTTTTGCACAACATGGGGGATCATGTAACTCGCCTTGATCGTTGGGAACCGGAGCTGAATGAAGCCATACCAAACGACGAGCGTGACACCACGATGCCTGCAGCAATGGCAACAACGTTGCGCAAACTATTAACTGGCGAACTACTTACTCTAGCTTCCCGGCAACAATTAATAGACTGGATGGAGGCGGATAAAGTTGCAGGACCACTTCTGCGCTCGGCCCTTCCGGCTGGCTGGTTTATTGCTGATAAATCTGGAGCCGGTGAGCGTGGGTCTCGCGGTATCATTGCAGCACTGGGGCCAGATGGTAAGCCCTCCCGTATCGTAGTTATCTACACGACGGGGAGTCAGGCAACTATGGATGAACGAAATAGACAGATCGCTGAGATAGGTGCCTCACTGATTAAGCATTGGTAA	ATGAGTATTCAACATTTCCGTGTCGCCCTTATTCCCTTTTTTGCGGCATTTTGC...TAA	861	5967	37	897	True	True	True
71	gb|AJ308558|+|181-1042|ARO:3000962|TEM-95	ATGAGTATTCAACATTTTCGTGTCGCCCTTATTCCCTTTTTTGCGGCATTTTGC...TAA	861	(37) 5967+ (897)	37	897	ATGAGTATTCAACATTTCCGTGTCGCCCTTATTCCCTTTTTTGCGGCATTTTGCCTTCCTGTTTTTGCTCACCCAGAAACGCTGGTGAAAGTAAAAGATGCTGAAGATCAGTTGGGTGCACGAGTGGGTTACATCGAACTGGATCTCAACAGCGGTAAGATCCTTGAGAGTTTTCGCCCCGAAGAACGTTTTCCAATGATGAGCACTTTTAAAGTTCTGCTATGTGGTGCGGTATTATCCCGTGTTGACGCCGGGCAAGAGCAACTCGGTCGCCGCATACACTATTCTCAGAATGACTTGGTTGAGTACTCACCAGTCACAGAAAAGCATCTTACGGATGGCATGACAGTAAGAGAATTATGCAGTGCTGCCATAACCATGAGTGATAACACTGCTGCCAACTTACTTCTGACAACGATCGGAGGACCGAAGGAGCTAACCGCTTTTTTGCACAACATGGGGGATCATGTAACTCGCCTTGATCGTTGGGAACCGGAGCTGAATGAAGCCATACCAAACGACGAGCGTGACACCACGATGCCTGCAGCAATGGCAACAACGTTGCGCAAACTATTAACTGGCGAACTACTTACTCTAGCTTCCCGGCAACAATTAATAGACTGGATGGAGGCGGATAAAGTTGCAGGACCACTTCTGCGCTCGGCCCTTCCGGCTGGCTGGTTTATTGCTGATAAATCTGGAGCCGGTGAGCGTGGGTCTCGCGGTATCATTGCAGCACTGGGGCCAGATGGTAAGCCCTCCCGTATCGTAGTTATCTACACGACGGGGAGTCAGGCAACTATGGATGAACGAAATAGACAGATCGCTGAGATAGGTGCCTCACTGATTAAGCATTGGTAA	ATGAGTATTCAACATTTTCGTGTCGCCCTTATTCCCTTTTTTGCGGCATTTTGC...TAA	861	1000	999	999.0	999	999	ATGAGTATTCAACATTTTCGTGTCGCCCTTATTCCCTTTTTTGCGGCATTTTGC...TAA	861	5967	37	897	False	True	False
72	gb|AJ318093|+|0-861|ARO:3000960|TEM-93	ATGAGTATTCAACATTTCCGTGTCGCCCTTATTCCCTTTTTTGCGGCATTTTGC...TAA	861	(37) 5967+ (897)	37	897	ATGAGTATTCAACATTTCCGTGTCGCCCTTATTCCCTTTTTTGCGGCATTTTGCCTTCCTGTTTTTGCTCACCCAGAAACGCTGGTGAAAGTAAAAGATGCTGAAGATCAGTTGGGTGCACGAGTGGGTTACATCGAACTGGATCTCAACAGCGGTAAGATCCTTGAGAGTTTTCGCCCCGAAGAACGTTTTCCAATGATGAGCACTTTTAAAGTTCTGCTATGTGGTGCGGTATTATCCCGTGTTGACGCCGGGCAAGAGCAACTCGGTCGCCGCATACACTATTCTCAGAATGACTTGGTTGAGTACTCACCAGTCACAGAAAAGCATCTTACGGATGGCATGACAGTAAGAGAATTATGCAGTGCTGCCATAACCATGAGTGATAACACTGCTGCCAACTTACTTCTGACAACGATCGGAGGACCGAAGGAGCTAACCGCTTTTTTGCACAACATGGGGGATCATGTAACTCGCCTTGATCGTTGGGAACCGGAGCTGAATGAAGCCATACCAAACGACGAGCGTGACACCACGATGCCTGCAGCAATGGCAACAACGTTGCGCAAACTATTAACTGGCGAACTACTTACTCTAGCTTCCCGGCAACAATTAATAGACTGGATGGAGGCGGATAAAGTTGCAGGACCACTTCTGCGCTCGGCCCTTCCGGCTGGCTGGTTTATTGCTGATAAATCTGGAGCCGGTGAGCGTGGGTCTCGCGGTATCATTGCAGCACTGGGGCCAGATGGTAAGCCCTCCCGTATCGTAGTTATCTACACGACGGGGAGTCAGGCAACTATGGATGAACGAAATAGACAGATCGCTGAGATAGGTGCCTCACTGATTAAGCATTGGTAA	ATGAGTATTCAACATTTCCGTGTCGCCCTTATTCCCTTTTTTGCGGCATTTTGC...TAA	861	37	897	861.0	5967+	ATGAGTATTCAACATTTCCGTGTCGCCCTTATTCCCTTTTTTGCGGCATTTTGCCTTCCTGTTTTTGCTCACCCAGAAACGCTGGTGAAAGTAAAAGATGCTGAAGATCAGTTGGGTGCACGAGTGGGTTACATCGAACTGGATCTCAACAGCGGTAAGATCCTTGAGAGTTTTCGCCCCGAAGAACGTTTTCCAATGATGAGCACTTTTAAAGTTCTGCTATGTGGTGCGGTATTATCCCGTGTTGACGCCGGGCAAGAGCAACTCGGTCGCCGCATACACTATTCTCAGAATGACTTGGTTGAGTACTCACCAGTCACAGAAAAGCATCTTACGGATGGCATGACAGTAAGAGAATTATGCAGTGCTGCCATAACCATGAGTGATAACACTGCTGCCAACTTACTTCTGACAACGATCGGAGGACCGAAGGAGCTAACCGCTTTTTTGCACAACATGGGGGATCATGTAACTCGCCTTGATCGTTGGGAACCGGAGCTGAATGAAGCCATACCAAACGACGAGCGTGACACCACGATGCCTGCAGCAATGGCAACAACGTTGCGCAAACTATTAACTGGCGAACTACTTACTCTAGCTTCCCGGCAACAATTAATAGACTGGATGGAGGCGGATAAAGTTGCAGGACCACTTCTGCGCTCGGCCCTTCCGGCTGGCTGGTTTATTGCTGATAAATCTGGAGCCGGTGAGCGTGGGTCTCGCGGTATCATTGCAGCACTGGGGCCAGATGGTAAGCCCTCCCGTATCGTAGTTATCTACACGACGGGGAGTCAGGCAACTATGGATGAACGAAATAGACAGATCGCTGAGATAGGTGCCTCACTGATTAAGCATTGGTAA	ATGAGTATTCAACATTTCCGTGTCGCCCTTATTCCCTTTTTTGCGGCATTTTGC...TAA	861	5967	37	897	True	True	True
73	gb|AJ318094|+|0-861|ARO:3000961|TEM-94	ATGAGTATTCAACATTTCCGTGTCGCCCTTATTCCCTTTTTTGCGGCATTTTGC...TAA	861	(37) 5967+ (897)	37	897	ATGAGTATTCAACATTTCCGTGTCGCCCTTATTCCCTTTTTTGCGGCATTTTGCCTTCCTGTTTTTGCTCACCCAGAAACGCTGGTGAAAGTAAAAGATGCTGAAGATCAGTTGGGTGCACGAGTGGGTTACATCGAACTGGATCTCAACAGCGGTAAGATCCTTGAGAGTTTTCGCCCCGAAGAACGTTTTCCAATGATGAGCACTTTTAAAGTTCTGCTATGTGGTGCGGTATTATCCCGTGTTGACGCCGGGCAAGAGCAACTCGGTCGCCGCATACACTATTCTCAGAATGACTTGGTTGAGTACTCACCAGTCACAGAAAAGCATCTTACGGATGGCATGACAGTAAGAGAATTATGCAGTGCTGCCATAACCATGAGTGATAACACTGCTGCCAACTTACTTCTGACAACGATCGGAGGACCGAAGGAGCTAACCGCTTTTTTGCACAACATGGGGGATCATGTAACTCGCCTTGATCGTTGGGAACCGGAGCTGAATGAAGCCATACCAAACGACGAGCGTGACACCACGATGCCTGCAGCAATGGCAACAACGTTGCGCAAACTATTAACTGGCGAACTACTTACTCTAGCTTCCCGGCAACAATTAATAGACTGGATGGAGGCGGATAAAGTTGCAGGACCACTTCTGCGCTCGGCCCTTCCGGCTGGCTGGTTTATTGCTGATAAATCTGGAGCCGGTGAGCGTGGGTCTCGCGGTATCATTGCAGCACTGGGGCCAGATGGTAAGCCCTCCCGTATCGTAGTTATCTACACGACGGGGAGTCAGGCAACTATGGATGAACGAAATAGACAGATCGCTGAGATAGGTGCCTCACTGATTAAGCATTGGTAA	ATGAGTATTCAACATTTCCGTGTCGCCCTTATTCCCTTTTTTGCGGCATTTTGC...TAA	861	1000	999	999.0	999	999	ATGAGTATTCAACATTTCCGTGTCGCCCTTATTCCCTTTTTTGCGGCATTTTGC...TAA	861	5967	37	897	False	True	False
74	gb|AJ437107|+|208-1069|ARO:3000900|TEM-30	ATGAGTATTCAACATTTTCGTGTCGCCCTTATTCCCTTTTTTGCGGCATTTTGC...TAA	861	(37) 5967+ (897)	37	897	ATGAGTATTCAACATTTCCGTGTCGCCCTTATTCCCTTTTTTGCGGCATTTTGCCTTCCTGTTTTTGCTCACCCAGAAACGCTGGTGAAAGTAAAAGATGCTGAAGATCAGTTGGGTGCACGAGTGGGTTACATCGAACTGGATCTCAACAGCGGTAAGATCCTTGAGAGTTTTCGCCCCGAAGAACGTTTTCCAATGATGAGCACTTTTAAAGTTCTGCTATGTGGTGCGGTATTATCCCGTGTTGACGCCGGGCAAGAGCAACTCGGTCGCCGCATACACTATTCTCAGAATGACTTGGTTGAGTACTCACCAGTCACAGAAAAGCATCTTACGGATGGCATGACAGTAAGAGAATTATGCAGTGCTGCCATAACCATGAGTGATAACACTGCTGCCAACTTACTTCTGACAACGATCGGAGGACCGAAGGAGCTAACCGCTTTTTTGCACAACATGGGGGATCATGTAACTCGCCTTGATCGTTGGGAACCGGAGCTGAATGAAGCCATACCAAACGACGAGCGTGACACCACGATGCCTGCAGCAATGGCAACAACGTTGCGCAAACTATTAACTGGCGAACTACTTACTCTAGCTTCCCGGCAACAATTAATAGACTGGATGGAGGCGGATAAAGTTGCAGGACCACTTCTGCGCTCGGCCCTTCCGGCTGGCTGGTTTATTGCTGATAAATCTGGAGCCGGTGAGCGTGGGTCTCGCGGTATCATTGCAGCACTGGGGCCAGATGGTAAGCCCTCCCGTATCGTAGTTATCTACACGACGGGGAGTCAGGCAACTATGGATGAACGAAATAGACAGATCGCTGAGATAGGTGCCTCACTGATTAAGCATTGGTAA	ATGAGTATTCAACATTTTCGTGTCGCCCTTATTCCCTTTTTTGCGGCATTTTGC...TAA	861	37	897	861.0	5967+	ATGAGTATTCAACATTTCCGTGTCGCCCTTATTCCCTTTTTTGCGGCATTTTGCCTTCCTGTTTTTGCTCACCCAGAAACGCTGGTGAAAGTAAAAGATGCTGAAGATCAGTTGGGTGCACGAGTGGGTTACATCGAACTGGATCTCAACAGCGGTAAGATCCTTGAGAGTTTTCGCCCCGAAGAACGTTTTCCAATGATGAGCACTTTTAAAGTTCTGCTATGTGGTGCGGTATTATCCCGTGTTGACGCCGGGCAAGAGCAACTCGGTCGCCGCATACACTATTCTCAGAATGACTTGGTTGAGTACTCACCAGTCACAGAAAAGCATCTTACGGATGGCATGACAGTAAGAGAATTATGCAGTGCTGCCATAACCATGAGTGATAACACTGCTGCCAACTTACTTCTGACAACGATCGGAGGACCGAAGGAGCTAACCGCTTTTTTGCACAACATGGGGGATCATGTAACTCGCCTTGATCGTTGGGAACCGGAGCTGAATGAAGCCATACCAAACGACGAGCGTGACACCACGATGCCTGCAGCAATGGCAACAACGTTGCGCAAACTATTAACTGGCGAACTACTTACTCTAGCTTCCCGGCAACAATTAATAGACTGGATGGAGGCGGATAAAGTTGCAGGACCACTTCTGCGCTCGGCCCTTCCGGCTGGCTGGTTTATTGCTGATAAATCTGGAGCCGGTGAGCGTGGGTCTCGCGGTATCATTGCAGCACTGGGGCCAGATGGTAAGCCCTCCCGTATCGTAGTTATCTACACGACGGGGAGTCAGGCAACTATGGATGAACGAAATAGACAGATCGCTGAGATAGGTGCCTCACTGATTAAGCATTGGTAA	ATGAGTATTCAACATTTTCGTGTCGCCCTTATTCCCTTTTTTGCGGCATTTTGC...TAA	861	5967	37	897	True	True	True
75	gb|AJ634602.1|-|7839-8700|ARO:3000999|TEM-135	ATGAGTATTCAACATTTTCGTGTCGCCCTTATTCCCTTTTTTGCGGCATTTTGC...TAA	861	(37) 5967+ (897)	37	897	ATGAGTATTCAACATTTCCGTGTCGCCCTTATTCCCTTTTTTGCGGCATTTTGCCTTCCTGTTTTTGCTCACCCAGAAACGCTGGTGAAAGTAAAAGATGCTGAAGATCAGTTGGGTGCACGAGTGGGTTACATCGAACTGGATCTCAACAGCGGTAAGATCCTTGAGAGTTTTCGCCCCGAAGAACGTTTTCCAATGATGAGCACTTTTAAAGTTCTGCTATGTGGTGCGGTATTATCCCGTGTTGACGCCGGGCAAGAGCAACTCGGTCGCCGCATACACTATTCTCAGAATGACTTGGTTGAGTACTCACCAGTCACAGAAAAGCATCTTACGGATGGCATGACAGTAAGAGAATTATGCAGTGCTGCCATAACCATGAGTGATAACACTGCTGCCAACTTACTTCTGACAACGATCGGAGGACCGAAGGAGCTAACCGCTTTTTTGCACAACATGGGGGATCATGTAACTCGCCTTGATCGTTGGGAACCGGAGCTGAATGAAGCCATACCAAACGACGAGCGTGACACCACGATGCCTGCAGCAATGGCAACAACGTTGCGCAAACTATTAACTGGCGAACTACTTACTCTAGCTTCCCGGCAACAATTAATAGACTGGATGGAGGCGGATAAAGTTGCAGGACCACTTCTGCGCTCGGCCCTTCCGGCTGGCTGGTTTATTGCTGATAAATCTGGAGCCGGTGAGCGTGGGTCTCGCGGTATCATTGCAGCACTGGGGCCAGATGGTAAGCCCTCCCGTATCGTAGTTATCTACACGACGGGGAGTCAGGCAACTATGGATGAACGAAATAGACAGATCGCTGAGATAGGTGCCTCACTGATTAAGCATTGGTAA	ATGAGTATTCAACATTTTCGTGTCGCCCTTATTCCCTTTTTTGCGGCATTTTGC...TAA	861	1000	999	999.0	999	999	ATGAGTATTCAACATTTTCGTGTCGCCCTTATTCCCTTTTTTGCGGCATTTTGC...TAA	861	5967	37	897	False	True	False
76	gb|AJ746225|+|0-861|ARO:3000993|TEM-129	ATGAGTATTCAACATTTTCGTGTCGCCCTTATTCCCTTTTTTGCGGCATTTTGC...TAA	861	(37) 5967+ (897)	37	897	ATGAGTATTCAACATTTCCGTGTCGCCCTTATTCCCTTTTTTGCGGCATTTTGCCTTCCTGTTTTTGCTCACCCAGAAACGCTGGTGAAAGTAAAAGATGCTGAAGATCAGTTGGGTGCACGAGTGGGTTACATCGAACTGGATCTCAACAGCGGTAAGATCCTTGAGAGTTTTCGCCCCGAAGAACGTTTTCCAATGATGAGCACTTTTAAAGTTCTGCTATGTGGTGCGGTATTATCCCGTGTTGACGCCGGGCAAGAGCAACTCGGTCGCCGCATACACTATTCTCAGAATGACTTGGTTGAGTACTCACCAGTCACAGAAAAGCATCTTACGGATGGCATGACAGTAAGAGAATTATGCAGTGCTGCCATAACCATGAGTGATAACACTGCTGCCAACTTACTTCTGACAACGATCGGAGGACCGAAGGAGCTAACCGCTTTTTTGCACAACATGGGGGATCATGTAACTCGCCTTGATCGTTGGGAACCGGAGCTGAATGAAGCCATACCAAACGACGAGCGTGACACCACGATGCCTGCAGCAATGGCAACAACGTTGCGCAAACTATTAACTGGCGAACTACTTACTCTAGCTTCCCGGCAACAATTAATAGACTGGATGGAGGCGGATAAAGTTGCAGGACCACTTCTGCGCTCGGCCCTTCCGGCTGGCTGGTTTATTGCTGATAAATCTGGAGCCGGTGAGCGTGGGTCTCGCGGTATCATTGCAGCACTGGGGCCAGATGGTAAGCCCTCCCGTATCGTAGTTATCTACACGACGGGGAGTCAGGCAACTATGGATGAACGAAATAGACAGATCGCTGAGATAGGTGCCTCACTGATTAAGCATTGGTAA	ATGAGTATTCAACATTTTCGTGTCGCCCTTATTCCCTTTTTTGCGGCATTTTGC...TAA	861	37	897	861.0	5967+	ATGAGTATTCAACATTTCCGTGTCGCCCTTATTCCCTTTTTTGCGGCATTTTGCCTTCCTGTTTTTGCTCACCCAGAAACGCTGGTGAAAGTAAAAGATGCTGAAGATCAGTTGGGTGCACGAGTGGGTTACATCGAACTGGATCTCAACAGCGGTAAGATCCTTGAGAGTTTTCGCCCCGAAGAACGTTTTCCAATGATGAGCACTTTTAAAGTTCTGCTATGTGGTGCGGTATTATCCCGTGTTGACGCCGGGCAAGAGCAACTCGGTCGCCGCATACACTATTCTCAGAATGACTTGGTTGAGTACTCACCAGTCACAGAAAAGCATCTTACGGATGGCATGACAGTAAGAGAATTATGCAGTGCTGCCATAACCATGAGTGATAACACTGCTGCCAACTTACTTCTGACAACGATCGGAGGACCGAAGGAGCTAACCGCTTTTTTGCACAACATGGGGGATCATGTAACTCGCCTTGATCGTTGGGAACCGGAGCTGAATGAAGCCATACCAAACGACGAGCGTGACACCACGATGCCTGCAGCAATGGCAACAACGTTGCGCAAACTATTAACTGGCGAACTACTTACTCTAGCTTCCCGGCAACAATTAATAGACTGGATGGAGGCGGATAAAGTTGCAGGACCACTTCTGCGCTCGGCCCTTCCGGCTGGCTGGTTTATTGCTGATAAATCTGGAGCCGGTGAGCGTGGGTCTCGCGGTATCATTGCAGCACTGGGGCCAGATGGTAAGCCCTCCCGTATCGTAGTTATCTACACGACGGGGAGTCAGGCAACTATGGATGAACGAAATAGACAGATCGCTGAGATAGGTGCCTCACTGATTAAGCATTGGTAA	ATGAGTATTCAACATTTTCGTGTCGCCCTTATTCCCTTTTTTGCGGCATTTTGC...TAA	861	5967	37	897	True	True	True
77	gb|AJ809407|+|118-898|ARO:3002620|aadA23	GTGACCATCGAAATTTCGAACCAACTATCAGAGGTGCTAAGCGTCATTGAGCGC...TAA	780	{(732) 7593+ (1500) , (1700) 7591+ (2477)}	{732, 1700}	{1500, 2477}	{CGAAGTATCGACTCAACTATCAGAGGTAGTTGGCGTCATCGAGCGCCATCTCGAACCGACGTTGCTGGCCGTACATTTGTACGGCTCCGCAGTGGATGGCGGCCTGAAGCCACACAGTGATATTGATTTGCTGGTTACGGTGACCGTAAGGCTTGATGAAACAACGCGGCGAGCTTTGATCAACGACCTTTTGGAAACTTCGGCTTCCCCTGGAGAGAGCGAGATTCTCCGCGCTGTAGAAGTCACCATTGTTGTGCACGACGACATCATTCCGTGGCGTTATCCAGCTAAGCGCGAACTGCAATTTGGAGAATGGCAGCGCAATGACATTCTTGCAGGTATCTTCGAGCCAGCCACGATCGACATTGATCTGGCTATCTTGCTGACAAAAGCAAGAGAACATAGCGTTGCCTTGGTAGGTCCAGCGGCGGAGGAACTCTTTGATCCGGTTCCTGAACAGGATCTATTTGAGGCGCTAAATGAAACCTTAACGCTATGGAACTCGCCGCCCGACTGGGCTGGCGATGAGCGAAATGTAGTGCTTACGTTGTCCCGCATTTGGTACAGCGCAGTAACCGGCAAAATCGCGCCGAAGGATGTCGCTGCCGACTGGGCAATGGAGCGCCTGCCGGCCCAGTATCAGCCCGTCATACTTGAAGCTAGGCAGGCTTATCTTGGACAAGAAGATCGCTTGGCCTCGCGCGCAGATCAGTTGGAAGAATTTGTTCACTACGTGAAAGGCGAGATCACCAAGGTAGTCGGCAAATAA, GTGACCATCGAAATTTCGAACCAACTATCAGAGGTGCTAAGCGTCATTGAGCGCCATCTGGAATCAACGTTGCTGGCCGTGCATTTGTACGGCTCCGCAGTGGATGGCGGCCTGAAGCCATACAGCGATATTGATTTGTTGGTTACTGTGGCCGTAAAGCTTGATGAAACGACGCGGCGAGCATTGCTCAATGACCTTATGGAGGCTTCGGCTTTCCCTGGCGAGAGCGAGACGCTCCGCGCTATAGAAGTCACCCTTGTCGTGCATGACGACATCATCCCGTGGCGTTATCCGGCTAAGCGCGAGCTGCAATTTGGAGAATGGCAGCGCAATGACATTCTTGCGGGTATCTTCGAGCCAGCCATGATCGACATTGATCTAGCTATCCTGCTTACAAAAGCAAGAGAACATAGCGTTGCCTTGGTAGGTCCGGCAGCGGAGGAATTCTTTGACCCGGTTCCTGAACAGGATCTATTCGAGGCGCTGAGGGAAACCTTGAAGCTATGGAACTCGCAGCCCGACTGGGCCGGCGATGAGCGAAATGTAGTGCTTACGTTGTCCCGCATTTGGTACAGCGCAATAACCGGCAAAATCGCGCCGAAGGATGTCGCTGCCGACTGGGCAATAAAACGCCTACCTGCCCAGTATCAGCCCGTCTTACTTGAAGCTAAGCAAGCTTATCTGGGACAAAAAGAAGATCACTTGGCCTCACGCGCAGATCACTTGGAAGAATTTATTCGCTTTGTGAAAGGCGAGATCATCAAGTCAGTTGGTAAAT}	GTGACCATCGAAATTTCGAACCAACTATCAGAGGTGCTAAGCGTCATTGAGCGC...TAA	780	724	1500	780.0	7593+	GTGATCGCCGAAGTATCGACTCAACTATCAGAGGTAGTTGGCGTCATCGAGCGCCATCTCGAACCGACGTTGCTGGCCGTACATTTGTACGGCTCCGCAGTGGATGGCGGCCTGAAGCCACACAGTGATATTGATTTGCTGGTTACGGTGACCGTAAGGCTTGATGAAACAACGCGGCGAGCTTTGATCAACGACCTTTTGGAAACTTCGGCTTCCCCTGGAGAGAGCGAGATTCTCCGCGCTGTAGAAGTCACCATTGTTGTGCACGACGACATCATTCCGTGGCGTTATCCAGCTAAGCGCGAACTGCAATTTGGAGAATGGCAGCGCAATGACATTCTTGCAGGTATCTTCGAGCCAGCCACGATCGACATTGATCTGGCTATCTTGCTGACAAAAGCAAGAGAACATAGCGTTGCCTTGGTAGGTCCAGCGGCGGAGGAACTCTTTGATCCGGTTCCTGAACAGGATCTATTTGAGGCGCTAAATGAAACCTTAACGCTATGGAACTCGCCGCCCGACTGGGCTGGCGATGAGCGAAATGTAGTGCTTACGTTGTCCCGCATTTGGTACAGCGCAGTAACCGGCAAAATCGCGCCGAAGGATGTCGCTGCCGACTGGGCAATGGAGCGCCTGCCGGCCCAGTATCAGCCCGTCATACTTGAAGCTAGGCAGGCTTATCTTGGACAAGAAGATCGCTTGGCCTCGCGCGCAGATCAGTTGGAAGAATTTGTTCACTACGTGAAAGGCGAGATCACCAAGGTAGTCGGCAAATAA	GTGACCATCGAAATTTCGAACCAACTATCAGAGGTGCTAAGCGTCATTGAGCGC...TAA	780	7593	732	1500	False	False	False
78	gb|AJ863560|+|0-861|ARO:3001111|SHV-55	ATGCGTTTTATTCGCCTGTGTATTATCTCCCTGTTAGCCACCCTGCCGCTGGCG...TAA	861	(24) 5151- (884)	24	884	ATGCGTTATATTCGCCTGTGTATTATCTCCCTGTTAGCCACCCTGCCGCTGGCGGTACACGCCAGCCCGCAGCCGCTTGAGCAAATTAAACAAAGCGAAAGCCAGCTGTCGGGCCGCGTAGGCATGATAGAAATGGATCTGGCCAGCGGCCGCACGCTGACCGCCTGGCGCGCCGATGAACGCTTTCCCATGATGAGCACCTTTAAAGTAGTGCTCTGCGGCGCAGTGCTGGCGCGGGTGGATGCCGGTGACGAACAGCTGGAGCGAAAGATCCACTATCGCCAGCAGGATCTGGTGGACTACTCGCCGGTCAGCGAAAAACACCTTGCCGACGGCATGACGGTCGGCGAACTCTGCGCCGCCGCCATTACCATGAGCGATAACAGCGCCGCCAATCTGCTGCTGGCCACCGTCGGCGGCCCCGCAGGATTGACTGCCTTTTTGCGCCAGATCGGCGACAACGTCACCCGCCTTGACCGCTGGGAAACGGAACTGAATGAGGCGCTTCCCGGCGACGCCCGCGACACCACTACCCCGGCCAGCATGGCCGCGACCCTGCGCAAGCTGCTGACCAGCCAGCGTCTGAGCGCCCGTTCGCAACGGCAGCTGCTGCAGTGGATGGTGGACGATCGGGTCGCCGGACCGTTGATCCGCTCCGTGCTGCCGGCGGGCTGGTTTATCGCCGATAAGACCGGAGCTAGCAAGCGGGGTGCGCGCGGGATTGTCGCCCTGCTTGGCCCGAATAACAAAGCAGAGCGCATCGTGGTGATTTATCTGCGGGATACGCCGGCGAGCATGGCCGAGCGAAATCAGCAAATCGCCGGGATCGGCGCGGCGCTGATCGAGCACTGGCAACGCTAA	ATGCGTTTTATTCGCCTGTGTATTATCTCCCTGTTAGCCACCCTGCCGCTGGCG...TAA	861	24	884	861.0	5151-	ATGCGTTATATTCGCCTGTGTATTATCTCCCTGTTAGCCACCCTGCCGCTGGCGGTACACGCCAGCCCGCAGCCGCTTGAGCAAATTAAACAAAGCGAAAGCCAGCTGTCGGGCCGCGTAGGCATGATAGAAATGGATCTGGCCAGCGGCCGCACGCTGACCGCCTGGCGCGCCGATGAACGCTTTCCCATGATGAGCACCTTTAAAGTAGTGCTCTGCGGCGCAGTGCTGGCGCGGGTGGATGCCGGTGACGAACAGCTGGAGCGAAAGATCCACTATCGCCAGCAGGATCTGGTGGACTACTCGCCGGTCAGCGAAAAACACCTTGCCGACGGCATGACGGTCGGCGAACTCTGCGCCGCCGCCATTACCATGAGCGATAACAGCGCCGCCAATCTGCTGCTGGCCACCGTCGGCGGCCCCGCAGGATTGACTGCCTTTTTGCGCCAGATCGGCGACAACGTCACCCGCCTTGACCGCTGGGAAACGGAACTGAATGAGGCGCTTCCCGGCGACGCCCGCGACACCACTACCCCGGCCAGCATGGCCGCGACCCTGCGCAAGCTGCTGACCAGCCAGCGTCTGAGCGCCCGTTCGCAACGGCAGCTGCTGCAGTGGATGGTGGACGATCGGGTCGCCGGACCGTTGATCCGCTCCGTGCTGCCGGCGGGCTGGTTTATCGCCGATAAGACCGGAGCTAGCAAGCGGGGTGCGCGCGGGATTGTCGCCCTGCTTGGCCCGAATAACAAAGCAGAGCGCATCGTGGTGATTTATCTGCGGGATACGCCGGCGAGCATGGCCGAGCGAAATCAGCAAATCGCCGGGATCGGCGCGGCGCTGATCGAGCACTGGCAACGCTAA	ATGCGTTTTATTCGCCTGTGTATTATCTCCCTGTTAGCCACCCTGCCGCTGGCG...TAA	861	5151	24	884	True	True	True
79	gb|AJ866284|+|0-861|ARO:3001116|SHV-61	ATGCGTTATATTCGCCGGTGTATTATCTCCCTGTTAGCCACCCTGCCGCTGGCG...TAA	861	(24) 5151- (884)	24	884	ATGCGTTATATTCGCCTGTGTATTATCTCCCTGTTAGCCACCCTGCCGCTGGCGGTACACGCCAGCCCGCAGCCGCTTGAGCAAATTAAACAAAGCGAAAGCCAGCTGTCGGGCCGCGTAGGCATGATAGAAATGGATCTGGCCAGCGGCCGCACGCTGACCGCCTGGCGCGCCGATGAACGCTTTCCCATGATGAGCACCTTTAAAGTAGTGCTCTGCGGCGCAGTGCTGGCGCGGGTGGATGCCGGTGACGAACAGCTGGAGCGAAAGATCCACTATCGCCAGCAGGATCTGGTGGACTACTCGCCGGTCAGCGAAAAACACCTTGCCGACGGCATGACGGTCGGCGAACTCTGCGCCGCCGCCATTACCATGAGCGATAACAGCGCCGCCAATCTGCTGCTGGCCACCGTCGGCGGCCCCGCAGGATTGACTGCCTTTTTGCGCCAGATCGGCGACAACGTCACCCGCCTTGACCGCTGGGAAACGGAACTGAATGAGGCGCTTCCCGGCGACGCCCGCGACACCACTACCCCGGCCAGCATGGCCGCGACCCTGCGCAAGCTGCTGACCAGCCAGCGTCTGAGCGCCCGTTCGCAACGGCAGCTGCTGCAGTGGATGGTGGACGATCGGGTCGCCGGACCGTTGATCCGCTCCGTGCTGCCGGCGGGCTGGTTTATCGCCGATAAGACCGGAGCTAGCAAGCGGGGTGCGCGCGGGATTGTCGCCCTGCTTGGCCCGAATAACAAAGCAGAGCGCATCGTGGTGATTTATCTGCGGGATACGCCGGCGAGCATGGCCGAGCGAAATCAGCAAATCGCCGGGATCGGCGCGGCGCTGATCGAGCACTGGCAACGCTAA	ATGCGTTATATTCGCCGGTGTATTATCTCCCTGTTAGCCACCCTGCCGCTGGCG...TAA	861	24	884	861.0	5151-	ATGCGTTATATTCGCCTGTGTATTATCTCCCTGTTAGCCACCCTGCCGCTGGCGGTACACGCCAGCCCGCAGCCGCTTGAGCAAATTAAACAAAGCGAAAGCCAGCTGTCGGGCCGCGTAGGCATGATAGAAATGGATCTGGCCAGCGGCCGCACGCTGACCGCCTGGCGCGCCGATGAACGCTTTCCCATGATGAGCACCTTTAAAGTAGTGCTCTGCGGCGCAGTGCTGGCGCGGGTGGATGCCGGTGACGAACAGCTGGAGCGAAAGATCCACTATCGCCAGCAGGATCTGGTGGACTACTCGCCGGTCAGCGAAAAACACCTTGCCGACGGCATGACGGTCGGCGAACTCTGCGCCGCCGCCATTACCATGAGCGATAACAGCGCCGCCAATCTGCTGCTGGCCACCGTCGGCGGCCCCGCAGGATTGACTGCCTTTTTGCGCCAGATCGGCGACAACGTCACCCGCCTTGACCGCTGGGAAACGGAACTGAATGAGGCGCTTCCCGGCGACGCCCGCGACACCACTACCCCGGCCAGCATGGCCGCGACCCTGCGCAAGCTGCTGACCAGCCAGCGTCTGAGCGCCCGTTCGCAACGGCAGCTGCTGCAGTGGATGGTGGACGATCGGGTCGCCGGACCGTTGATCCGCTCCGTGCTGCCGGCGGGCTGGTTTATCGCCGATAAGACCGGAGCTAGCAAGCGGGGTGCGCGCGGGATTGTCGCCCTGCTTGGCCCGAATAACAAAGCAGAGCGCATCGTGGTGATTTATCTGCGGGATACGCCGGCGAGCATGGCCGAGCGAAATCAGCAAATCGCCGGGATCGGCGCGGCGCTGATCGAGCACTGGCAACGCTAA	ATGCGTTATATTCGCCGGTGTATTATCTCCCTGTTAGCCACCCTGCCGCTGGCG...TAA	861	5151	24	884	True	True	True
80	gb|AJ866285|+|0-861|ARO:3001117|SHV-62	ATGCGTTATATTCGCCTGTGTATTATCTCCCTGTTAGCCACCCTGCCGCTGGCG...TAA	861	(24) 5151- (884)	24	884	ATGCGTTATATTCGCCTGTGTATTATCTCCCTGTTAGCCACCCTGCCGCTGGCGGTACACGCCAGCCCGCAGCCGCTTGAGCAAATTAAACAAAGCGAAAGCCAGCTGTCGGGCCGCGTAGGCATGATAGAAATGGATCTGGCCAGCGGCCGCACGCTGACCGCCTGGCGCGCCGATGAACGCTTTCCCATGATGAGCACCTTTAAAGTAGTGCTCTGCGGCGCAGTGCTGGCGCGGGTGGATGCCGGTGACGAACAGCTGGAGCGAAAGATCCACTATCGCCAGCAGGATCTGGTGGACTACTCGCCGGTCAGCGAAAAACACCTTGCCGACGGCATGACGGTCGGCGAACTCTGCGCCGCCGCCATTACCATGAGCGATAACAGCGCCGCCAATCTGCTGCTGGCCACCGTCGGCGGCCCCGCAGGATTGACTGCCTTTTTGCGCCAGATCGGCGACAACGTCACCCGCCTTGACCGCTGGGAAACGGAACTGAATGAGGCGCTTCCCGGCGACGCCCGCGACACCACTACCCCGGCCAGCATGGCCGCGACCCTGCGCAAGCTGCTGACCAGCCAGCGTCTGAGCGCCCGTTCGCAACGGCAGCTGCTGCAGTGGATGGTGGACGATCGGGTCGCCGGACCGTTGATCCGCTCCGTGCTGCCGGCGGGCTGGTTTATCGCCGATAAGACCGGAGCTAGCAAGCGGGGTGCGCGCGGGATTGTCGCCCTGCTTGGCCCGAATAACAAAGCAGAGCGCATCGTGGTGATTTATCTGCGGGATACGCCGGCGAGCATGGCCGAGCGAAATCAGCAAATCGCCGGGATCGGCGCGGCGCTGATCGAGCACTGGCAACGCTAA	ATGCGTTATATTCGCCTGTGTATTATCTCCCTGTTAGCCACCCTGCCGCTGGCG...TAA	861	24	884	861.0	5151-	ATGCGTTATATTCGCCTGTGTATTATCTCCCTGTTAGCCACCCTGCCGCTGGCGGTACACGCCAGCCCGCAGCCGCTTGAGCAAATTAAACAAAGCGAAAGCCAGCTGTCGGGCCGCGTAGGCATGATAGAAATGGATCTGGCCAGCGGCCGCACGCTGACCGCCTGGCGCGCCGATGAACGCTTTCCCATGATGAGCACCTTTAAAGTAGTGCTCTGCGGCGCAGTGCTGGCGCGGGTGGATGCCGGTGACGAACAGCTGGAGCGAAAGATCCACTATCGCCAGCAGGATCTGGTGGACTACTCGCCGGTCAGCGAAAAACACCTTGCCGACGGCATGACGGTCGGCGAACTCTGCGCCGCCGCCATTACCATGAGCGATAACAGCGCCGCCAATCTGCTGCTGGCCACCGTCGGCGGCCCCGCAGGATTGACTGCCTTTTTGCGCCAGATCGGCGACAACGTCACCCGCCTTGACCGCTGGGAAACGGAACTGAATGAGGCGCTTCCCGGCGACGCCCGCGACACCACTACCCCGGCCAGCATGGCCGCGACCCTGCGCAAGCTGCTGACCAGCCAGCGTCTGAGCGCCCGTTCGCAACGGCAGCTGCTGCAGTGGATGGTGGACGATCGGGTCGCCGGACCGTTGATCCGCTCCGTGCTGCCGGCGGGCTGGTTTATCGCCGATAAGACCGGAGCTAGCAAGCGGGGTGCGCGCGGGATTGTCGCCCTGCTTGGCCCGAATAACAAAGCAGAGCGCATCGTGGTGATTTATCTGCGGGATACGCCGGCGAGCATGGCCGAGCGAAATCAGCAAATCGCCGGGATCGGCGCGGCGCTGATCGAGCACTGGCAACGCTAA	ATGCGTTATATTCGCCTGTGTATTATCTCCCTGTTAGCCACCCTGCCGCTGGCG...TAA	861	5151	24	884	True	True	True
81	gb|AJ866988|+|0-861|ARO:3000994|TEM-130	ATGAGTATTCAACATTTTCGTGTCGCCCTTATTCCCTTTTTTGCGGCATTTTGC...TAA	861	(37) 5967+ (897)	37	897	ATGAGTATTCAACATTTCCGTGTCGCCCTTATTCCCTTTTTTGCGGCATTTTGCCTTCCTGTTTTTGCTCACCCAGAAACGCTGGTGAAAGTAAAAGATGCTGAAGATCAGTTGGGTGCACGAGTGGGTTACATCGAACTGGATCTCAACAGCGGTAAGATCCTTGAGAGTTTTCGCCCCGAAGAACGTTTTCCAATGATGAGCACTTTTAAAGTTCTGCTATGTGGTGCGGTATTATCCCGTGTTGACGCCGGGCAAGAGCAACTCGGTCGCCGCATACACTATTCTCAGAATGACTTGGTTGAGTACTCACCAGTCACAGAAAAGCATCTTACGGATGGCATGACAGTAAGAGAATTATGCAGTGCTGCCATAACCATGAGTGATAACACTGCTGCCAACTTACTTCTGACAACGATCGGAGGACCGAAGGAGCTAACCGCTTTTTTGCACAACATGGGGGATCATGTAACTCGCCTTGATCGTTGGGAACCGGAGCTGAATGAAGCCATACCAAACGACGAGCGTGACACCACGATGCCTGCAGCAATGGCAACAACGTTGCGCAAACTATTAACTGGCGAACTACTTACTCTAGCTTCCCGGCAACAATTAATAGACTGGATGGAGGCGGATAAAGTTGCAGGACCACTTCTGCGCTCGGCCCTTCCGGCTGGCTGGTTTATTGCTGATAAATCTGGAGCCGGTGAGCGTGGGTCTCGCGGTATCATTGCAGCACTGGGGCCAGATGGTAAGCCCTCCCGTATCGTAGTTATCTACACGACGGGGAGTCAGGCAACTATGGATGAACGAAATAGACAGATCGCTGAGATAGGTGCCTCACTGATTAAGCATTGGTAA	ATGAGTATTCAACATTTTCGTGTCGCCCTTATTCCCTTTTTTGCGGCATTTTGC...TAA	861	1000	999	999.0	999	999	ATGAGTATTCAACATTTTCGTGTCGCCCTTATTCCCTTTTTTGCGGCATTTTGC...TAA	861	5967	37	897	False	True	False
82	gb|AJ920369|+|23-860|ARO:3001071|SHV-12	ATGCGTTATATTCGCCTGTGTATTATCTCCCTGTTAGCCACCCTGCCGCTGGCG...GCG	837	(24) 5151- (860)	24	860	ATGCGTTATATTCGCCTGTGTATTATCTCCCTGTTAGCCACCCTGCCGCTGGCGGTACACGCCAGCCCGCAGCCGCTTGAGCAAATTAAACAAAGCGAAAGCCAGCTGTCGGGCCGCGTAGGCATGATAGAAATGGATCTGGCCAGCGGCCGCACGCTGACCGCCTGGCGCGCCGATGAACGCTTTCCCATGATGAGCACCTTTAAAGTAGTGCTCTGCGGCGCAGTGCTGGCGCGGGTGGATGCCGGTGACGAACAGCTGGAGCGAAAGATCCACTATCGCCAGCAGGATCTGGTGGACTACTCGCCGGTCAGCGAAAAACACCTTGCCGACGGCATGACGGTCGGCGAACTCTGCGCCGCCGCCATTACCATGAGCGATAACAGCGCCGCCAATCTGCTGCTGGCCACCGTCGGCGGCCCCGCAGGATTGACTGCCTTTTTGCGCCAGATCGGCGACAACGTCACCCGCCTTGACCGCTGGGAAACGGAACTGAATGAGGCGCTTCCCGGCGACGCCCGCGACACCACTACCCCGGCCAGCATGGCCGCGACCCTGCGCAAGCTGCTGACCAGCCAGCGTCTGAGCGCCCGTTCGCAACGGCAGCTGCTGCAGTGGATGGTGGACGATCGGGTCGCCGGACCGTTGATCCGCTCCGTGCTGCCGGCGGGCTGGTTTATCGCCGATAAGACCGGAGCTAGCAAGCGGGGTGCGCGCGGGATTGTCGCCCTGCTTGGCCCGAATAACAAAGCAGAGCGCATCGTGGTGATTTATCTGCGGGATACGCCGGCGAGCATGGCCGAGCGAAATCAGCAAATCGCCGGGATCGGCGCGGCG	ATGCGTTATATTCGCCTGTGTATTATCTCCCTGTTAGCCACCCTGCCGCTGGCG...GCG	837	24	860	837.0	5151-	ATGCGTTATATTCGCCTGTGTATTATCTCCCTGTTAGCCACCCTGCCGCTGGCGGTACACGCCAGCCCGCAGCCGCTTGAGCAAATTAAACAAAGCGAAAGCCAGCTGTCGGGCCGCGTAGGCATGATAGAAATGGATCTGGCCAGCGGCCGCACGCTGACCGCCTGGCGCGCCGATGAACGCTTTCCCATGATGAGCACCTTTAAAGTAGTGCTCTGCGGCGCAGTGCTGGCGCGGGTGGATGCCGGTGACGAACAGCTGGAGCGAAAGATCCACTATCGCCAGCAGGATCTGGTGGACTACTCGCCGGTCAGCGAAAAACACCTTGCCGACGGCATGACGGTCGGCGAACTCTGCGCCGCCGCCATTACCATGAGCGATAACAGCGCCGCCAATCTGCTGCTGGCCACCGTCGGCGGCCCCGCAGGATTGACTGCCTTTTTGCGCCAGATCGGCGACAACGTCACCCGCCTTGACCGCTGGGAAACGGAACTGAATGAGGCGCTTCCCGGCGACGCCCGCGACACCACTACCCCGGCCAGCATGGCCGCGACCCTGCGCAAGCTGCTGACCAGCCAGCGTCTGAGCGCCCGTTCGCAACGGCAGCTGCTGCAGTGGATGGTGGACGATCGGGTCGCCGGACCGTTGATCCGCTCCGTGCTGCCGGCGGGCTGGTTTATCGCCGATAAGACCGGAGCTAGCAAGCGGGGTGCGCGCGGGATTGTCGCCCTGCTTGGCCCGAATAACAAAGCAGAGCGCATCGTGGTGATTTATCTGCGGGATACGCCGGCGAGCATGGCCGAGCGAAATCAGCAAATCGCCGGGATCGGCGCGGCG	ATGCGTTATATTCGCCTGTGTATTATCTCCCTGTTAGCCACCCTGCCGCTGGCG...GCG	837	5151	24	860	True	True	True
83	gb|AL513383|+|161910-162771|ARO:3000873|TEM-1	ATGAGTATTCAACATTTTCGTGTCGCCCTTATTCCCTTTTTTGCGGCATTTTGC...TAA	861	(37) 5967+ (897)	37	897	ATGAGTATTCAACATTTCCGTGTCGCCCTTATTCCCTTTTTTGCGGCATTTTGCCTTCCTGTTTTTGCTCACCCAGAAACGCTGGTGAAAGTAAAAGATGCTGAAGATCAGTTGGGTGCACGAGTGGGTTACATCGAACTGGATCTCAACAGCGGTAAGATCCTTGAGAGTTTTCGCCCCGAAGAACGTTTTCCAATGATGAGCACTTTTAAAGTTCTGCTATGTGGTGCGGTATTATCCCGTGTTGACGCCGGGCAAGAGCAACTCGGTCGCCGCATACACTATTCTCAGAATGACTTGGTTGAGTACTCACCAGTCACAGAAAAGCATCTTACGGATGGCATGACAGTAAGAGAATTATGCAGTGCTGCCATAACCATGAGTGATAACACTGCTGCCAACTTACTTCTGACAACGATCGGAGGACCGAAGGAGCTAACCGCTTTTTTGCACAACATGGGGGATCATGTAACTCGCCTTGATCGTTGGGAACCGGAGCTGAATGAAGCCATACCAAACGACGAGCGTGACACCACGATGCCTGCAGCAATGGCAACAACGTTGCGCAAACTATTAACTGGCGAACTACTTACTCTAGCTTCCCGGCAACAATTAATAGACTGGATGGAGGCGGATAAAGTTGCAGGACCACTTCTGCGCTCGGCCCTTCCGGCTGGCTGGTTTATTGCTGATAAATCTGGAGCCGGTGAGCGTGGGTCTCGCGGTATCATTGCAGCACTGGGGCCAGATGGTAAGCCCTCCCGTATCGTAGTTATCTACACGACGGGGAGTCAGGCAACTATGGATGAACGAAATAGACAGATCGCTGAGATAGGTGCCTCACTGATTAAGCATTGGTAA	ATGAGTATTCAACATTTTCGTGTCGCCCTTATTCCCTTTTTTGCGGCATTTTGC...TAA	861	37	897	861.0	5967+	ATGAGTATTCAACATTTCCGTGTCGCCCTTATTCCCTTTTTTGCGGCATTTTGCCTTCCTGTTTTTGCTCACCCAGAAACGCTGGTGAAAGTAAAAGATGCTGAAGATCAGTTGGGTGCACGAGTGGGTTACATCGAACTGGATCTCAACAGCGGTAAGATCCTTGAGAGTTTTCGCCCCGAAGAACGTTTTCCAATGATGAGCACTTTTAAAGTTCTGCTATGTGGTGCGGTATTATCCCGTGTTGACGCCGGGCAAGAGCAACTCGGTCGCCGCATACACTATTCTCAGAATGACTTGGTTGAGTACTCACCAGTCACAGAAAAGCATCTTACGGATGGCATGACAGTAAGAGAATTATGCAGTGCTGCCATAACCATGAGTGATAACACTGCTGCCAACTTACTTCTGACAACGATCGGAGGACCGAAGGAGCTAACCGCTTTTTTGCACAACATGGGGGATCATGTAACTCGCCTTGATCGTTGGGAACCGGAGCTGAATGAAGCCATACCAAACGACGAGCGTGACACCACGATGCCTGCAGCAATGGCAACAACGTTGCGCAAACTATTAACTGGCGAACTACTTACTCTAGCTTCCCGGCAACAATTAATAGACTGGATGGAGGCGGATAAAGTTGCAGGACCACTTCTGCGCTCGGCCCTTCCGGCTGGCTGGTTTATTGCTGATAAATCTGGAGCCGGTGAGCGTGGGTCTCGCGGTATCATTGCAGCACTGGGGCCAGATGGTAAGCCCTCCCGTATCGTAGTTATCTACACGACGGGGAGTCAGGCAACTATGGATGAACGAAATAGACAGATCGCTGAGATAGGTGCCTCACTGATTAAGCATTGGTAA	ATGAGTATTCAACATTTTCGTGTCGCCCTTATTCCCTTTTTTGCGGCATTTTGC...TAA	861	5967	37	897	True	True	True
84	gb|AM040708.1|+|1173-1965|ARO:3004704|aadA8b	ATGAGGGAAGCGGTGACCATCGAAATTTCGAACCAACTATCAGAGGTGCTAAGC...TAA	792	{(1688) 7591+ (2477) , (712) 7593+ (1500)}	{1688, 712}	{2477, 1500}	{ATGAGGGTAGCGGTGACCATCGAAATTTCGAACCAACTATCAGAGGTGCTAAGCGTCATTGAGCGCCATCTGGAATCAACGTTGCTGGCCGTGCATTTGTACGGCTCCGCAGTGGATGGCGGCCTGAAGCCATACAGCGATATTGATTTGTTGGTTACTGTGGCCGTAAAGCTTGATGAAACGACGCGGCGAGCATTGCTCAATGACCTTATGGAGGCTTCGGCTTTCCCTGGCGAGAGCGAGACGCTCCGCGCTATAGAAGTCACCCTTGTCGTGCATGACGACATCATCCCGTGGCGTTATCCGGCTAAGCGCGAGCTGCAATTTGGAGAATGGCAGCGCAATGACATTCTTGCGGGTATCTTCGAGCCAGCCATGATCGACATTGATCTAGCTATCCTGCTTACAAAAGCAAGAGAACATAGCGTTGCCTTGGTAGGTCCGGCAGCGGAGGAATTCTTTGACCCGGTTCCTGAACAGGATCTATTCGAGGCGCTGAGGGAAACCTTGAAGCTATGGAACTCGCAGCCCGACTGGGCCGGCGATGAGCGAAATGTAGTGCTTACGTTGTCCCGCATTTGGTACAGCGCAATAACCGGCAAAATCGCGCCGAAGGATGTCGCTGCCGACTGGGCAATAAAACGCCTACCTGCCCAGTATCAGCCCGTCTTACTTGAAGCTAAGCAAGCTTATCTGGGACAAAAAGAAGATCACTTGGCCTCACGCGCAGATCACTTGGAAGAATTTATTCGCTTTGTGAAAGGCGAGATCATCAAGTCAGTTGGTAAAT, ATGAGGGAAGCGGTGATCGCCGAAGTATCGACTCAACTATCAGAGGTAGTTGGCGTCATCGAGCGCCATCTCGAACCGACGTTGCTGGCCGTACATTTGTACGGCTCCGCAGTGGATGGCGGCCTGAAGCCACACAGTGATATTGATTTGCTGGTTACGGTGACCGTAAGGCTTGATGAAACAACGCGGCGAGCTTTGATCAACGACCTTTTGGAAACTTCGGCTTCCCCTGGAGAGAGCGAGATTCTCCGCGCTGTAGAAGTCACCATTGTTGTGCACGACGACATCATTCCGTGGCGTTATCCAGCTAAGCGCGAACTGCAATTTGGAGAATGGCAGCGCAATGACATTCTTGCAGGTATCTTCGAGCCAGCCACGATCGACATTGATCTGGCTATCTTGCTGACAAAAGCAAGAGAACATAGCGTTGCCTTGGTAGGTCCAGCGGCGGAGGAACTCTTTGATCCGGTTCCTGAACAGGATCTATTTGAGGCGCTAAATGAAACCTTAACGCTATGGAACTCGCCGCCCGACTGGGCTGGCGATGAGCGAAATGTAGTGCTTACGTTGTCCCGCATTTGGTACAGCGCAGTAACCGGCAAAATCGCGCCGAAGGATGTCGCTGCCGACTGGGCAATGGAGCGCCTGCCGGCCCAGTATCAGCCCGTCATACTTGAAGCTAGGCAGGCTTATCTTGGACAAGAAGATCGCTTGGCCTCGCGCGCAGATCAGTTGGAAGAATTTGTTCACTACGTGAAAGGCGAGATCACCAAGGTAGTCGGCAAATAA}	ATGAGGGAAGCGGTGACCATCGAAATTTCGAACCAACTATCAGAGGTGCTAAGC...TAA	792	1688	2479	792.0	7591+	ATGAGGGTAGCGGTGACCATCGAAATTTCGAACCAACTATCAGAGGTGCTAAGCGTCATTGAGCGCCATCTGGAATCAACGTTGCTGGCCGTGCATTTGTACGGCTCCGCAGTGGATGGCGGCCTGAAGCCATACAGCGATATTGATTTGTTGGTTACTGTGGCCGTAAAGCTTGATGAAACGACGCGGCGAGCATTGCTCAATGACCTTATGGAGGCTTCGGCTTTCCCTGGCGAGAGCGAGACGCTCCGCGCTATAGAAGTCACCCTTGTCGTGCATGACGACATCATCCCGTGGCGTTATCCGGCTAAGCGCGAGCTGCAATTTGGAGAATGGCAGCGCAATGACATTCTTGCGGGTATCTTCGAGCCAGCCATGATCGACATTGATCTAGCTATCCTGCTTACAAAAGCAAGAGAACATAGCGTTGCCTTGGTAGGTCCGGCAGCGGAGGAATTCTTTGACCCGGTTCCTGAACAGGATCTATTCGAGGCGCTGAGGGAAACCTTGAAGCTATGGAACTCGCAGCCCGACTGGGCCGGCGATGAGCGAAATGTAGTGCTTACGTTGTCCCGCATTTGGTACAGCGCAATAACCGGCAAAATCGCGCCGAAGGATGTCGCTGCCGACTGGGCAATAAAACGCCTACCTGCCCAGTATCAGCCCGTCTTACTTGAAGCTAAGCAAGCTTATCTGGGACAAAAAGAAGATCACTTGGCCTCACGCGCAGATCACTTGGAAGAATTTATTCGCTTTGTGAAAGGCGAGATCATCAAGTCAGTTGGTAAATGA	ATGAGGGAAGCGGTGACCATCGAAATTTCGAACCAACTATCAGAGGTGCTAAGC...TAA	792	7591	1688	2477	False	False	False
85	gb|AM049399|+|0-861|ARO:3001007|TEM-144	ATGAGTATTCAACATTTTCGTGTCGCCCTTATTCCCTTTTTTGCGGCATTTTGC...TAA	861	(37) 5967+ (897)	37	897	ATGAGTATTCAACATTTCCGTGTCGCCCTTATTCCCTTTTTTGCGGCATTTTGCCTTCCTGTTTTTGCTCACCCAGAAACGCTGGTGAAAGTAAAAGATGCTGAAGATCAGTTGGGTGCACGAGTGGGTTACATCGAACTGGATCTCAACAGCGGTAAGATCCTTGAGAGTTTTCGCCCCGAAGAACGTTTTCCAATGATGAGCACTTTTAAAGTTCTGCTATGTGGTGCGGTATTATCCCGTGTTGACGCCGGGCAAGAGCAACTCGGTCGCCGCATACACTATTCTCAGAATGACTTGGTTGAGTACTCACCAGTCACAGAAAAGCATCTTACGGATGGCATGACAGTAAGAGAATTATGCAGTGCTGCCATAACCATGAGTGATAACACTGCTGCCAACTTACTTCTGACAACGATCGGAGGACCGAAGGAGCTAACCGCTTTTTTGCACAACATGGGGGATCATGTAACTCGCCTTGATCGTTGGGAACCGGAGCTGAATGAAGCCATACCAAACGACGAGCGTGACACCACGATGCCTGCAGCAATGGCAACAACGTTGCGCAAACTATTAACTGGCGAACTACTTACTCTAGCTTCCCGGCAACAATTAATAGACTGGATGGAGGCGGATAAAGTTGCAGGACCACTTCTGCGCTCGGCCCTTCCGGCTGGCTGGTTTATTGCTGATAAATCTGGAGCCGGTGAGCGTGGGTCTCGCGGTATCATTGCAGCACTGGGGCCAGATGGTAAGCCCTCCCGTATCGTAGTTATCTACACGACGGGGAGTCAGGCAACTATGGATGAACGAAATAGACAGATCGCTGAGATAGGTGCCTCACTGATTAAGCATTGGTAA	ATGAGTATTCAACATTTTCGTGTCGCCCTTATTCCCTTTTTTGCGGCATTTTGC...TAA	861	37	897	861.0	5967+	ATGAGTATTCAACATTTCCGTGTCGCCCTTATTCCCTTTTTTGCGGCATTTTGCCTTCCTGTTTTTGCTCACCCAGAAACGCTGGTGAAAGTAAAAGATGCTGAAGATCAGTTGGGTGCACGAGTGGGTTACATCGAACTGGATCTCAACAGCGGTAAGATCCTTGAGAGTTTTCGCCCCGAAGAACGTTTTCCAATGATGAGCACTTTTAAAGTTCTGCTATGTGGTGCGGTATTATCCCGTGTTGACGCCGGGCAAGAGCAACTCGGTCGCCGCATACACTATTCTCAGAATGACTTGGTTGAGTACTCACCAGTCACAGAAAAGCATCTTACGGATGGCATGACAGTAAGAGAATTATGCAGTGCTGCCATAACCATGAGTGATAACACTGCTGCCAACTTACTTCTGACAACGATCGGAGGACCGAAGGAGCTAACCGCTTTTTTGCACAACATGGGGGATCATGTAACTCGCCTTGATCGTTGGGAACCGGAGCTGAATGAAGCCATACCAAACGACGAGCGTGACACCACGATGCCTGCAGCAATGGCAACAACGTTGCGCAAACTATTAACTGGCGAACTACTTACTCTAGCTTCCCGGCAACAATTAATAGACTGGATGGAGGCGGATAAAGTTGCAGGACCACTTCTGCGCTCGGCCCTTCCGGCTGGCTGGTTTATTGCTGATAAATCTGGAGCCGGTGAGCGTGGGTCTCGCGGTATCATTGCAGCACTGGGGCCAGATGGTAAGCCCTCCCGTATCGTAGTTATCTACACGACGGGGAGTCAGGCAACTATGGATGAACGAAATAGACAGATCGCTGAGATAGGTGCCTCACTGATTAAGCATTGGTAA	ATGAGTATTCAACATTTTCGTGTCGCCCTTATTCCCTTTTTTGCGGCATTTTGC...TAA	861	5967	37	897	True	True	True
86	gb|AM087453|+|25-856|ARO:3001138|SHV-84	ATGCGTTATATTCGCCTGTGTATTATCTCCCTGTTAGCCACCCTGCCGCTGGCG...GGC	831	(24) 5151- (854)	24	854	ATGCGTTATATTCGCCTGTGTATTATCTCCCTGTTAGCCACCCTGCCGCTGGCGGTACACGCCAGCCCGCAGCCGCTTGAGCAAATTAAACAAAGCGAAAGCCAGCTGTCGGGCCGCGTAGGCATGATAGAAATGGATCTGGCCAGCGGCCGCACGCTGACCGCCTGGCGCGCCGATGAACGCTTTCCCATGATGAGCACCTTTAAAGTAGTGCTCTGCGGCGCAGTGCTGGCGCGGGTGGATGCCGGTGACGAACAGCTGGAGCGAAAGATCCACTATCGCCAGCAGGATCTGGTGGACTACTCGCCGGTCAGCGAAAAACACCTTGCCGACGGCATGACGGTCGGCGAACTCTGCGCCGCCGCCATTACCATGAGCGATAACAGCGCCGCCAATCTGCTGCTGGCCACCGTCGGCGGCCCCGCAGGATTGACTGCCTTTTTGCGCCAGATCGGCGACAACGTCACCCGCCTTGACCGCTGGGAAACGGAACTGAATGAGGCGCTTCCCGGCGACGCCCGCGACACCACTACCCCGGCCAGCATGGCCGCGACCCTGCGCAAGCTGCTGACCAGCCAGCGTCTGAGCGCCCGTTCGCAACGGCAGCTGCTGCAGTGGATGGTGGACGATCGGGTCGCCGGACCGTTGATCCGCTCCGTGCTGCCGGCGGGCTGGTTTATCGCCGATAAGACCGGAGCTAGCAAGCGGGGTGCGCGCGGGATTGTCGCCCTGCTTGGCCCGAATAACAAAGCAGAGCGCATCGTGGTGATTTATCTGCGGGATACGCCGGCGAGCATGGCCGAGCGAAATCAGCAAATCGCCGGGATCGGC	ATGCGTTATATTCGCCTGTGTATTATCTCCCTGTTAGCCACCCTGCCGCTGGCG...GGC	831	1000	999	999.0	999	999	ATGCGTTATATTCGCCTGTGTATTATCTCCCTGTTAGCCACCCTGCCGCTGGCG...GGC	831	5151	24	854	False	True	False
87	gb|AM087454|+|208-1069|ARO:3001015|TEM-148	ATGAGTATTCAACATTTTCGTGTCGCCCTTATTCCCTTTTTTGCGGCATTTTGC...TAA	861	(37) 5967+ (897)	37	897	ATGAGTATTCAACATTTCCGTGTCGCCCTTATTCCCTTTTTTGCGGCATTTTGCCTTCCTGTTTTTGCTCACCCAGAAACGCTGGTGAAAGTAAAAGATGCTGAAGATCAGTTGGGTGCACGAGTGGGTTACATCGAACTGGATCTCAACAGCGGTAAGATCCTTGAGAGTTTTCGCCCCGAAGAACGTTTTCCAATGATGAGCACTTTTAAAGTTCTGCTATGTGGTGCGGTATTATCCCGTGTTGACGCCGGGCAAGAGCAACTCGGTCGCCGCATACACTATTCTCAGAATGACTTGGTTGAGTACTCACCAGTCACAGAAAAGCATCTTACGGATGGCATGACAGTAAGAGAATTATGCAGTGCTGCCATAACCATGAGTGATAACACTGCTGCCAACTTACTTCTGACAACGATCGGAGGACCGAAGGAGCTAACCGCTTTTTTGCACAACATGGGGGATCATGTAACTCGCCTTGATCGTTGGGAACCGGAGCTGAATGAAGCCATACCAAACGACGAGCGTGACACCACGATGCCTGCAGCAATGGCAACAACGTTGCGCAAACTATTAACTGGCGAACTACTTACTCTAGCTTCCCGGCAACAATTAATAGACTGGATGGAGGCGGATAAAGTTGCAGGACCACTTCTGCGCTCGGCCCTTCCGGCTGGCTGGTTTATTGCTGATAAATCTGGAGCCGGTGAGCGTGGGTCTCGCGGTATCATTGCAGCACTGGGGCCAGATGGTAAGCCCTCCCGTATCGTAGTTATCTACACGACGGGGAGTCAGGCAACTATGGATGAACGAAATAGACAGATCGCTGAGATAGGTGCCTCACTGATTAAGCATTGGTAA	ATGAGTATTCAACATTTTCGTGTCGCCCTTATTCCCTTTTTTGCGGCATTTTGC...TAA	861	37	897	861.0	5967+	ATGAGTATTCAACATTTCCGTGTCGCCCTTATTCCCTTTTTTGCGGCATTTTGCCTTCCTGTTTTTGCTCACCCAGAAACGCTGGTGAAAGTAAAAGATGCTGAAGATCAGTTGGGTGCACGAGTGGGTTACATCGAACTGGATCTCAACAGCGGTAAGATCCTTGAGAGTTTTCGCCCCGAAGAACGTTTTCCAATGATGAGCACTTTTAAAGTTCTGCTATGTGGTGCGGTATTATCCCGTGTTGACGCCGGGCAAGAGCAACTCGGTCGCCGCATACACTATTCTCAGAATGACTTGGTTGAGTACTCACCAGTCACAGAAAAGCATCTTACGGATGGCATGACAGTAAGAGAATTATGCAGTGCTGCCATAACCATGAGTGATAACACTGCTGCCAACTTACTTCTGACAACGATCGGAGGACCGAAGGAGCTAACCGCTTTTTTGCACAACATGGGGGATCATGTAACTCGCCTTGATCGTTGGGAACCGGAGCTGAATGAAGCCATACCAAACGACGAGCGTGACACCACGATGCCTGCAGCAATGGCAACAACGTTGCGCAAACTATTAACTGGCGAACTACTTACTCTAGCTTCCCGGCAACAATTAATAGACTGGATGGAGGCGGATAAAGTTGCAGGACCACTTCTGCGCTCGGCCCTTCCGGCTGGCTGGTTTATTGCTGATAAATCTGGAGCCGGTGAGCGTGGGTCTCGCGGTATCATTGCAGCACTGGGGCCAGATGGTAAGCCCTCCCGTATCGTAGTTATCTACACGACGGGGAGTCAGGCAACTATGGATGAACGAAATAGACAGATCGCTGAGATAGGTGCCTCACTGATTAAGCATTGGTAA	ATGAGTATTCAACATTTTCGTGTCGCCCTTATTCCCTTTTTTGCGGCATTTTGC...TAA	861	5967	37	897	True	True	True
88	gb|AM176546|+|0-861|ARO:3001125|SHV-71	ATGCGTTATATTCGCCTGTGTATTATCTCCCTGTTAGCCACCCTGCCGCTGGCG...TAA	861	(24) 5151- (884)	24	884	ATGCGTTATATTCGCCTGTGTATTATCTCCCTGTTAGCCACCCTGCCGCTGGCGGTACACGCCAGCCCGCAGCCGCTTGAGCAAATTAAACAAAGCGAAAGCCAGCTGTCGGGCCGCGTAGGCATGATAGAAATGGATCTGGCCAGCGGCCGCACGCTGACCGCCTGGCGCGCCGATGAACGCTTTCCCATGATGAGCACCTTTAAAGTAGTGCTCTGCGGCGCAGTGCTGGCGCGGGTGGATGCCGGTGACGAACAGCTGGAGCGAAAGATCCACTATCGCCAGCAGGATCTGGTGGACTACTCGCCGGTCAGCGAAAAACACCTTGCCGACGGCATGACGGTCGGCGAACTCTGCGCCGCCGCCATTACCATGAGCGATAACAGCGCCGCCAATCTGCTGCTGGCCACCGTCGGCGGCCCCGCAGGATTGACTGCCTTTTTGCGCCAGATCGGCGACAACGTCACCCGCCTTGACCGCTGGGAAACGGAACTGAATGAGGCGCTTCCCGGCGACGCCCGCGACACCACTACCCCGGCCAGCATGGCCGCGACCCTGCGCAAGCTGCTGACCAGCCAGCGTCTGAGCGCCCGTTCGCAACGGCAGCTGCTGCAGTGGATGGTGGACGATCGGGTCGCCGGACCGTTGATCCGCTCCGTGCTGCCGGCGGGCTGGTTTATCGCCGATAAGACCGGAGCTAGCAAGCGGGGTGCGCGCGGGATTGTCGCCCTGCTTGGCCCGAATAACAAAGCAGAGCGCATCGTGGTGATTTATCTGCGGGATACGCCGGCGAGCATGGCCGAGCGAAATCAGCAAATCGCCGGGATCGGCGCGGCGCTGATCGAGCACTGGCAACGCTAA	ATGCGTTATATTCGCCTGTGTATTATCTCCCTGTTAGCCACCCTGCCGCTGGCG...TAA	861	1000	999	999.0	999	999	ATGCGTTATATTCGCCTGTGTATTATCTCCCTGTTAGCCACCCTGCCGCTGGCG...TAA	861	5151	24	884	False	True	False
89	gb|AM176547|+|30-891|ARO:3001126|SHV-72	ATGCGTTATTTTCGCCTGTGTATTATCTCCCTGTTAGCCACCCTGCCGCTGGCG...TAA	861	(24) 5151- (884)	24	884	ATGCGTTATATTCGCCTGTGTATTATCTCCCTGTTAGCCACCCTGCCGCTGGCGGTACACGCCAGCCCGCAGCCGCTTGAGCAAATTAAACAAAGCGAAAGCCAGCTGTCGGGCCGCGTAGGCATGATAGAAATGGATCTGGCCAGCGGCCGCACGCTGACCGCCTGGCGCGCCGATGAACGCTTTCCCATGATGAGCACCTTTAAAGTAGTGCTCTGCGGCGCAGTGCTGGCGCGGGTGGATGCCGGTGACGAACAGCTGGAGCGAAAGATCCACTATCGCCAGCAGGATCTGGTGGACTACTCGCCGGTCAGCGAAAAACACCTTGCCGACGGCATGACGGTCGGCGAACTCTGCGCCGCCGCCATTACCATGAGCGATAACAGCGCCGCCAATCTGCTGCTGGCCACCGTCGGCGGCCCCGCAGGATTGACTGCCTTTTTGCGCCAGATCGGCGACAACGTCACCCGCCTTGACCGCTGGGAAACGGAACTGAATGAGGCGCTTCCCGGCGACGCCCGCGACACCACTACCCCGGCCAGCATGGCCGCGACCCTGCGCAAGCTGCTGACCAGCCAGCGTCTGAGCGCCCGTTCGCAACGGCAGCTGCTGCAGTGGATGGTGGACGATCGGGTCGCCGGACCGTTGATCCGCTCCGTGCTGCCGGCGGGCTGGTTTATCGCCGATAAGACCGGAGCTAGCAAGCGGGGTGCGCGCGGGATTGTCGCCCTGCTTGGCCCGAATAACAAAGCAGAGCGCATCGTGGTGATTTATCTGCGGGATACGCCGGCGAGCATGGCCGAGCGAAATCAGCAAATCGCCGGGATCGGCGCGGCGCTGATCGAGCACTGGCAACGCTAA	ATGCGTTATTTTCGCCTGTGTATTATCTCCCTGTTAGCCACCCTGCCGCTGGCG...TAA	861	1000	999	999.0	999	999	ATGCGTTATTTTCGCCTGTGTATTATCTCCCTGTTAGCCACCCTGCCGCTGGCG...TAA	861	5151	24	884	False	True	False
90	gb|AM176548|+|16-874|ARO:3001127|SHV-73	ATGCGTATTCGCCTGTGTATTATCTCCCTGTTAGCCACCCTGCCGCTGGCGGTA...TAA	858	(32) 5151- (884)	32	884	TATTCGCCTGTGTATTATCTCCCTGTTAGCCACCCTGCCGCTGGCGGTACACGCCAGCCCGCAGCCGCTTGAGCAAATTAAACAAAGCGAAAGCCAGCTGTCGGGCCGCGTAGGCATGATAGAAATGGATCTGGCCAGCGGCCGCACGCTGACCGCCTGGCGCGCCGATGAACGCTTTCCCATGATGAGCACCTTTAAAGTAGTGCTCTGCGGCGCAGTGCTGGCGCGGGTGGATGCCGGTGACGAACAGCTGGAGCGAAAGATCCACTATCGCCAGCAGGATCTGGTGGACTACTCGCCGGTCAGCGAAAAACACCTTGCCGACGGCATGACGGTCGGCGAACTCTGCGCCGCCGCCATTACCATGAGCGATAACAGCGCCGCCAATCTGCTGCTGGCCACCGTCGGCGGCCCCGCAGGATTGACTGCCTTTTTGCGCCAGATCGGCGACAACGTCACCCGCCTTGACCGCTGGGAAACGGAACTGAATGAGGCGCTTCCCGGCGACGCCCGCGACACCACTACCCCGGCCAGCATGGCCGCGACCCTGCGCAAGCTGCTGACCAGCCAGCGTCTGAGCGCCCGTTCGCAACGGCAGCTGCTGCAGTGGATGGTGGACGATCGGGTCGCCGGACCGTTGATCCGCTCCGTGCTGCCGGCGGGCTGGTTTATCGCCGATAAGACCGGAGCTAGCAAGCGGGGTGCGCGCGGGATTGTCGCCCTGCTTGGCCCGAATAACAAAGCAGAGCGCATCGTGGTGATTTATCTGCGGGATACGCCGGCGAGCATGGCCGAGCGAAATCAGCAAATCGCCGGGATCGGCGCGGCGCTGATCGAGCACTGGCAACGCTAA	ATGCGTATTCGCCTGTGTATTATCTCCCTGTTAGCCACCCTGCCGCTGGCGGTA...TAA	858	1000	999	999.0	999	999	ATGCGTATTCGCCTGTGTATTATCTCCCTGTTAGCCACCCTGCCGCTGGCGGTA...TAA	858	5151	32	884	False	True	False
91	gb|AM176549|+|30-891|ARO:3001128|SHV-74	ATGCGTTATATTCGCCTGTGTATTATCTCCCTGTTAGCCACCCTGCCGCTGACG...TAA	861	(24) 5151- (884)	24	884	ATGCGTTATATTCGCCTGTGTATTATCTCCCTGTTAGCCACCCTGCCGCTGGCGGTACACGCCAGCCCGCAGCCGCTTGAGCAAATTAAACAAAGCGAAAGCCAGCTGTCGGGCCGCGTAGGCATGATAGAAATGGATCTGGCCAGCGGCCGCACGCTGACCGCCTGGCGCGCCGATGAACGCTTTCCCATGATGAGCACCTTTAAAGTAGTGCTCTGCGGCGCAGTGCTGGCGCGGGTGGATGCCGGTGACGAACAGCTGGAGCGAAAGATCCACTATCGCCAGCAGGATCTGGTGGACTACTCGCCGGTCAGCGAAAAACACCTTGCCGACGGCATGACGGTCGGCGAACTCTGCGCCGCCGCCATTACCATGAGCGATAACAGCGCCGCCAATCTGCTGCTGGCCACCGTCGGCGGCCCCGCAGGATTGACTGCCTTTTTGCGCCAGATCGGCGACAACGTCACCCGCCTTGACCGCTGGGAAACGGAACTGAATGAGGCGCTTCCCGGCGACGCCCGCGACACCACTACCCCGGCCAGCATGGCCGCGACCCTGCGCAAGCTGCTGACCAGCCAGCGTCTGAGCGCCCGTTCGCAACGGCAGCTGCTGCAGTGGATGGTGGACGATCGGGTCGCCGGACCGTTGATCCGCTCCGTGCTGCCGGCGGGCTGGTTTATCGCCGATAAGACCGGAGCTAGCAAGCGGGGTGCGCGCGGGATTGTCGCCCTGCTTGGCCCGAATAACAAAGCAGAGCGCATCGTGGTGATTTATCTGCGGGATACGCCGGCGAGCATGGCCGAGCGAAATCAGCAAATCGCCGGGATCGGCGCGGCGCTGATCGAGCACTGGCAACGCTAA	ATGCGTTATATTCGCCTGTGTATTATCTCCCTGTTAGCCACCCTGCCGCTGACG...TAA	861	1000	999	999.0	999	999	ATGCGTTATATTCGCCTGTGTATTATCTCCCTGTTAGCCACCCTGCCGCTGACG...TAA	861	5151	24	884	False	True	False
92	gb|AM176550|+|30-891|ARO:3001129|SHV-75	ATGCGTTATATTCGCCTGTGTATTATCTCCCTGTTAGCCACCCTGCCGCTGGCG...TAA	861	(24) 5151- (884)	24	884	ATGCGTTATATTCGCCTGTGTATTATCTCCCTGTTAGCCACCCTGCCGCTGGCGGTACACGCCAGCCCGCAGCCGCTTGAGCAAATTAAACAAAGCGAAAGCCAGCTGTCGGGCCGCGTAGGCATGATAGAAATGGATCTGGCCAGCGGCCGCACGCTGACCGCCTGGCGCGCCGATGAACGCTTTCCCATGATGAGCACCTTTAAAGTAGTGCTCTGCGGCGCAGTGCTGGCGCGGGTGGATGCCGGTGACGAACAGCTGGAGCGAAAGATCCACTATCGCCAGCAGGATCTGGTGGACTACTCGCCGGTCAGCGAAAAACACCTTGCCGACGGCATGACGGTCGGCGAACTCTGCGCCGCCGCCATTACCATGAGCGATAACAGCGCCGCCAATCTGCTGCTGGCCACCGTCGGCGGCCCCGCAGGATTGACTGCCTTTTTGCGCCAGATCGGCGACAACGTCACCCGCCTTGACCGCTGGGAAACGGAACTGAATGAGGCGCTTCCCGGCGACGCCCGCGACACCACTACCCCGGCCAGCATGGCCGCGACCCTGCGCAAGCTGCTGACCAGCCAGCGTCTGAGCGCCCGTTCGCAACGGCAGCTGCTGCAGTGGATGGTGGACGATCGGGTCGCCGGACCGTTGATCCGCTCCGTGCTGCCGGCGGGCTGGTTTATCGCCGATAAGACCGGAGCTAGCAAGCGGGGTGCGCGCGGGATTGTCGCCCTGCTTGGCCCGAATAACAAAGCAGAGCGCATCGTGGTGATTTATCTGCGGGATACGCCGGCGAGCATGGCCGAGCGAAATCAGCAAATCGCCGGGATCGGCGCGGCGCTGATCGAGCACTGGCAACGCTAA	ATGCGTTATATTCGCCTGTGTATTATCTCCCTGTTAGCCACCCTGCCGCTGGCG...TAA	861	1000	999	999.0	999	999	ATGCGTTATATTCGCCTGTGTATTATCTCCCTGTTAGCCACCCTGCCGCTGGCG...TAA	861	5151	24	884	False	True	False
93	gb|AM176551|+|30-891|ARO:3001130|SHV-76	ATGCGTTATATTCGCCTGTGTATTATCTCCCTGTTAGCCGCCCTGCCGCTGGCG...TAA	861	(24) 5151- (884)	24	884	ATGCGTTATATTCGCCTGTGTATTATCTCCCTGTTAGCCACCCTGCCGCTGGCGGTACACGCCAGCCCGCAGCCGCTTGAGCAAATTAAACAAAGCGAAAGCCAGCTGTCGGGCCGCGTAGGCATGATAGAAATGGATCTGGCCAGCGGCCGCACGCTGACCGCCTGGCGCGCCGATGAACGCTTTCCCATGATGAGCACCTTTAAAGTAGTGCTCTGCGGCGCAGTGCTGGCGCGGGTGGATGCCGGTGACGAACAGCTGGAGCGAAAGATCCACTATCGCCAGCAGGATCTGGTGGACTACTCGCCGGTCAGCGAAAAACACCTTGCCGACGGCATGACGGTCGGCGAACTCTGCGCCGCCGCCATTACCATGAGCGATAACAGCGCCGCCAATCTGCTGCTGGCCACCGTCGGCGGCCCCGCAGGATTGACTGCCTTTTTGCGCCAGATCGGCGACAACGTCACCCGCCTTGACCGCTGGGAAACGGAACTGAATGAGGCGCTTCCCGGCGACGCCCGCGACACCACTACCCCGGCCAGCATGGCCGCGACCCTGCGCAAGCTGCTGACCAGCCAGCGTCTGAGCGCCCGTTCGCAACGGCAGCTGCTGCAGTGGATGGTGGACGATCGGGTCGCCGGACCGTTGATCCGCTCCGTGCTGCCGGCGGGCTGGTTTATCGCCGATAAGACCGGAGCTAGCAAGCGGGGTGCGCGCGGGATTGTCGCCCTGCTTGGCCCGAATAACAAAGCAGAGCGCATCGTGGTGATTTATCTGCGGGATACGCCGGCGAGCATGGCCGAGCGAAATCAGCAAATCGCCGGGATCGGCGCGGCGCTGATCGAGCACTGGCAACGCTAA	ATGCGTTATATTCGCCTGTGTATTATCTCCCTGTTAGCCGCCCTGCCGCTGGCG...TAA	861	1000	999	999.0	999	999	ATGCGTTATATTCGCCTGTGTATTATCTCCCTGTTAGCCGCCCTGCCGCTGGCG...TAA	861	5151	24	884	False	True	False
94	gb|AM176552|+|30-891|ARO:3001131|SHV-77	ATGCGTTATATTCGCCTGTGTATTATCTCCCTGTTAGCCACCCTGCCGCTGGCG...TAA	861	(24) 5151- (884)	24	884	ATGCGTTATATTCGCCTGTGTATTATCTCCCTGTTAGCCACCCTGCCGCTGGCGGTACACGCCAGCCCGCAGCCGCTTGAGCAAATTAAACAAAGCGAAAGCCAGCTGTCGGGCCGCGTAGGCATGATAGAAATGGATCTGGCCAGCGGCCGCACGCTGACCGCCTGGCGCGCCGATGAACGCTTTCCCATGATGAGCACCTTTAAAGTAGTGCTCTGCGGCGCAGTGCTGGCGCGGGTGGATGCCGGTGACGAACAGCTGGAGCGAAAGATCCACTATCGCCAGCAGGATCTGGTGGACTACTCGCCGGTCAGCGAAAAACACCTTGCCGACGGCATGACGGTCGGCGAACTCTGCGCCGCCGCCATTACCATGAGCGATAACAGCGCCGCCAATCTGCTGCTGGCCACCGTCGGCGGCCCCGCAGGATTGACTGCCTTTTTGCGCCAGATCGGCGACAACGTCACCCGCCTTGACCGCTGGGAAACGGAACTGAATGAGGCGCTTCCCGGCGACGCCCGCGACACCACTACCCCGGCCAGCATGGCCGCGACCCTGCGCAAGCTGCTGACCAGCCAGCGTCTGAGCGCCCGTTCGCAACGGCAGCTGCTGCAGTGGATGGTGGACGATCGGGTCGCCGGACCGTTGATCCGCTCCGTGCTGCCGGCGGGCTGGTTTATCGCCGATAAGACCGGAGCTAGCAAGCGGGGTGCGCGCGGGATTGTCGCCCTGCTTGGCCCGAATAACAAAGCAGAGCGCATCGTGGTGATTTATCTGCGGGATACGCCGGCGAGCATGGCCGAGCGAAATCAGCAAATCGCCGGGATCGGCGCGGCGCTGATCGAGCACTGGCAACGCTAA	ATGCGTTATATTCGCCTGTGTATTATCTCCCTGTTAGCCACCCTGCCGCTGGCG...TAA	861	1000	999	999.0	999	999	ATGCGTTATATTCGCCTGTGTATTATCTCCCTGTTAGCCACCCTGCCGCTGGCG...TAA	861	5151	24	884	False	True	False
95	gb|AM176553|+|30-891|ARO:3001132|SHV-78	ATGCGTTATATTCGCCTGTGTATTATCTCCCTGTTAGCCACCCTGCCGCTGGCG...TAA	861	(24) 5151- (884)	24	884	ATGCGTTATATTCGCCTGTGTATTATCTCCCTGTTAGCCACCCTGCCGCTGGCGGTACACGCCAGCCCGCAGCCGCTTGAGCAAATTAAACAAAGCGAAAGCCAGCTGTCGGGCCGCGTAGGCATGATAGAAATGGATCTGGCCAGCGGCCGCACGCTGACCGCCTGGCGCGCCGATGAACGCTTTCCCATGATGAGCACCTTTAAAGTAGTGCTCTGCGGCGCAGTGCTGGCGCGGGTGGATGCCGGTGACGAACAGCTGGAGCGAAAGATCCACTATCGCCAGCAGGATCTGGTGGACTACTCGCCGGTCAGCGAAAAACACCTTGCCGACGGCATGACGGTCGGCGAACTCTGCGCCGCCGCCATTACCATGAGCGATAACAGCGCCGCCAATCTGCTGCTGGCCACCGTCGGCGGCCCCGCAGGATTGACTGCCTTTTTGCGCCAGATCGGCGACAACGTCACCCGCCTTGACCGCTGGGAAACGGAACTGAATGAGGCGCTTCCCGGCGACGCCCGCGACACCACTACCCCGGCCAGCATGGCCGCGACCCTGCGCAAGCTGCTGACCAGCCAGCGTCTGAGCGCCCGTTCGCAACGGCAGCTGCTGCAGTGGATGGTGGACGATCGGGTCGCCGGACCGTTGATCCGCTCCGTGCTGCCGGCGGGCTGGTTTATCGCCGATAAGACCGGAGCTAGCAAGCGGGGTGCGCGCGGGATTGTCGCCCTGCTTGGCCCGAATAACAAAGCAGAGCGCATCGTGGTGATTTATCTGCGGGATACGCCGGCGAGCATGGCCGAGCGAAATCAGCAAATCGCCGGGATCGGCGCGGCGCTGATCGAGCACTGGCAACGCTAA	ATGCGTTATATTCGCCTGTGTATTATCTCCCTGTTAGCCACCCTGCCGCTGGCG...TAA	861	1000	999	999.0	999	999	ATGCGTTATATTCGCCTGTGTATTATCTCCCTGTTAGCCACCCTGCCGCTGGCG...TAA	861	5151	24	884	False	True	False
96	gb|AM176554|+|30-891|ARO:3001133|SHV-79	ATGCGTTATATTCGCCTGTGTATTATCTCCCTGTTAGCCACCCTGCCGCTGGCG...TAA	861	(24) 5151- (884)	24	884	ATGCGTTATATTCGCCTGTGTATTATCTCCCTGTTAGCCACCCTGCCGCTGGCGGTACACGCCAGCCCGCAGCCGCTTGAGCAAATTAAACAAAGCGAAAGCCAGCTGTCGGGCCGCGTAGGCATGATAGAAATGGATCTGGCCAGCGGCCGCACGCTGACCGCCTGGCGCGCCGATGAACGCTTTCCCATGATGAGCACCTTTAAAGTAGTGCTCTGCGGCGCAGTGCTGGCGCGGGTGGATGCCGGTGACGAACAGCTGGAGCGAAAGATCCACTATCGCCAGCAGGATCTGGTGGACTACTCGCCGGTCAGCGAAAAACACCTTGCCGACGGCATGACGGTCGGCGAACTCTGCGCCGCCGCCATTACCATGAGCGATAACAGCGCCGCCAATCTGCTGCTGGCCACCGTCGGCGGCCCCGCAGGATTGACTGCCTTTTTGCGCCAGATCGGCGACAACGTCACCCGCCTTGACCGCTGGGAAACGGAACTGAATGAGGCGCTTCCCGGCGACGCCCGCGACACCACTACCCCGGCCAGCATGGCCGCGACCCTGCGCAAGCTGCTGACCAGCCAGCGTCTGAGCGCCCGTTCGCAACGGCAGCTGCTGCAGTGGATGGTGGACGATCGGGTCGCCGGACCGTTGATCCGCTCCGTGCTGCCGGCGGGCTGGTTTATCGCCGATAAGACCGGAGCTAGCAAGCGGGGTGCGCGCGGGATTGTCGCCCTGCTTGGCCCGAATAACAAAGCAGAGCGCATCGTGGTGATTTATCTGCGGGATACGCCGGCGAGCATGGCCGAGCGAAATCAGCAAATCGCCGGGATCGGCGCGGCGCTGATCGAGCACTGGCAACGCTAA	ATGCGTTATATTCGCCTGTGTATTATCTCCCTGTTAGCCACCCTGCCGCTGGCG...TAA	861	1000	999	999.0	999	999	ATGCGTTATATTCGCCTGTGTATTATCTCCCTGTTAGCCACCCTGCCGCTGGCG...TAA	861	5151	24	884	False	True	False
97	gb|AM176555|+|0-861|ARO:3001134|SHV-80	ATGCGTTATATTCGCCTGTGTATTATCTCCCTGTTAGCCACCCTGCCGCTGGCG...TAA	861	(24) 5151- (884)	24	884	ATGCGTTATATTCGCCTGTGTATTATCTCCCTGTTAGCCACCCTGCCGCTGGCGGTACACGCCAGCCCGCAGCCGCTTGAGCAAATTAAACAAAGCGAAAGCCAGCTGTCGGGCCGCGTAGGCATGATAGAAATGGATCTGGCCAGCGGCCGCACGCTGACCGCCTGGCGCGCCGATGAACGCTTTCCCATGATGAGCACCTTTAAAGTAGTGCTCTGCGGCGCAGTGCTGGCGCGGGTGGATGCCGGTGACGAACAGCTGGAGCGAAAGATCCACTATCGCCAGCAGGATCTGGTGGACTACTCGCCGGTCAGCGAAAAACACCTTGCCGACGGCATGACGGTCGGCGAACTCTGCGCCGCCGCCATTACCATGAGCGATAACAGCGCCGCCAATCTGCTGCTGGCCACCGTCGGCGGCCCCGCAGGATTGACTGCCTTTTTGCGCCAGATCGGCGACAACGTCACCCGCCTTGACCGCTGGGAAACGGAACTGAATGAGGCGCTTCCCGGCGACGCCCGCGACACCACTACCCCGGCCAGCATGGCCGCGACCCTGCGCAAGCTGCTGACCAGCCAGCGTCTGAGCGCCCGTTCGCAACGGCAGCTGCTGCAGTGGATGGTGGACGATCGGGTCGCCGGACCGTTGATCCGCTCCGTGCTGCCGGCGGGCTGGTTTATCGCCGATAAGACCGGAGCTAGCAAGCGGGGTGCGCGCGGGATTGTCGCCCTGCTTGGCCCGAATAACAAAGCAGAGCGCATCGTGGTGATTTATCTGCGGGATACGCCGGCGAGCATGGCCGAGCGAAATCAGCAAATCGCCGGGATCGGCGCGGCGCTGATCGAGCACTGGCAACGCTAA	ATGCGTTATATTCGCCTGTGTATTATCTCCCTGTTAGCCACCCTGCCGCTGGCG...TAA	861	1000	999	999.0	999	999	ATGCGTTATATTCGCCTGTGTATTATCTCCCTGTTAGCCACCCTGCCGCTGGCG...TAA	861	5151	24	884	False	True	False
98	gb|AM176556|+|25-886|ARO:3001135|SHV-81	ATGCGTTATATTCGCCTGTGTATTATCTCCCTGTTAGCCACCCTGCCGCTGGCG...TAA	861	(24) 5151- (884)	24	884	ATGCGTTATATTCGCCTGTGTATTATCTCCCTGTTAGCCACCCTGCCGCTGGCGGTACACGCCAGCCCGCAGCCGCTTGAGCAAATTAAACAAAGCGAAAGCCAGCTGTCGGGCCGCGTAGGCATGATAGAAATGGATCTGGCCAGCGGCCGCACGCTGACCGCCTGGCGCGCCGATGAACGCTTTCCCATGATGAGCACCTTTAAAGTAGTGCTCTGCGGCGCAGTGCTGGCGCGGGTGGATGCCGGTGACGAACAGCTGGAGCGAAAGATCCACTATCGCCAGCAGGATCTGGTGGACTACTCGCCGGTCAGCGAAAAACACCTTGCCGACGGCATGACGGTCGGCGAACTCTGCGCCGCCGCCATTACCATGAGCGATAACAGCGCCGCCAATCTGCTGCTGGCCACCGTCGGCGGCCCCGCAGGATTGACTGCCTTTTTGCGCCAGATCGGCGACAACGTCACCCGCCTTGACCGCTGGGAAACGGAACTGAATGAGGCGCTTCCCGGCGACGCCCGCGACACCACTACCCCGGCCAGCATGGCCGCGACCCTGCGCAAGCTGCTGACCAGCCAGCGTCTGAGCGCCCGTTCGCAACGGCAGCTGCTGCAGTGGATGGTGGACGATCGGGTCGCCGGACCGTTGATCCGCTCCGTGCTGCCGGCGGGCTGGTTTATCGCCGATAAGACCGGAGCTAGCAAGCGGGGTGCGCGCGGGATTGTCGCCCTGCTTGGCCCGAATAACAAAGCAGAGCGCATCGTGGTGATTTATCTGCGGGATACGCCGGCGAGCATGGCCGAGCGAAATCAGCAAATCGCCGGGATCGGCGCGGCGCTGATCGAGCACTGGCAACGCTAA	ATGCGTTATATTCGCCTGTGTATTATCTCCCTGTTAGCCACCCTGCCGCTGGCG...TAA	861	1000	999	999.0	999	999	ATGCGTTATATTCGCCTGTGTATTATCTCCCTGTTAGCCACCCTGCCGCTGGCG...TAA	861	5151	24	884	False	True	False
99	gb|AM176557|+|0-861|ARO:3001136|SHV-82	ATGCGTTATGTTCGCCTGTGTATTATCTCCCTGTTAGCCACCCTGCCGCTGGCG...TAA	861	(24) 5151- (884)	24	884	ATGCGTTATATTCGCCTGTGTATTATCTCCCTGTTAGCCACCCTGCCGCTGGCGGTACACGCCAGCCCGCAGCCGCTTGAGCAAATTAAACAAAGCGAAAGCCAGCTGTCGGGCCGCGTAGGCATGATAGAAATGGATCTGGCCAGCGGCCGCACGCTGACCGCCTGGCGCGCCGATGAACGCTTTCCCATGATGAGCACCTTTAAAGTAGTGCTCTGCGGCGCAGTGCTGGCGCGGGTGGATGCCGGTGACGAACAGCTGGAGCGAAAGATCCACTATCGCCAGCAGGATCTGGTGGACTACTCGCCGGTCAGCGAAAAACACCTTGCCGACGGCATGACGGTCGGCGAACTCTGCGCCGCCGCCATTACCATGAGCGATAACAGCGCCGCCAATCTGCTGCTGGCCACCGTCGGCGGCCCCGCAGGATTGACTGCCTTTTTGCGCCAGATCGGCGACAACGTCACCCGCCTTGACCGCTGGGAAACGGAACTGAATGAGGCGCTTCCCGGCGACGCCCGCGACACCACTACCCCGGCCAGCATGGCCGCGACCCTGCGCAAGCTGCTGACCAGCCAGCGTCTGAGCGCCCGTTCGCAACGGCAGCTGCTGCAGTGGATGGTGGACGATCGGGTCGCCGGACCGTTGATCCGCTCCGTGCTGCCGGCGGGCTGGTTTATCGCCGATAAGACCGGAGCTAGCAAGCGGGGTGCGCGCGGGATTGTCGCCCTGCTTGGCCCGAATAACAAAGCAGAGCGCATCGTGGTGATTTATCTGCGGGATACGCCGGCGAGCATGGCCGAGCGAAATCAGCAAATCGCCGGGATCGGCGCGGCGCTGATCGAGCACTGGCAACGCTAA	ATGCGTTATGTTCGCCTGTGTATTATCTCCCTGTTAGCCACCCTGCCGCTGGCG...TAA	861	1000	999	999.0	999	999	ATGCGTTATGTTCGCCTGTGTATTATCTCCCTGTTAGCCACCCTGCCGCTGGCG...TAA	861	5151	24	884	False	True	False
100	gb|AM176558|+|0-861|ARO:3001137|SHV-83	AAGCGTTATATTCGCCTGTGTATTATCTCCCTGTTAGCCACCCTGCCGCTGGCG...TAA	861	(26) 5151- (884)	26	884	GCGTTATATTCGCCTGTGTATTATCTCCCTGTTAGCCACCCTGCCGCTGGCGGTACACGCCAGCCCGCAGCCGCTTGAGCAAATTAAACAAAGCGAAAGCCAGCTGTCGGGCCGCGTAGGCATGATAGAAATGGATCTGGCCAGCGGCCGCACGCTGACCGCCTGGCGCGCCGATGAACGCTTTCCCATGATGAGCACCTTTAAAGTAGTGCTCTGCGGCGCAGTGCTGGCGCGGGTGGATGCCGGTGACGAACAGCTGGAGCGAAAGATCCACTATCGCCAGCAGGATCTGGTGGACTACTCGCCGGTCAGCGAAAAACACCTTGCCGACGGCATGACGGTCGGCGAACTCTGCGCCGCCGCCATTACCATGAGCGATAACAGCGCCGCCAATCTGCTGCTGGCCACCGTCGGCGGCCCCGCAGGATTGACTGCCTTTTTGCGCCAGATCGGCGACAACGTCACCCGCCTTGACCGCTGGGAAACGGAACTGAATGAGGCGCTTCCCGGCGACGCCCGCGACACCACTACCCCGGCCAGCATGGCCGCGACCCTGCGCAAGCTGCTGACCAGCCAGCGTCTGAGCGCCCGTTCGCAACGGCAGCTGCTGCAGTGGATGGTGGACGATCGGGTCGCCGGACCGTTGATCCGCTCCGTGCTGCCGGCGGGCTGGTTTATCGCCGATAAGACCGGAGCTAGCAAGCGGGGTGCGCGCGGGATTGTCGCCCTGCTTGGCCCGAATAACAAAGCAGAGCGCATCGTGGTGATTTATCTGCGGGATACGCCGGCGAGCATGGCCGAGCGAAATCAGCAAATCGCCGGGATCGGCGCGGCGCTGATCGAGCACTGGCAACGCTAA	AAGCGTTATATTCGCCTGTGTATTATCTCCCTGTTAGCCACCCTGCCGCTGGCG...TAA	861	1000	999	999.0	999	999	AAGCGTTATATTCGCCTGTGTATTATCTCCCTGTTAGCCACCCTGCCGCTGGCG...TAA	861	5151	26	884	False	True	False
101	gb|AM183304|+|208-1069|ARO:3001017|TEM-150	ATGAGTATTCAACATTTCCGTGTCGCCCTTATTCCCTTTTTTGCGGCATTTTGC...TAA	861	(37) 5967+ (897)	37	897	ATGAGTATTCAACATTTCCGTGTCGCCCTTATTCCCTTTTTTGCGGCATTTTGCCTTCCTGTTTTTGCTCACCCAGAAACGCTGGTGAAAGTAAAAGATGCTGAAGATCAGTTGGGTGCACGAGTGGGTTACATCGAACTGGATCTCAACAGCGGTAAGATCCTTGAGAGTTTTCGCCCCGAAGAACGTTTTCCAATGATGAGCACTTTTAAAGTTCTGCTATGTGGTGCGGTATTATCCCGTGTTGACGCCGGGCAAGAGCAACTCGGTCGCCGCATACACTATTCTCAGAATGACTTGGTTGAGTACTCACCAGTCACAGAAAAGCATCTTACGGATGGCATGACAGTAAGAGAATTATGCAGTGCTGCCATAACCATGAGTGATAACACTGCTGCCAACTTACTTCTGACAACGATCGGAGGACCGAAGGAGCTAACCGCTTTTTTGCACAACATGGGGGATCATGTAACTCGCCTTGATCGTTGGGAACCGGAGCTGAATGAAGCCATACCAAACGACGAGCGTGACACCACGATGCCTGCAGCAATGGCAACAACGTTGCGCAAACTATTAACTGGCGAACTACTTACTCTAGCTTCCCGGCAACAATTAATAGACTGGATGGAGGCGGATAAAGTTGCAGGACCACTTCTGCGCTCGGCCCTTCCGGCTGGCTGGTTTATTGCTGATAAATCTGGAGCCGGTGAGCGTGGGTCTCGCGGTATCATTGCAGCACTGGGGCCAGATGGTAAGCCCTCCCGTATCGTAGTTATCTACACGACGGGGAGTCAGGCAACTATGGATGAACGAAATAGACAGATCGCTGAGATAGGTGCCTCACTGATTAAGCATTGGTAA	ATGAGTATTCAACATTTCCGTGTCGCCCTTATTCCCTTTTTTGCGGCATTTTGC...TAA	861	37	897	861.0	5967+	ATGAGTATTCAACATTTCCGTGTCGCCCTTATTCCCTTTTTTGCGGCATTTTGCCTTCCTGTTTTTGCTCACCCAGAAACGCTGGTGAAAGTAAAAGATGCTGAAGATCAGTTGGGTGCACGAGTGGGTTACATCGAACTGGATCTCAACAGCGGTAAGATCCTTGAGAGTTTTCGCCCCGAAGAACGTTTTCCAATGATGAGCACTTTTAAAGTTCTGCTATGTGGTGCGGTATTATCCCGTGTTGACGCCGGGCAAGAGCAACTCGGTCGCCGCATACACTATTCTCAGAATGACTTGGTTGAGTACTCACCAGTCACAGAAAAGCATCTTACGGATGGCATGACAGTAAGAGAATTATGCAGTGCTGCCATAACCATGAGTGATAACACTGCTGCCAACTTACTTCTGACAACGATCGGAGGACCGAAGGAGCTAACCGCTTTTTTGCACAACATGGGGGATCATGTAACTCGCCTTGATCGTTGGGAACCGGAGCTGAATGAAGCCATACCAAACGACGAGCGTGACACCACGATGCCTGCAGCAATGGCAACAACGTTGCGCAAACTATTAACTGGCGAACTACTTACTCTAGCTTCCCGGCAACAATTAATAGACTGGATGGAGGCGGATAAAGTTGCAGGACCACTTCTGCGCTCGGCCCTTCCGGCTGGCTGGTTTATTGCTGATAAATCTGGAGCCGGTGAGCGTGGGTCTCGCGGTATCATTGCAGCACTGGGGCCAGATGGTAAGCCCTCCCGTATCGTAGTTATCTACACGACGGGGAGTCAGGCAACTATGGATGAACGAAATAGACAGATCGCTGAGATAGGTGCCTCACTGATTAAGCATTGGTAA	ATGAGTATTCAACATTTCCGTGTCGCCCTTATTCCCTTTTTTGCGGCATTTTGC...TAA	861	5967	37	897	True	True	True
102	gb|AM261837|+|73-865|ARO:3002619|aadA22	ATGAGGGTAGCGGTGACCATCGAAATTTCGAACCAACTATCAGAGGTGCTAAGC...TAA	792	{(712) 7593+ (1500) , (1688) 7591+ (2464)}	{712, 1688}	{1500, 2464}	{ATGAGGGAAGCGGTGATCGCCGAAGTATCGACTCAACTATCAGAGGTAGTTGGCGTCATCGAGCGCCATCTCGAACCGACGTTGCTGGCCGTACATTTGTACGGCTCCGCAGTGGATGGCGGCCTGAAGCCACACAGTGATATTGATTTGCTGGTTACGGTGACCGTAAGGCTTGATGAAACAACGCGGCGAGCTTTGATCAACGACCTTTTGGAAACTTCGGCTTCCCCTGGAGAGAGCGAGATTCTCCGCGCTGTAGAAGTCACCATTGTTGTGCACGACGACATCATTCCGTGGCGTTATCCAGCTAAGCGCGAACTGCAATTTGGAGAATGGCAGCGCAATGACATTCTTGCAGGTATCTTCGAGCCAGCCACGATCGACATTGATCTGGCTATCTTGCTGACAAAAGCAAGAGAACATAGCGTTGCCTTGGTAGGTCCAGCGGCGGAGGAACTCTTTGATCCGGTTCCTGAACAGGATCTATTTGAGGCGCTAAATGAAACCTTAACGCTATGGAACTCGCCGCCCGACTGGGCTGGCGATGAGCGAAATGTAGTGCTTACGTTGTCCCGCATTTGGTACAGCGCAGTAACCGGCAAAATCGCGCCGAAGGATGTCGCTGCCGACTGGGCAATGGAGCGCCTGCCGGCCCAGTATCAGCCCGTCATACTTGAAGCTAGGCAGGCTTATCTTGGACAAGAAGATCGCTTGGCCTCGCGCGCAGATCAGTTGGAAGAATTTGTTCACTACGTGAAAGGCGAGATCACCAAGGTAGTCGGCAAATAA, ATGAGGGTAGCGGTGACCATCGAAATTTCGAACCAACTATCAGAGGTGCTAAGCGTCATTGAGCGCCATCTGGAATCAACGTTGCTGGCCGTGCATTTGTACGGCTCCGCAGTGGATGGCGGCCTGAAGCCATACAGCGATATTGATTTGTTGGTTACTGTGGCCGTAAAGCTTGATGAAACGACGCGGCGAGCATTGCTCAATGACCTTATGGAGGCTTCGGCTTTCCCTGGCGAGAGCGAGACGCTCCGCGCTATAGAAGTCACCCTTGTCGTGCATGACGACATCATCCCGTGGCGTTATCCGGCTAAGCGCGAGCTGCAATTTGGAGAATGGCAGCGCAATGACATTCTTGCGGGTATCTTCGAGCCAGCCATGATCGACATTGATCTAGCTATCCTGCTTACAAAAGCAAGAGAACATAGCGTTGCCTTGGTAGGTCCGGCAGCGGAGGAATTCTTTGACCCGGTTCCTGAACAGGATCTATTCGAGGCGCTGAGGGAAACCTTGAAGCTATGGAACTCGCAGCCCGACTGGGCCGGCGATGAGCGAAATGTAGTGCTTACGTTGTCCCGCATTTGGTACAGCGCAATAACCGGCAAAATCGCGCCGAAGGATGTCGCTGCCGACTGGGCAATAAAACGCCTACCTGCCCAGTATCAGCCCGTCTTACTTGAAGCTAAGCAAGCTTATCTGGGACAAAAAGAAGATCACTTGGCCTCACGCGCAGATCACTTGGAAGAATTTATTCGCTTTGTGAAAGGCGAGATCATCAAG}	ATGAGGGTAGCGGTGACCATCGAAATTTCGAACCAACTATCAGAGGTGCTAAGC...TAA	792	712	1500	792.0	7593+	ATGAGGGAAGCGGTGATCGCCGAAGTATCGACTCAACTATCAGAGGTAGTTGGCGTCATCGAGCGCCATCTCGAACCGACGTTGCTGGCCGTACATTTGTACGGCTCCGCAGTGGATGGCGGCCTGAAGCCACACAGTGATATTGATTTGCTGGTTACGGTGACCGTAAGGCTTGATGAAACAACGCGGCGAGCTTTGATCAACGACCTTTTGGAAACTTCGGCTTCCCCTGGAGAGAGCGAGATTCTCCGCGCTGTAGAAGTCACCATTGTTGTGCACGACGACATCATTCCGTGGCGTTATCCAGCTAAGCGCGAACTGCAATTTGGAGAATGGCAGCGCAATGACATTCTTGCAGGTATCTTCGAGCCAGCCACGATCGACATTGATCTGGCTATCTTGCTGACAAAAGCAAGAGAACATAGCGTTGCCTTGGTAGGTCCAGCGGCGGAGGAACTCTTTGATCCGGTTCCTGAACAGGATCTATTTGAGGCGCTAAATGAAACCTTAACGCTATGGAACTCGCCGCCCGACTGGGCTGGCGATGAGCGAAATGTAGTGCTTACGTTGTCCCGCATTTGGTACAGCGCAGTAACCGGCAAAATCGCGCCGAAGGATGTCGCTGCCGACTGGGCAATGGAGCGCCTGCCGGCCCAGTATCAGCCCGTCATACTTGAAGCTAGGCAGGCTTATCTTGGACAAGAAGATCGCTTGGCCTCGCGCGCAGATCAGTTGGAAGAATTTGTTCACTACGTGAAAGGCGAGATCACCAAGGTAGTCGGCAAATAA	ATGAGGGTAGCGGTGACCATCGAAATTTCGAACCAACTATCAGAGGTGCTAAGC...TAA	792	7593	712	1500	False	False	True
103	gb|AM286274|+|0-861|ARO:3001001|TEM-137	ATGAGTATTCAACATTTCCGTGTCGCCCTTATTCCCTTTTTTGCGGCATTTTGC...TAA	861	(37) 5967+ (897)	37	897	ATGAGTATTCAACATTTCCGTGTCGCCCTTATTCCCTTTTTTGCGGCATTTTGCCTTCCTGTTTTTGCTCACCCAGAAACGCTGGTGAAAGTAAAAGATGCTGAAGATCAGTTGGGTGCACGAGTGGGTTACATCGAACTGGATCTCAACAGCGGTAAGATCCTTGAGAGTTTTCGCCCCGAAGAACGTTTTCCAATGATGAGCACTTTTAAAGTTCTGCTATGTGGTGCGGTATTATCCCGTGTTGACGCCGGGCAAGAGCAACTCGGTCGCCGCATACACTATTCTCAGAATGACTTGGTTGAGTACTCACCAGTCACAGAAAAGCATCTTACGGATGGCATGACAGTAAGAGAATTATGCAGTGCTGCCATAACCATGAGTGATAACACTGCTGCCAACTTACTTCTGACAACGATCGGAGGACCGAAGGAGCTAACCGCTTTTTTGCACAACATGGGGGATCATGTAACTCGCCTTGATCGTTGGGAACCGGAGCTGAATGAAGCCATACCAAACGACGAGCGTGACACCACGATGCCTGCAGCAATGGCAACAACGTTGCGCAAACTATTAACTGGCGAACTACTTACTCTAGCTTCCCGGCAACAATTAATAGACTGGATGGAGGCGGATAAAGTTGCAGGACCACTTCTGCGCTCGGCCCTTCCGGCTGGCTGGTTTATTGCTGATAAATCTGGAGCCGGTGAGCGTGGGTCTCGCGGTATCATTGCAGCACTGGGGCCAGATGGTAAGCCCTCCCGTATCGTAGTTATCTACACGACGGGGAGTCAGGCAACTATGGATGAACGAAATAGACAGATCGCTGAGATAGGTGCCTCACTGATTAAGCATTGGTAA	ATGAGTATTCAACATTTCCGTGTCGCCCTTATTCCCTTTTTTGCGGCATTTTGC...TAA	861	1000	999	999.0	999	999	ATGAGTATTCAACATTTCCGTGTCGCCCTTATTCCCTTTTTTGCGGCATTTTGC...TAA	861	5967	37	897	False	True	False
104	gb|AM849805|+|262-1123|ARO:3000886|TEM-15	ATGAGTATTCAACATTTTCGTGTCGCCCTTATTCCCTTTTTTGCGGCATTTTGC...TAA	861	(37) 5967+ (897)	37	897	ATGAGTATTCAACATTTCCGTGTCGCCCTTATTCCCTTTTTTGCGGCATTTTGCCTTCCTGTTTTTGCTCACCCAGAAACGCTGGTGAAAGTAAAAGATGCTGAAGATCAGTTGGGTGCACGAGTGGGTTACATCGAACTGGATCTCAACAGCGGTAAGATCCTTGAGAGTTTTCGCCCCGAAGAACGTTTTCCAATGATGAGCACTTTTAAAGTTCTGCTATGTGGTGCGGTATTATCCCGTGTTGACGCCGGGCAAGAGCAACTCGGTCGCCGCATACACTATTCTCAGAATGACTTGGTTGAGTACTCACCAGTCACAGAAAAGCATCTTACGGATGGCATGACAGTAAGAGAATTATGCAGTGCTGCCATAACCATGAGTGATAACACTGCTGCCAACTTACTTCTGACAACGATCGGAGGACCGAAGGAGCTAACCGCTTTTTTGCACAACATGGGGGATCATGTAACTCGCCTTGATCGTTGGGAACCGGAGCTGAATGAAGCCATACCAAACGACGAGCGTGACACCACGATGCCTGCAGCAATGGCAACAACGTTGCGCAAACTATTAACTGGCGAACTACTTACTCTAGCTTCCCGGCAACAATTAATAGACTGGATGGAGGCGGATAAAGTTGCAGGACCACTTCTGCGCTCGGCCCTTCCGGCTGGCTGGTTTATTGCTGATAAATCTGGAGCCGGTGAGCGTGGGTCTCGCGGTATCATTGCAGCACTGGGGCCAGATGGTAAGCCCTCCCGTATCGTAGTTATCTACACGACGGGGAGTCAGGCAACTATGGATGAACGAAATAGACAGATCGCTGAGATAGGTGCCTCACTGATTAAGCATTGGTAA	ATGAGTATTCAACATTTTCGTGTCGCCCTTATTCCCTTTTTTGCGGCATTTTGC...TAA	861	37	897	861.0	5967+	ATGAGTATTCAACATTTCCGTGTCGCCCTTATTCCCTTTTTTGCGGCATTTTGCCTTCCTGTTTTTGCTCACCCAGAAACGCTGGTGAAAGTAAAAGATGCTGAAGATCAGTTGGGTGCACGAGTGGGTTACATCGAACTGGATCTCAACAGCGGTAAGATCCTTGAGAGTTTTCGCCCCGAAGAACGTTTTCCAATGATGAGCACTTTTAAAGTTCTGCTATGTGGTGCGGTATTATCCCGTGTTGACGCCGGGCAAGAGCAACTCGGTCGCCGCATACACTATTCTCAGAATGACTTGGTTGAGTACTCACCAGTCACAGAAAAGCATCTTACGGATGGCATGACAGTAAGAGAATTATGCAGTGCTGCCATAACCATGAGTGATAACACTGCTGCCAACTTACTTCTGACAACGATCGGAGGACCGAAGGAGCTAACCGCTTTTTTGCACAACATGGGGGATCATGTAACTCGCCTTGATCGTTGGGAACCGGAGCTGAATGAAGCCATACCAAACGACGAGCGTGACACCACGATGCCTGCAGCAATGGCAACAACGTTGCGCAAACTATTAACTGGCGAACTACTTACTCTAGCTTCCCGGCAACAATTAATAGACTGGATGGAGGCGGATAAAGTTGCAGGACCACTTCTGCGCTCGGCCCTTCCGGCTGGCTGGTTTATTGCTGATAAATCTGGAGCCGGTGAGCGTGGGTCTCGCGGTATCATTGCAGCACTGGGGCCAGATGGTAAGCCCTCCCGTATCGTAGTTATCTACACGACGGGGAGTCAGGCAACTATGGATGAACGAAATAGACAGATCGCTGAGATAGGTGCCTCACTGATTAAGCATTGGTAA	ATGAGTATTCAACATTTTCGTGTCGCCCTTATTCCCTTTTTTGCGGCATTTTGC...TAA	861	5967	37	897	True	True	True
105	gb|AM941159|+|208-1069|ARO:3001022|TEM-156	ATGAGTATTCAACATTTCCGTGTCGCCCTTATTCCCTTTTTTGCGGCATTTTGC...TAA	861	(37) 5967+ (897)	37	897	ATGAGTATTCAACATTTCCGTGTCGCCCTTATTCCCTTTTTTGCGGCATTTTGCCTTCCTGTTTTTGCTCACCCAGAAACGCTGGTGAAAGTAAAAGATGCTGAAGATCAGTTGGGTGCACGAGTGGGTTACATCGAACTGGATCTCAACAGCGGTAAGATCCTTGAGAGTTTTCGCCCCGAAGAACGTTTTCCAATGATGAGCACTTTTAAAGTTCTGCTATGTGGTGCGGTATTATCCCGTGTTGACGCCGGGCAAGAGCAACTCGGTCGCCGCATACACTATTCTCAGAATGACTTGGTTGAGTACTCACCAGTCACAGAAAAGCATCTTACGGATGGCATGACAGTAAGAGAATTATGCAGTGCTGCCATAACCATGAGTGATAACACTGCTGCCAACTTACTTCTGACAACGATCGGAGGACCGAAGGAGCTAACCGCTTTTTTGCACAACATGGGGGATCATGTAACTCGCCTTGATCGTTGGGAACCGGAGCTGAATGAAGCCATACCAAACGACGAGCGTGACACCACGATGCCTGCAGCAATGGCAACAACGTTGCGCAAACTATTAACTGGCGAACTACTTACTCTAGCTTCCCGGCAACAATTAATAGACTGGATGGAGGCGGATAAAGTTGCAGGACCACTTCTGCGCTCGGCCCTTCCGGCTGGCTGGTTTATTGCTGATAAATCTGGAGCCGGTGAGCGTGGGTCTCGCGGTATCATTGCAGCACTGGGGCCAGATGGTAAGCCCTCCCGTATCGTAGTTATCTACACGACGGGGAGTCAGGCAACTATGGATGAACGAAATAGACAGATCGCTGAGATAGGTGCCTCACTGATTAAGCATTGGTAA	ATGAGTATTCAACATTTCCGTGTCGCCCTTATTCCCTTTTTTGCGGCATTTTGC...TAA	861	37	897	861.0	5967+	ATGAGTATTCAACATTTCCGTGTCGCCCTTATTCCCTTTTTTGCGGCATTTTGCCTTCCTGTTTTTGCTCACCCAGAAACGCTGGTGAAAGTAAAAGATGCTGAAGATCAGTTGGGTGCACGAGTGGGTTACATCGAACTGGATCTCAACAGCGGTAAGATCCTTGAGAGTTTTCGCCCCGAAGAACGTTTTCCAATGATGAGCACTTTTAAAGTTCTGCTATGTGGTGCGGTATTATCCCGTGTTGACGCCGGGCAAGAGCAACTCGGTCGCCGCATACACTATTCTCAGAATGACTTGGTTGAGTACTCACCAGTCACAGAAAAGCATCTTACGGATGGCATGACAGTAAGAGAATTATGCAGTGCTGCCATAACCATGAGTGATAACACTGCTGCCAACTTACTTCTGACAACGATCGGAGGACCGAAGGAGCTAACCGCTTTTTTGCACAACATGGGGGATCATGTAACTCGCCTTGATCGTTGGGAACCGGAGCTGAATGAAGCCATACCAAACGACGAGCGTGACACCACGATGCCTGCAGCAATGGCAACAACGTTGCGCAAACTATTAACTGGCGAACTACTTACTCTAGCTTCCCGGCAACAATTAATAGACTGGATGGAGGCGGATAAAGTTGCAGGACCACTTCTGCGCTCGGCCCTTCCGGCTGGCTGGTTTATTGCTGATAAATCTGGAGCCGGTGAGCGTGGGTCTCGCGGTATCATTGCAGCACTGGGGCCAGATGGTAAGCCCTCCCGTATCGTAGTTATCTACACGACGGGGAGTCAGGCAACTATGGATGAACGAAATAGACAGATCGCTGAGATAGGTGCCTCACTGATTAAGCATTGGTAA	ATGAGTATTCAACATTTCCGTGTCGCCCTTATTCCCTTTTTTGCGGCATTTTGC...TAA	861	5967	37	897	True	True	True
106	gb|AM941844|+|0-861|ARO:3001336|SHV-98	ATGCGTTATATTCGCCTGTGTATTATCTCCCTGTTAGCCACCCTGCCGCTGGCG...TAA	861	(24) 5151- (884)	24	884	ATGCGTTATATTCGCCTGTGTATTATCTCCCTGTTAGCCACCCTGCCGCTGGCGGTACACGCCAGCCCGCAGCCGCTTGAGCAAATTAAACAAAGCGAAAGCCAGCTGTCGGGCCGCGTAGGCATGATAGAAATGGATCTGGCCAGCGGCCGCACGCTGACCGCCTGGCGCGCCGATGAACGCTTTCCCATGATGAGCACCTTTAAAGTAGTGCTCTGCGGCGCAGTGCTGGCGCGGGTGGATGCCGGTGACGAACAGCTGGAGCGAAAGATCCACTATCGCCAGCAGGATCTGGTGGACTACTCGCCGGTCAGCGAAAAACACCTTGCCGACGGCATGACGGTCGGCGAACTCTGCGCCGCCGCCATTACCATGAGCGATAACAGCGCCGCCAATCTGCTGCTGGCCACCGTCGGCGGCCCCGCAGGATTGACTGCCTTTTTGCGCCAGATCGGCGACAACGTCACCCGCCTTGACCGCTGGGAAACGGAACTGAATGAGGCGCTTCCCGGCGACGCCCGCGACACCACTACCCCGGCCAGCATGGCCGCGACCCTGCGCAAGCTGCTGACCAGCCAGCGTCTGAGCGCCCGTTCGCAACGGCAGCTGCTGCAGTGGATGGTGGACGATCGGGTCGCCGGACCGTTGATCCGCTCCGTGCTGCCGGCGGGCTGGTTTATCGCCGATAAGACCGGAGCTAGCAAGCGGGGTGCGCGCGGGATTGTCGCCCTGCTTGGCCCGAATAACAAAGCAGAGCGCATCGTGGTGATTTATCTGCGGGATACGCCGGCGAGCATGGCCGAGCGAAATCAGCAAATCGCCGGGATCGGCGCGGCGCTGATCGAGCACTGGCAACGCTAA	ATGCGTTATATTCGCCTGTGTATTATCTCCCTGTTAGCCACCCTGCCGCTGGCG...TAA	861	24	884	861.0	5151-	ATGCGTTATATTCGCCTGTGTATTATCTCCCTGTTAGCCACCCTGCCGCTGGCGGTACACGCCAGCCCGCAGCCGCTTGAGCAAATTAAACAAAGCGAAAGCCAGCTGTCGGGCCGCGTAGGCATGATAGAAATGGATCTGGCCAGCGGCCGCACGCTGACCGCCTGGCGCGCCGATGAACGCTTTCCCATGATGAGCACCTTTAAAGTAGTGCTCTGCGGCGCAGTGCTGGCGCGGGTGGATGCCGGTGACGAACAGCTGGAGCGAAAGATCCACTATCGCCAGCAGGATCTGGTGGACTACTCGCCGGTCAGCGAAAAACACCTTGCCGACGGCATGACGGTCGGCGAACTCTGCGCCGCCGCCATTACCATGAGCGATAACAGCGCCGCCAATCTGCTGCTGGCCACCGTCGGCGGCCCCGCAGGATTGACTGCCTTTTTGCGCCAGATCGGCGACAACGTCACCCGCCTTGACCGCTGGGAAACGGAACTGAATGAGGCGCTTCCCGGCGACGCCCGCGACACCACTACCCCGGCCAGCATGGCCGCGACCCTGCGCAAGCTGCTGACCAGCCAGCGTCTGAGCGCCCGTTCGCAACGGCAGCTGCTGCAGTGGATGGTGGACGATCGGGTCGCCGGACCGTTGATCCGCTCCGTGCTGCCGGCGGGCTGGTTTATCGCCGATAAGACCGGAGCTAGCAAGCGGGGTGCGCGCGGGATTGTCGCCCTGCTTGGCCCGAATAACAAAGCAGAGCGCATCGTGGTGATTTATCTGCGGGATACGCCGGCGAGCATGGCCGAGCGAAATCAGCAAATCGCCGGGATCGGCGCGGCGCTGATCGAGCACTGGCAACGCTAA	ATGCGTTATATTCGCCTGTGTATTATCTCCCTGTTAGCCACCCTGCCGCTGGCG...TAA	861	5151	24	884	True	True	True
107	gb|AM941845|+|0-861|ARO:3001337|SHV-99	ATGCGTTATATTCGCCTGTGTATTATCTCCCTGTTAGCCACCCTGCCGCTGGCG...TAA	861	(24) 5151- (884)	24	884	ATGCGTTATATTCGCCTGTGTATTATCTCCCTGTTAGCCACCCTGCCGCTGGCGGTACACGCCAGCCCGCAGCCGCTTGAGCAAATTAAACAAAGCGAAAGCCAGCTGTCGGGCCGCGTAGGCATGATAGAAATGGATCTGGCCAGCGGCCGCACGCTGACCGCCTGGCGCGCCGATGAACGCTTTCCCATGATGAGCACCTTTAAAGTAGTGCTCTGCGGCGCAGTGCTGGCGCGGGTGGATGCCGGTGACGAACAGCTGGAGCGAAAGATCCACTATCGCCAGCAGGATCTGGTGGACTACTCGCCGGTCAGCGAAAAACACCTTGCCGACGGCATGACGGTCGGCGAACTCTGCGCCGCCGCCATTACCATGAGCGATAACAGCGCCGCCAATCTGCTGCTGGCCACCGTCGGCGGCCCCGCAGGATTGACTGCCTTTTTGCGCCAGATCGGCGACAACGTCACCCGCCTTGACCGCTGGGAAACGGAACTGAATGAGGCGCTTCCCGGCGACGCCCGCGACACCACTACCCCGGCCAGCATGGCCGCGACCCTGCGCAAGCTGCTGACCAGCCAGCGTCTGAGCGCCCGTTCGCAACGGCAGCTGCTGCAGTGGATGGTGGACGATCGGGTCGCCGGACCGTTGATCCGCTCCGTGCTGCCGGCGGGCTGGTTTATCGCCGATAAGACCGGAGCTAGCAAGCGGGGTGCGCGCGGGATTGTCGCCCTGCTTGGCCCGAATAACAAAGCAGAGCGCATCGTGGTGATTTATCTGCGGGATACGCCGGCGAGCATGGCCGAGCGAAATCAGCAAATCGCCGGGATCGGCGCGGCGCTGATCGAGCACTGGCAACGCTAA	ATGCGTTATATTCGCCTGTGTATTATCTCCCTGTTAGCCACCCTGCCGCTGGCG...TAA	861	24	884	861.0	5151-	ATGCGTTATATTCGCCTGTGTATTATCTCCCTGTTAGCCACCCTGCCGCTGGCGGTACACGCCAGCCCGCAGCCGCTTGAGCAAATTAAACAAAGCGAAAGCCAGCTGTCGGGCCGCGTAGGCATGATAGAAATGGATCTGGCCAGCGGCCGCACGCTGACCGCCTGGCGCGCCGATGAACGCTTTCCCATGATGAGCACCTTTAAAGTAGTGCTCTGCGGCGCAGTGCTGGCGCGGGTGGATGCCGGTGACGAACAGCTGGAGCGAAAGATCCACTATCGCCAGCAGGATCTGGTGGACTACTCGCCGGTCAGCGAAAAACACCTTGCCGACGGCATGACGGTCGGCGAACTCTGCGCCGCCGCCATTACCATGAGCGATAACAGCGCCGCCAATCTGCTGCTGGCCACCGTCGGCGGCCCCGCAGGATTGACTGCCTTTTTGCGCCAGATCGGCGACAACGTCACCCGCCTTGACCGCTGGGAAACGGAACTGAATGAGGCGCTTCCCGGCGACGCCCGCGACACCACTACCCCGGCCAGCATGGCCGCGACCCTGCGCAAGCTGCTGACCAGCCAGCGTCTGAGCGCCCGTTCGCAACGGCAGCTGCTGCAGTGGATGGTGGACGATCGGGTCGCCGGACCGTTGATCCGCTCCGTGCTGCCGGCGGGCTGGTTTATCGCCGATAAGACCGGAGCTAGCAAGCGGGGTGCGCGCGGGATTGTCGCCCTGCTTGGCCCGAATAACAAAGCAGAGCGCATCGTGGTGATTTATCTGCGGGATACGCCGGCGAGCATGGCCGAGCGAAATCAGCAAATCGCCGGGATCGGCGCGGCGCTGATCGAGCACTGGCAACGCTAA	ATGCGTTATATTCGCCTGTGTATTATCTCCCTGTTAGCCACCCTGCCGCTGGCG...TAA	861	5151	24	884	True	True	True
108	gb|AM941847|+|0-861|ARO:3001155|SHV-106	ATGCGTTTTATTCGCCTGTGTATTATCTCCCTGTTAGCCACCCTGCCGCTGGCG...TAA	861	(24) 5151- (884)	24	884	ATGCGTTATATTCGCCTGTGTATTATCTCCCTGTTAGCCACCCTGCCGCTGGCGGTACACGCCAGCCCGCAGCCGCTTGAGCAAATTAAACAAAGCGAAAGCCAGCTGTCGGGCCGCGTAGGCATGATAGAAATGGATCTGGCCAGCGGCCGCACGCTGACCGCCTGGCGCGCCGATGAACGCTTTCCCATGATGAGCACCTTTAAAGTAGTGCTCTGCGGCGCAGTGCTGGCGCGGGTGGATGCCGGTGACGAACAGCTGGAGCGAAAGATCCACTATCGCCAGCAGGATCTGGTGGACTACTCGCCGGTCAGCGAAAAACACCTTGCCGACGGCATGACGGTCGGCGAACTCTGCGCCGCCGCCATTACCATGAGCGATAACAGCGCCGCCAATCTGCTGCTGGCCACCGTCGGCGGCCCCGCAGGATTGACTGCCTTTTTGCGCCAGATCGGCGACAACGTCACCCGCCTTGACCGCTGGGAAACGGAACTGAATGAGGCGCTTCCCGGCGACGCCCGCGACACCACTACCCCGGCCAGCATGGCCGCGACCCTGCGCAAGCTGCTGACCAGCCAGCGTCTGAGCGCCCGTTCGCAACGGCAGCTGCTGCAGTGGATGGTGGACGATCGGGTCGCCGGACCGTTGATCCGCTCCGTGCTGCCGGCGGGCTGGTTTATCGCCGATAAGACCGGAGCTAGCAAGCGGGGTGCGCGCGGGATTGTCGCCCTGCTTGGCCCGAATAACAAAGCAGAGCGCATCGTGGTGATTTATCTGCGGGATACGCCGGCGAGCATGGCCGAGCGAAATCAGCAAATCGCCGGGATCGGCGCGGCGCTGATCGAGCACTGGCAACGCTAA	ATGCGTTTTATTCGCCTGTGTATTATCTCCCTGTTAGCCACCCTGCCGCTGGCG...TAA	861	24	884	861.0	5151-	ATGCGTTATATTCGCCTGTGTATTATCTCCCTGTTAGCCACCCTGCCGCTGGCGGTACACGCCAGCCCGCAGCCGCTTGAGCAAATTAAACAAAGCGAAAGCCAGCTGTCGGGCCGCGTAGGCATGATAGAAATGGATCTGGCCAGCGGCCGCACGCTGACCGCCTGGCGCGCCGATGAACGCTTTCCCATGATGAGCACCTTTAAAGTAGTGCTCTGCGGCGCAGTGCTGGCGCGGGTGGATGCCGGTGACGAACAGCTGGAGCGAAAGATCCACTATCGCCAGCAGGATCTGGTGGACTACTCGCCGGTCAGCGAAAAACACCTTGCCGACGGCATGACGGTCGGCGAACTCTGCGCCGCCGCCATTACCATGAGCGATAACAGCGCCGCCAATCTGCTGCTGGCCACCGTCGGCGGCCCCGCAGGATTGACTGCCTTTTTGCGCCAGATCGGCGACAACGTCACCCGCCTTGACCGCTGGGAAACGGAACTGAATGAGGCGCTTCCCGGCGACGCCCGCGACACCACTACCCCGGCCAGCATGGCCGCGACCCTGCGCAAGCTGCTGACCAGCCAGCGTCTGAGCGCCCGTTCGCAACGGCAGCTGCTGCAGTGGATGGTGGACGATCGGGTCGCCGGACCGTTGATCCGCTCCGTGCTGCCGGCGGGCTGGTTTATCGCCGATAAGACCGGAGCTAGCAAGCGGGGTGCGCGCGGGATTGTCGCCCTGCTTGGCCCGAATAACAAAGCAGAGCGCATCGTGGTGATTTATCTGCGGGATACGCCGGCGAGCATGGCCGAGCGAAATCAGCAAATCGCCGGGATCGGCGCGGCGCTGATCGAGCACTGGCAACGCTAA	ATGCGTTTTATTCGCCTGTGTATTATCTCCCTGTTAGCCACCCTGCCGCTGGCG...TAA	861	5151	24	884	True	True	True
109	gb|AM941848|+|0-861|ARO:3001156|SHV-107	ATGCGTTATATTCGCCTGTGTATTATCTCCCTGTTAGCCACCCTGCCGCTGGCG...TAA	861	(24) 5151- (884)	24	884	ATGCGTTATATTCGCCTGTGTATTATCTCCCTGTTAGCCACCCTGCCGCTGGCGGTACACGCCAGCCCGCAGCCGCTTGAGCAAATTAAACAAAGCGAAAGCCAGCTGTCGGGCCGCGTAGGCATGATAGAAATGGATCTGGCCAGCGGCCGCACGCTGACCGCCTGGCGCGCCGATGAACGCTTTCCCATGATGAGCACCTTTAAAGTAGTGCTCTGCGGCGCAGTGCTGGCGCGGGTGGATGCCGGTGACGAACAGCTGGAGCGAAAGATCCACTATCGCCAGCAGGATCTGGTGGACTACTCGCCGGTCAGCGAAAAACACCTTGCCGACGGCATGACGGTCGGCGAACTCTGCGCCGCCGCCATTACCATGAGCGATAACAGCGCCGCCAATCTGCTGCTGGCCACCGTCGGCGGCCCCGCAGGATTGACTGCCTTTTTGCGCCAGATCGGCGACAACGTCACCCGCCTTGACCGCTGGGAAACGGAACTGAATGAGGCGCTTCCCGGCGACGCCCGCGACACCACTACCCCGGCCAGCATGGCCGCGACCCTGCGCAAGCTGCTGACCAGCCAGCGTCTGAGCGCCCGTTCGCAACGGCAGCTGCTGCAGTGGATGGTGGACGATCGGGTCGCCGGACCGTTGATCCGCTCCGTGCTGCCGGCGGGCTGGTTTATCGCCGATAAGACCGGAGCTAGCAAGCGGGGTGCGCGCGGGATTGTCGCCCTGCTTGGCCCGAATAACAAAGCAGAGCGCATCGTGGTGATTTATCTGCGGGATACGCCGGCGAGCATGGCCGAGCGAAATCAGCAAATCGCCGGGATCGGCGCGGCGCTGATCGAGCACTGGCAACGCTAA	ATGCGTTATATTCGCCTGTGTATTATCTCCCTGTTAGCCACCCTGCCGCTGGCG...TAA	861	24	884	861.0	5151-	ATGCGTTATATTCGCCTGTGTATTATCTCCCTGTTAGCCACCCTGCCGCTGGCGGTACACGCCAGCCCGCAGCCGCTTGAGCAAATTAAACAAAGCGAAAGCCAGCTGTCGGGCCGCGTAGGCATGATAGAAATGGATCTGGCCAGCGGCCGCACGCTGACCGCCTGGCGCGCCGATGAACGCTTTCCCATGATGAGCACCTTTAAAGTAGTGCTCTGCGGCGCAGTGCTGGCGCGGGTGGATGCCGGTGACGAACAGCTGGAGCGAAAGATCCACTATCGCCAGCAGGATCTGGTGGACTACTCGCCGGTCAGCGAAAAACACCTTGCCGACGGCATGACGGTCGGCGAACTCTGCGCCGCCGCCATTACCATGAGCGATAACAGCGCCGCCAATCTGCTGCTGGCCACCGTCGGCGGCCCCGCAGGATTGACTGCCTTTTTGCGCCAGATCGGCGACAACGTCACCCGCCTTGACCGCTGGGAAACGGAACTGAATGAGGCGCTTCCCGGCGACGCCCGCGACACCACTACCCCGGCCAGCATGGCCGCGACCCTGCGCAAGCTGCTGACCAGCCAGCGTCTGAGCGCCCGTTCGCAACGGCAGCTGCTGCAGTGGATGGTGGACGATCGGGTCGCCGGACCGTTGATCCGCTCCGTGCTGCCGGCGGGCTGGTTTATCGCCGATAAGACCGGAGCTAGCAAGCGGGGTGCGCGCGGGATTGTCGCCCTGCTTGGCCCGAATAACAAAGCAGAGCGCATCGTGGTGATTTATCTGCGGGATACGCCGGCGAGCATGGCCGAGCGAAATCAGCAAATCGCCGGGATCGGCGCGGCGCTGATCGAGCACTGGCAACGCTAA	ATGCGTTATATTCGCCTGTGTATTATCTCCCTGTTAGCCACCCTGCCGCTGGCG...TAA	861	5151	24	884	True	True	True
110	gb|AM990992.1|-|1001760-1003680|ARO:3000186|tetM	ATGAAAATTATTAATATTGGAGTTTTAGCTCATGTTGATGCAGGAAAAACTACC...TAG	1920	(33708) 1107- (35627)	33708	35627	ATGAAAATTATTAATATTGGAGTTTTAGCTCATGTTGATGCAGGAAAAACTACCTTAACAGAAAGCTTATTATATAACAGTGGAGCGATTACAGAATTAGGAAGCGTGGACAAAGGTACAACGAGGACGGATAATACGCTTTTAGAACGTCAGAGAGGAATTACAATTCAGACAGGAATAACCTCTTTTCAGTGGGAAAATACGAAGGTGAACATCATAGACACGCCAGGACATATGGATTTCTTAGCAGAAGTATATCGTTCATTATCAGTTTTAGATGGGGCAATTCTACTGATTTCTGCAAAAGATGGCGTACAAGCACAAACTCGTATATTATTTCATGCACTTAGGAAAATGGGGATTCCCACAATCTTTTTTATCAATAAGATTGACCAAAATGGAATTGATTTATCAACGGTTTATCAGGATATTAAAGAGAAACTTTCTGCCGAAATTGTAATCAAACAGAAGGTAGAACTGTATCCTAATATGTGTGTGACGAACTTTACCGAATCTGAACAATGGGATACGGTAATAGAGGGAAACGATGACCTTTTAGAGAAATATATGTCCGGTAAATCATTAGAAGCATTGGAACTCGAACAAGAGGAAAGCATAAGATTTCAGAATTGTTCTCTGTTCCCTCTTTATCATGGAAGTGCAAAAAGTAATATAGGGATTGATAACCTTATAGAAGTTATTACTAATAAATTTTATTCATCAACACATCGAGGTCCGTCTGAACTTTGCGGAAATGTTTTCAAAATTGAATATACAAAAAAAAGACAACGTCTTGCATATATACGCCTTTATAGTGGAGTACTACATTTACGAGATTCGGTTAGAGTATCAGAAAAAGAAAAAATAAAAGTTACAGAAATGTATACTTCAATAAATGGTGAATTATGTAAGATTGATAGAGCTTATTCTGGAGAAATTGTTATTTTGCAAAATGAGTTTTTGAAGTTAAATAGTGTTCTTGGAGATACAAAACTATTGCCACAGAGAAAAAAGATTGAAAATCCGCACCCTCTACTACAAACAACTGTTGAACCGAGTAAACCTGAACAGAGAGAAATGTTGCTTGATGCCCTTTTGGAAATCTCAGATAGTGATCCGCTTCTACGATATTACGTGGATTCTACGACACATGAAATTATACTTTCTTTCTTAGGGAAAGTACAAATGGAAGTGATTAGTGCACTGTTGCAAGAAAAGTATCATGTGGAGATAGAACTAAAAGAGCCTACAGTCATTTATATGGAGAGACCGTTAAAAAATGCAGAATATACCATTCACATCGAAGTGCCGCCAAATCCTTTCTGGGCTTCCATTGGTTTATCTGTATCACCGCTTCCGTTGGGAAGTGGAATGCAGTATGAGAGCTCGGTTTCTCTTGGATACTTAAATCAATCATTTCAAAATGCAGTTATGGAAGGGATACGCTATGGTTGCGAACAAGGATTATATGGTTGGAATGTGACGGATTGTAAAATCTGTTTTAAGTACGGTTTATACTATAGCCCTGTTAGTACTCCAGCAGATTTTCGGATGCTTACTCCTATTGTACTGGAGCAAGCCTTTAGAAAAGCTGGAACAGAATTGTTAGAGCCATATCTTAGTTTTAAAGTTTATGCACCACAGGAATATCTTTCACGGGCATATAACGATGCTCCCAAATATTGTGCAAATATCGTAAATACTCAACTGAAAAATAATGAGGTCATTATTATTGGAGAAATTCCTGCTCGATGTATTCAAGATTATCGCAATGATTTAACTTTTTTTACAAATGGGCTTAGTGTTTGTTTAGCAGAGCTAAAAGGATATCAGGTTACCACTGGCGAACCTGTTTGCCAGACCCGTCGTCTAAATAGTCGGATAGATAAAGTAAGATATATGTTCAATAAAATAACTTAG	ATGAAAATTATTAATATTGGAGTTTTAGCTCATGTTGATGCAGGAAAAACTACC...TAG	1920	1000	999	999.0	999	999	ATGAAAATTATTAATATTGGAGTTTTAGCTCATGTTGATGCAGGAAAAACTACC...TAG	1920	1107	33708	35627	False	True	False
111	gb|AP009048|-|4338624-4340268|ARO:3003576|eptA	ATGTTGAAGCGCCTACTAAAAAGACCCTCTTTGAATTTACTCGCCTGGCTATTG...TGA	1644	(20664) 7505- (22307)	20664	22307	ATGTTGAAGCGCCTACTAAAAAGACCCTCTTTGAATTTACTCGCCTGGCTATTGTTAGCCGCTTTTTATATCTCTATCTGCCTGAATATTGCCTTTTTTAAACAGGTGTTGCAGGCGCTGCCGCTGGACTCGCTGCATAACGTACTGGTTTTCTTGTCGATGCCGGTCGTCGCCTTCAGCGTGATTAATATTGTCCTGACACTAAGCTCTTTCTTGTGGCTTAATCGACCGCTGGCCTGCCTGTTTATTCTGGTCGGCGCAGCTGCACAATATTTCATAATGACTTACGGCATCGTCATCGACCGCTCGATGATTGCCAATATTATTGATACCACTCCGGCAGAAAGTTATGCGTTGATGACACCGCAAATGTTATTAACGCTGGGATTCAGCGGCGTGCTTGCTGCGCTGATTGCCTGCTGGATTAAAATCAAACCAGCCACCTCGCGCCTGCGCAGTGTTCTTTTCCGTGGAGCCAATATTCTGGTTTCTGTACTGCTGATTTTGCTGGTCGCCGCACTGTTTTATAAAGACTACGCCTCGTTGTTTCGCAATAACAAAGAGCTGGTGAAATCCTTAAGCCCCTCTAACAGCATTGTTGCCAGCTGGTCATGGTACTCCCATCAGCGACTGGCAAATCTGCCGCTGGTGCGAATTGGTGAAGACGCGCACCGCAACCCGTTAATGCAGAACGAGACACGTAAAAATTTGACCATCCTGATTGTCGGCGAAACCTCGCGGGCGGAGAACTTCTCCCTCAACGGCTACCCGCGTGAAACTAACCCGCGGCTGGCAAAAGATAACGTGGTCTATTTTCCTAATACCGCATCTTGCGGCACGGCAACGGCAGTTTCAGTACCGTGCATGTTCTCGGATATGCCGCGTGAGCACTACAAAGAAGAGCTGGCACAGCACCAGGAAGGCGTGCTGGATATCATTCAGCGAGCGGGCATCAACGTGCTGTGGAATGACAACGATGGCGGCTGTAAAGGCGTTTGCGATCGCGTACCTCACCAGAACGTCACCGCGCTGAACCTGCCTGGTCAGTGCATCAACGGCGAGTGCTATGATGAAGTACTGTTCCACGGGCTGGAAGATTACATCAATAACCTGCAGGGTGATGGCGTGATTGTCTTACACACCATCGGCAGCCACGGCCCGACCTATTACAACCGCTATCCGCCGCAGTTCAGGAAATTTACCCCAACCTGCGACACTAACGAGATCCAGACCTGTACCCAAGAGCAACTGGTGAACACTTACGACAACACGCTGGTTTACGTCGACTATATTGTTGATAAAGCGATTAATCTGCTGAAAGAACATCAGGATAAATTTACCACCAGCCTGGTTTATCTTTCTGACCACGGTGAATCGTTAGGTGAAAATGGCATCTATCTGCACGGTCTGCCTTATGCCATCGCCCCGGATAGCCAAAAACAGGTGCCGATGCTGCTGTGGCTGTCGGAGGATTATCAAAAACGGTATCAGGTTGACCAGAACTGCCTGCAAAAACAGGCGCAAACGCAACACTATTCACAAGACAATTTATTCTCAACCTTATTGGGCCTGACTGGCGTTGAGACGAAGTATTACCAGGCTGCGGATGATATTCTGCAAACTTGCAGGAGAGTGAGTGAATGA	ATGTTGAAGCGCCTACTAAAAAGACCCTCTTTGAATTTACTCGCCTGGCTATTG...TGA	1644	1000	999	999.0	999	999	ATGTTGAAGCGCCTACTAAAAAGACCCTCTTTGAATTTACTCGCCTGGCTATTG...TGA	1644	7505	20664	22307	False	True	False
112	gb|AP012030.1|-|395553-396711|ARO:3004612|Escherichia_coli_ampH	TTGAAACGTAGTCTGCTTTTTTCTGCCGTGCTGTGTGCGGCGTCATTGACCTCC...TGA	1158	(38506) 33403+ (39663)	38506	39663	TTGAAACGTAGTCTGCTTTTTTCTGCCGTGCTGTGTGCGGCGTCATTGACCTCCGTCCATGCGGCGCAGCCGATCACTGAACCGGAGTTCGCCTCTGATATTGTCGATCGTTATGCCGATCATATTTTTTACGGCAGCGGTGCCACGGGGATGGCGCTGGTTGTTATCGACGGTAACCAGCGCGTCTTTCGCAGTTATGGCGAAACGCGACCTGGTAATAACGTTCGCCCGCAGCTGGATTCGGTAGTGCGTATTGCTTCCCTCACCAAGCTAATGACCAGTGAAATGCTGGTGAAATTGCTCGACCAGGGGACCGTGAAGTTAAACGATCCGCTAAGTAAATATGCTCCGCCAGGCGCACGCGTGCCAACCTACAATGGGACGCCCATTACGCTGGTGAATCTGGCAACCCATACCAGCGCCCTGCCCCGTGAACAGCCCGGTGGCGCGGCACATCGTCCGGTATTTGTCTGGCCAACGCGCGAGCAACGCTGGAAATACCTTTCCACTGCCAAACTAAAAGCCGCGCCGGGCAGCCAGGCCGCGTACTCCAACCTCGCATTCGATCTGCTGGCAGATGCACTGGCGAATGCGTCCGGCAAGCCTTATACCCAGTTGTTTGAAGAGCAGATTACCCGTCCATTGGGGATGAAAGACACCACCTACACCCCCTCGCCGGATCAGTGCCGCCGTTTAATGGTGGCAGAGCGCGGTGCCAGTCCATGCAATAACACGCTGGCGGCAATTGGCAGCGGCGGCGTCTATTCCACGCCTGGCGATATGATGCGCTGGATGCAGCAGTATTTGTCATCTGATTTTTATCAGCGCAGTAATCAGGCAGATCGCATGCAGACGTTGATTTATCAGCGCGCGCAGTTTACGAAAGTGATTGGCATGGATGTCCCCGGCAAAGCGGATGCGCTTGGTTTAGGCTGGGTATATATGGCCCCGAAAGAGGGTCGTCCGGGGATTATTCAGAAGACAGGCGGTGGTGGCGGTTTCATTACCTATATGGCGATGATCCCGCAGAAGAATATTGGCGCATTTGTGGTGGTCACTCGTTCTCCATTGACGCGCTTTAAAAATATGAGCGATGGCATCAATGACCTGGTGACCGAACTGAGCGGGAATAAACCGTTGGTCATCCCCGCGTCCTGA	TTGAAACGTAGTCTGCTTTTTTCTGCCGTGCTGTGTGCGGCGTCATTGACCTCC...TGA	1158	1000	999	999.0	999	999	TTGAAACGTAGTCTGCTTTTTTCTGCCGTGCTGTGTGCGGCGTCATTGACCTCC...TGA	1158	33403	38506	39663	False	True	False
113	gb|AY027590|+|112-973|ARO:3000955|TEM-88	ATGAGTATTCAACATTTTCGTGTCGCCCTTATTCCCTTTTTTGCGGCATTTTGC...TAA	861	(37) 5967+ (897)	37	897	ATGAGTATTCAACATTTCCGTGTCGCCCTTATTCCCTTTTTTGCGGCATTTTGCCTTCCTGTTTTTGCTCACCCAGAAACGCTGGTGAAAGTAAAAGATGCTGAAGATCAGTTGGGTGCACGAGTGGGTTACATCGAACTGGATCTCAACAGCGGTAAGATCCTTGAGAGTTTTCGCCCCGAAGAACGTTTTCCAATGATGAGCACTTTTAAAGTTCTGCTATGTGGTGCGGTATTATCCCGTGTTGACGCCGGGCAAGAGCAACTCGGTCGCCGCATACACTATTCTCAGAATGACTTGGTTGAGTACTCACCAGTCACAGAAAAGCATCTTACGGATGGCATGACAGTAAGAGAATTATGCAGTGCTGCCATAACCATGAGTGATAACACTGCTGCCAACTTACTTCTGACAACGATCGGAGGACCGAAGGAGCTAACCGCTTTTTTGCACAACATGGGGGATCATGTAACTCGCCTTGATCGTTGGGAACCGGAGCTGAATGAAGCCATACCAAACGACGAGCGTGACACCACGATGCCTGCAGCAATGGCAACAACGTTGCGCAAACTATTAACTGGCGAACTACTTACTCTAGCTTCCCGGCAACAATTAATAGACTGGATGGAGGCGGATAAAGTTGCAGGACCACTTCTGCGCTCGGCCCTTCCGGCTGGCTGGTTTATTGCTGATAAATCTGGAGCCGGTGAGCGTGGGTCTCGCGGTATCATTGCAGCACTGGGGCCAGATGGTAAGCCCTCCCGTATCGTAGTTATCTACACGACGGGGAGTCAGGCAACTATGGATGAACGAAATAGACAGATCGCTGAGATAGGTGCCTCACTGATTAAGCATTGGTAA	ATGAGTATTCAACATTTTCGTGTCGCCCTTATTCCCTTTTTTGCGGCATTTTGC...TAA	861	37	897	861.0	5967+	ATGAGTATTCAACATTTCCGTGTCGCCCTTATTCCCTTTTTTGCGGCATTTTGCCTTCCTGTTTTTGCTCACCCAGAAACGCTGGTGAAAGTAAAAGATGCTGAAGATCAGTTGGGTGCACGAGTGGGTTACATCGAACTGGATCTCAACAGCGGTAAGATCCTTGAGAGTTTTCGCCCCGAAGAACGTTTTCCAATGATGAGCACTTTTAAAGTTCTGCTATGTGGTGCGGTATTATCCCGTGTTGACGCCGGGCAAGAGCAACTCGGTCGCCGCATACACTATTCTCAGAATGACTTGGTTGAGTACTCACCAGTCACAGAAAAGCATCTTACGGATGGCATGACAGTAAGAGAATTATGCAGTGCTGCCATAACCATGAGTGATAACACTGCTGCCAACTTACTTCTGACAACGATCGGAGGACCGAAGGAGCTAACCGCTTTTTTGCACAACATGGGGGATCATGTAACTCGCCTTGATCGTTGGGAACCGGAGCTGAATGAAGCCATACCAAACGACGAGCGTGACACCACGATGCCTGCAGCAATGGCAACAACGTTGCGCAAACTATTAACTGGCGAACTACTTACTCTAGCTTCCCGGCAACAATTAATAGACTGGATGGAGGCGGATAAAGTTGCAGGACCACTTCTGCGCTCGGCCCTTCCGGCTGGCTGGTTTATTGCTGATAAATCTGGAGCCGGTGAGCGTGGGTCTCGCGGTATCATTGCAGCACTGGGGCCAGATGGTAAGCCCTCCCGTATCGTAGTTATCTACACGACGGGGAGTCAGGCAACTATGGATGAACGAAATAGACAGATCGCTGAGATAGGTGCCTCACTGATTAAGCATTGGTAA	ATGAGTATTCAACATTTTCGTGTCGCCCTTATTCCCTTTTTTGCGGCATTTTGC...TAA	861	5967	37	897	True	True	True
114	gb|AY036620|+|88-949|ARO:3001092|SHV-34	ATGCGTTATTTTCGCCTGTGTATTATCTCCCTGTTAGCCACCCTGCCGCTGGCG...TAA	861	(24) 5151- (884)	24	884	ATGCGTTATATTCGCCTGTGTATTATCTCCCTGTTAGCCACCCTGCCGCTGGCGGTACACGCCAGCCCGCAGCCGCTTGAGCAAATTAAACAAAGCGAAAGCCAGCTGTCGGGCCGCGTAGGCATGATAGAAATGGATCTGGCCAGCGGCCGCACGCTGACCGCCTGGCGCGCCGATGAACGCTTTCCCATGATGAGCACCTTTAAAGTAGTGCTCTGCGGCGCAGTGCTGGCGCGGGTGGATGCCGGTGACGAACAGCTGGAGCGAAAGATCCACTATCGCCAGCAGGATCTGGTGGACTACTCGCCGGTCAGCGAAAAACACCTTGCCGACGGCATGACGGTCGGCGAACTCTGCGCCGCCGCCATTACCATGAGCGATAACAGCGCCGCCAATCTGCTGCTGGCCACCGTCGGCGGCCCCGCAGGATTGACTGCCTTTTTGCGCCAGATCGGCGACAACGTCACCCGCCTTGACCGCTGGGAAACGGAACTGAATGAGGCGCTTCCCGGCGACGCCCGCGACACCACTACCCCGGCCAGCATGGCCGCGACCCTGCGCAAGCTGCTGACCAGCCAGCGTCTGAGCGCCCGTTCGCAACGGCAGCTGCTGCAGTGGATGGTGGACGATCGGGTCGCCGGACCGTTGATCCGCTCCGTGCTGCCGGCGGGCTGGTTTATCGCCGATAAGACCGGAGCTAGCAAGCGGGGTGCGCGCGGGATTGTCGCCCTGCTTGGCCCGAATAACAAAGCAGAGCGCATCGTGGTGATTTATCTGCGGGATACGCCGGCGAGCATGGCCGAGCGAAATCAGCAAATCGCCGGGATCGGCGCGGCGCTGATCGAGCACTGGCAACGCTAA	ATGCGTTATTTTCGCCTGTGTATTATCTCCCTGTTAGCCACCCTGCCGCTGGCG...TAA	861	1000	999	999.0	999	999	ATGCGTTATTTTCGCCTGTGTATTATCTCCCTGTTAGCCACCCTGCCGCTGGCG...TAA	861	5151	24	884	False	True	False
115	gb|AY037778|+|91-952|ARO:3001090|SHV-32	ATGCGTTATATTCGCCTGTGTATTATCTCCCTGTTAGCCACCCTGCCGCTGGCG...TAA	861	(24) 5151- (884)	24	884	ATGCGTTATATTCGCCTGTGTATTATCTCCCTGTTAGCCACCCTGCCGCTGGCGGTACACGCCAGCCCGCAGCCGCTTGAGCAAATTAAACAAAGCGAAAGCCAGCTGTCGGGCCGCGTAGGCATGATAGAAATGGATCTGGCCAGCGGCCGCACGCTGACCGCCTGGCGCGCCGATGAACGCTTTCCCATGATGAGCACCTTTAAAGTAGTGCTCTGCGGCGCAGTGCTGGCGCGGGTGGATGCCGGTGACGAACAGCTGGAGCGAAAGATCCACTATCGCCAGCAGGATCTGGTGGACTACTCGCCGGTCAGCGAAAAACACCTTGCCGACGGCATGACGGTCGGCGAACTCTGCGCCGCCGCCATTACCATGAGCGATAACAGCGCCGCCAATCTGCTGCTGGCCACCGTCGGCGGCCCCGCAGGATTGACTGCCTTTTTGCGCCAGATCGGCGACAACGTCACCCGCCTTGACCGCTGGGAAACGGAACTGAATGAGGCGCTTCCCGGCGACGCCCGCGACACCACTACCCCGGCCAGCATGGCCGCGACCCTGCGCAAGCTGCTGACCAGCCAGCGTCTGAGCGCCCGTTCGCAACGGCAGCTGCTGCAGTGGATGGTGGACGATCGGGTCGCCGGACCGTTGATCCGCTCCGTGCTGCCGGCGGGCTGGTTTATCGCCGATAAGACCGGAGCTAGCAAGCGGGGTGCGCGCGGGATTGTCGCCCTGCTTGGCCCGAATAACAAAGCAGAGCGCATCGTGGTGATTTATCTGCGGGATACGCCGGCGAGCATGGCCGAGCGAAATCAGCAAATCGCCGGGATCGGCGCGGCGCTGATCGAGCACTGGCAACGCTAA	ATGCGTTATATTCGCCTGTGTATTATCTCCCTGTTAGCCACCCTGCCGCTGGCG...TAA	861	1000	999	999.0	999	999	ATGCGTTATATTCGCCTGTGTATTATCTCCCTGTTAGCCACCCTGCCGCTGGCG...TAA	861	5151	24	884	False	True	False
116	gb|AY039040|+|188-1022|ARO:3000956|TEM-89	ATGAGTATTCAACATTTCCGTGTCGCCCTTATTCCCTTTTTTGCGGCATTTTGC...ATA	834	(37) 5967+ (870)	37	870	ATGAGTATTCAACATTTCCGTGTCGCCCTTATTCCCTTTTTTGCGGCATTTTGCCTTCCTGTTTTTGCTCACCCAGAAACGCTGGTGAAAGTAAAAGATGCTGAAGATCAGTTGGGTGCACGAGTGGGTTACATCGAACTGGATCTCAACAGCGGTAAGATCCTTGAGAGTTTTCGCCCCGAAGAACGTTTTCCAATGATGAGCACTTTTAAAGTTCTGCTATGTGGTGCGGTATTATCCCGTGTTGACGCCGGGCAAGAGCAACTCGGTCGCCGCATACACTATTCTCAGAATGACTTGGTTGAGTACTCACCAGTCACAGAAAAGCATCTTACGGATGGCATGACAGTAAGAGAATTATGCAGTGCTGCCATAACCATGAGTGATAACACTGCTGCCAACTTACTTCTGACAACGATCGGAGGACCGAAGGAGCTAACCGCTTTTTTGCACAACATGGGGGATCATGTAACTCGCCTTGATCGTTGGGAACCGGAGCTGAATGAAGCCATACCAAACGACGAGCGTGACACCACGATGCCTGCAGCAATGGCAACAACGTTGCGCAAACTATTAACTGGCGAACTACTTACTCTAGCTTCCCGGCAACAATTAATAGACTGGATGGAGGCGGATAAAGTTGCAGGACCACTTCTGCGCTCGGCCCTTCCGGCTGGCTGGTTTATTGCTGATAAATCTGGAGCCGGTGAGCGTGGGTCTCGCGGTATCATTGCAGCACTGGGGCCAGATGGTAAGCCCTCCCGTATCGTAGTTATCTACACGACGGGGAGTCAGGCAACTATGGATGAACGAAATAGACAGATCGCTGAGATA	ATGAGTATTCAACATTTCCGTGTCGCCCTTATTCCCTTTTTTGCGGCATTTTGC...ATA	834	37	870	834.0	5967+	ATGAGTATTCAACATTTCCGTGTCGCCCTTATTCCCTTTTTTGCGGCATTTTGCCTTCCTGTTTTTGCTCACCCAGAAACGCTGGTGAAAGTAAAAGATGCTGAAGATCAGTTGGGTGCACGAGTGGGTTACATCGAACTGGATCTCAACAGCGGTAAGATCCTTGAGAGTTTTCGCCCCGAAGAACGTTTTCCAATGATGAGCACTTTTAAAGTTCTGCTATGTGGTGCGGTATTATCCCGTGTTGACGCCGGGCAAGAGCAACTCGGTCGCCGCATACACTATTCTCAGAATGACTTGGTTGAGTACTCACCAGTCACAGAAAAGCATCTTACGGATGGCATGACAGTAAGAGAATTATGCAGTGCTGCCATAACCATGAGTGATAACACTGCTGCCAACTTACTTCTGACAACGATCGGAGGACCGAAGGAGCTAACCGCTTTTTTGCACAACATGGGGGATCATGTAACTCGCCTTGATCGTTGGGAACCGGAGCTGAATGAAGCCATACCAAACGACGAGCGTGACACCACGATGCCTGCAGCAATGGCAACAACGTTGCGCAAACTATTAACTGGCGAACTACTTACTCTAGCTTCCCGGCAACAATTAATAGACTGGATGGAGGCGGATAAAGTTGCAGGACCACTTCTGCGCTCGGCCCTTCCGGCTGGCTGGTTTATTGCTGATAAATCTGGAGCCGGTGAGCGTGGGTCTCGCGGTATCATTGCAGCACTGGGGCCAGATGGTAAGCCCTCCCGTATCGTAGTTATCTACACGACGGGGAGTCAGGCAACTATGGATGAACGAAATAGACAGATCGCTGAGATA	ATGAGTATTCAACATTTCCGTGTCGCCCTTATTCCCTTTTTTGCGGCATTTTGC...ATA	834	5967	37	870	True	True	True
117	gb|AY040093|+|68-929|ARO:3000965|TEM-102	ATGAGTATTCAACATTTTCGTGTCGCCCTTATTCCCTTTTTTGCGGCATTTTGC...TAA	861	(37) 5967+ (897)	37	897	ATGAGTATTCAACATTTCCGTGTCGCCCTTATTCCCTTTTTTGCGGCATTTTGCCTTCCTGTTTTTGCTCACCCAGAAACGCTGGTGAAAGTAAAAGATGCTGAAGATCAGTTGGGTGCACGAGTGGGTTACATCGAACTGGATCTCAACAGCGGTAAGATCCTTGAGAGTTTTCGCCCCGAAGAACGTTTTCCAATGATGAGCACTTTTAAAGTTCTGCTATGTGGTGCGGTATTATCCCGTGTTGACGCCGGGCAAGAGCAACTCGGTCGCCGCATACACTATTCTCAGAATGACTTGGTTGAGTACTCACCAGTCACAGAAAAGCATCTTACGGATGGCATGACAGTAAGAGAATTATGCAGTGCTGCCATAACCATGAGTGATAACACTGCTGCCAACTTACTTCTGACAACGATCGGAGGACCGAAGGAGCTAACCGCTTTTTTGCACAACATGGGGGATCATGTAACTCGCCTTGATCGTTGGGAACCGGAGCTGAATGAAGCCATACCAAACGACGAGCGTGACACCACGATGCCTGCAGCAATGGCAACAACGTTGCGCAAACTATTAACTGGCGAACTACTTACTCTAGCTTCCCGGCAACAATTAATAGACTGGATGGAGGCGGATAAAGTTGCAGGACCACTTCTGCGCTCGGCCCTTCCGGCTGGCTGGTTTATTGCTGATAAATCTGGAGCCGGTGAGCGTGGGTCTCGCGGTATCATTGCAGCACTGGGGCCAGATGGTAAGCCCTCCCGTATCGTAGTTATCTACACGACGGGGAGTCAGGCAACTATGGATGAACGAAATAGACAGATCGCTGAGATAGGTGCCTCACTGATTAAGCATTGGTAA	ATGAGTATTCAACATTTTCGTGTCGCCCTTATTCCCTTTTTTGCGGCATTTTGC...TAA	861	37	897	861.0	5967+	ATGAGTATTCAACATTTCCGTGTCGCCCTTATTCCCTTTTTTGCGGCATTTTGCCTTCCTGTTTTTGCTCACCCAGAAACGCTGGTGAAAGTAAAAGATGCTGAAGATCAGTTGGGTGCACGAGTGGGTTACATCGAACTGGATCTCAACAGCGGTAAGATCCTTGAGAGTTTTCGCCCCGAAGAACGTTTTCCAATGATGAGCACTTTTAAAGTTCTGCTATGTGGTGCGGTATTATCCCGTGTTGACGCCGGGCAAGAGCAACTCGGTCGCCGCATACACTATTCTCAGAATGACTTGGTTGAGTACTCACCAGTCACAGAAAAGCATCTTACGGATGGCATGACAGTAAGAGAATTATGCAGTGCTGCCATAACCATGAGTGATAACACTGCTGCCAACTTACTTCTGACAACGATCGGAGGACCGAAGGAGCTAACCGCTTTTTTGCACAACATGGGGGATCATGTAACTCGCCTTGATCGTTGGGAACCGGAGCTGAATGAAGCCATACCAAACGACGAGCGTGACACCACGATGCCTGCAGCAATGGCAACAACGTTGCGCAAACTATTAACTGGCGAACTACTTACTCTAGCTTCCCGGCAACAATTAATAGACTGGATGGAGGCGGATAAAGTTGCAGGACCACTTCTGCGCTCGGCCCTTCCGGCTGGCTGGTTTATTGCTGATAAATCTGGAGCCGGTGAGCGTGGGTCTCGCGGTATCATTGCAGCACTGGGGCCAGATGGTAAGCCCTCCCGTATCGTAGTTATCTACACGACGGGGAGTCAGGCAACTATGGATGAACGAAATAGACAGATCGCTGAGATAGGTGCCTCACTGATTAAGCATTGGTAA	ATGAGTATTCAACATTTTCGTGTCGCCCTTATTCCCTTTTTTGCGGCATTTTGC...TAA	861	5967	37	897	True	True	True
118	gb|AY055428.1|-|20268-21084|ARO:3000412|sul2	ATGAATAAATCGCTCATCATTTTCGGCATCGTCAACATAACCTCGGACAGTTTC...TAA	816	(303) 15353- (1118)	303	1118	ATGAATAAATCGCTCATCATTTTCGGCATCGTCAACATAACCTCGGACAGTTTCTCCGATGGAGGCCGGTATCTGGCGCCAGACGCAGCCATTGCGCAGGCGCGTAAGCTGATGGCCGAGGGGGCAGATGTGATCGACCTCGGTCCGGCATCCAGCAATCCCGACGCCGCGCCTGTTTCGTCCGACACAGAAATCGCGCGTATCGCGCCGGTGCTGGACGCGCTCAAGGCAGATGGCATTCCCGTCTCGCTCGACAGTTATCAACCCGCGACGCAAGCCTATGCCTTGTCGCGTGGTGTGGCCTATCTCAATGATATTCGCGGTTTTCCAGACGCTGCGTTCTATCCGCAATTGGCGAAATCATCTGCCAAACTCGTCGTTATGCATTCGGTGCAAGACGGGCAGGCAGATCGGCGCGAGGCACCCGCTGGCGACATCATGGATCACATTGCGGCGTTCTTTGACGCGCGCATCGCGGCGCTGACGGGTGCCGGTATCAAACGCAACCGCCTTGTCCTTGATCCCGGCATGGGGTTTTTTCTGGGGGCTGCTCCCGAAACCTCGCTCTCGGTGCTGGCGCGGTTCGATGAATTGCGGCTGCGCTTCGATTTGCCGGTGCTTCTGTCTGTTTCGCGCAAATCCTTTCTGCGCGCGCTCACAGGCCGTGGTCCGGGGGATGTCGGGGCCGCGACACTCGCTGCAGAGCTTGCCGCCGCCGCAGGTGGAGCTGACTTCATCCGCACACACGAGCCGCGCCCCTTGCGCGACGGGCTGGCGGTATTGGCGGCGCTGAAAGAAACCGCAAGAATTCGTTAA	ATGAATAAATCGCTCATCATTTTCGGCATCGTCAACATAACCTCGGACAGTTTC...TAA	816	303	1118	816.0	15353-	ATGAATAAATCGCTCATCATTTTCGGCATCGTCAACATAACCTCGGACAGTTTCTCCGATGGAGGCCGGTATCTGGCGCCAGACGCAGCCATTGCGCAGGCGCGTAAGCTGATGGCCGAGGGGGCAGATGTGATCGACCTCGGTCCGGCATCCAGCAATCCCGACGCCGCGCCTGTTTCGTCCGACACAGAAATCGCGCGTATCGCGCCGGTGCTGGACGCGCTCAAGGCAGATGGCATTCCCGTCTCGCTCGACAGTTATCAACCCGCGACGCAAGCCTATGCCTTGTCGCGTGGTGTGGCCTATCTCAATGATATTCGCGGTTTTCCAGACGCTGCGTTCTATCCGCAATTGGCGAAATCATCTGCCAAACTCGTCGTTATGCATTCGGTGCAAGACGGGCAGGCAGATCGGCGCGAGGCACCCGCTGGCGACATCATGGATCACATTGCGGCGTTCTTTGACGCGCGCATCGCGGCGCTGACGGGTGCCGGTATCAAACGCAACCGCCTTGTCCTTGATCCCGGCATGGGGTTTTTTCTGGGGGCTGCTCCCGAAACCTCGCTCTCGGTGCTGGCGCGGTTCGATGAATTGCGGCTGCGCTTCGATTTGCCGGTGCTTCTGTCTGTTTCGCGCAAATCCTTTCTGCGCGCGCTCACAGGCCGTGGTCCGGGGGATGTCGGGGCCGCGACACTCGCTGCAGAGCTTGCCGCCGCCGCAGGTGGAGCTGACTTCATCCGCACACACGAGCCGCGCCCCTTGCGCGACGGGCTGGCGGTATTGGCGGCGCTGAAAGAAACCGCAAGAATTCGTTAA	ATGAATAAATCGCTCATCATTTTCGGCATCGTCAACATAACCTCGGACAGTTTC...TAA	816	15353	303	1118	True	True	True
119	gb|AY065991|+|6-867|ARO:3001101|SHV-43	ATGCGTTATATTCGCCTGTGTATTATCTCCCTGTTAGCCACCCTGCCGCTGGCG...TAA	861	(24) 5151- (884)	24	884	ATGCGTTATATTCGCCTGTGTATTATCTCCCTGTTAGCCACCCTGCCGCTGGCGGTACACGCCAGCCCGCAGCCGCTTGAGCAAATTAAACAAAGCGAAAGCCAGCTGTCGGGCCGCGTAGGCATGATAGAAATGGATCTGGCCAGCGGCCGCACGCTGACCGCCTGGCGCGCCGATGAACGCTTTCCCATGATGAGCACCTTTAAAGTAGTGCTCTGCGGCGCAGTGCTGGCGCGGGTGGATGCCGGTGACGAACAGCTGGAGCGAAAGATCCACTATCGCCAGCAGGATCTGGTGGACTACTCGCCGGTCAGCGAAAAACACCTTGCCGACGGCATGACGGTCGGCGAACTCTGCGCCGCCGCCATTACCATGAGCGATAACAGCGCCGCCAATCTGCTGCTGGCCACCGTCGGCGGCCCCGCAGGATTGACTGCCTTTTTGCGCCAGATCGGCGACAACGTCACCCGCCTTGACCGCTGGGAAACGGAACTGAATGAGGCGCTTCCCGGCGACGCCCGCGACACCACTACCCCGGCCAGCATGGCCGCGACCCTGCGCAAGCTGCTGACCAGCCAGCGTCTGAGCGCCCGTTCGCAACGGCAGCTGCTGCAGTGGATGGTGGACGATCGGGTCGCCGGACCGTTGATCCGCTCCGTGCTGCCGGCGGGCTGGTTTATCGCCGATAAGACCGGAGCTAGCAAGCGGGGTGCGCGCGGGATTGTCGCCCTGCTTGGCCCGAATAACAAAGCAGAGCGCATCGTGGTGATTTATCTGCGGGATACGCCGGCGAGCATGGCCGAGCGAAATCAGCAAATCGCCGGGATCGGCGCGGCGCTGATCGAGCACTGGCAACGCTAA	ATGCGTTATATTCGCCTGTGTATTATCTCCCTGTTAGCCACCCTGCCGCTGGCG...TAA	861	24	884	861.0	5151-	ATGCGTTATATTCGCCTGTGTATTATCTCCCTGTTAGCCACCCTGCCGCTGGCGGTACACGCCAGCCCGCAGCCGCTTGAGCAAATTAAACAAAGCGAAAGCCAGCTGTCGGGCCGCGTAGGCATGATAGAAATGGATCTGGCCAGCGGCCGCACGCTGACCGCCTGGCGCGCCGATGAACGCTTTCCCATGATGAGCACCTTTAAAGTAGTGCTCTGCGGCGCAGTGCTGGCGCGGGTGGATGCCGGTGACGAACAGCTGGAGCGAAAGATCCACTATCGCCAGCAGGATCTGGTGGACTACTCGCCGGTCAGCGAAAAACACCTTGCCGACGGCATGACGGTCGGCGAACTCTGCGCCGCCGCCATTACCATGAGCGATAACAGCGCCGCCAATCTGCTGCTGGCCACCGTCGGCGGCCCCGCAGGATTGACTGCCTTTTTGCGCCAGATCGGCGACAACGTCACCCGCCTTGACCGCTGGGAAACGGAACTGAATGAGGCGCTTCCCGGCGACGCCCGCGACACCACTACCCCGGCCAGCATGGCCGCGACCCTGCGCAAGCTGCTGACCAGCCAGCGTCTGAGCGCCCGTTCGCAACGGCAGCTGCTGCAGTGGATGGTGGACGATCGGGTCGCCGGACCGTTGATCCGCTCCGTGCTGCCGGCGGGCTGGTTTATCGCCGATAAGACCGGAGCTAGCAAGCGGGGTGCGCGCGGGATTGTCGCCCTGCTTGGCCCGAATAACAAAGCAGAGCGCATCGTGGTGATTTATCTGCGGGATACGCCGGCGAGCATGGCCGAGCGAAATCAGCAAATCGCCGGGATCGGCGCGGCGCTGATCGAGCACTGGCAACGCTAA	ATGCGTTATATTCGCCTGTGTATTATCTCCCTGTTAGCCACCCTGCCGCTGGCG...TAA	861	5151	24	884	True	True	True
120	gb|AY070258|+|0-861|ARO:3001093|SHV-35	ATGCGTTATATTCGCCTGTGTATTATCTCCCTGTTAGCCACCCTGCCGCTGGCG...TAA	861	(24) 5151- (884)	24	884	ATGCGTTATATTCGCCTGTGTATTATCTCCCTGTTAGCCACCCTGCCGCTGGCGGTACACGCCAGCCCGCAGCCGCTTGAGCAAATTAAACAAAGCGAAAGCCAGCTGTCGGGCCGCGTAGGCATGATAGAAATGGATCTGGCCAGCGGCCGCACGCTGACCGCCTGGCGCGCCGATGAACGCTTTCCCATGATGAGCACCTTTAAAGTAGTGCTCTGCGGCGCAGTGCTGGCGCGGGTGGATGCCGGTGACGAACAGCTGGAGCGAAAGATCCACTATCGCCAGCAGGATCTGGTGGACTACTCGCCGGTCAGCGAAAAACACCTTGCCGACGGCATGACGGTCGGCGAACTCTGCGCCGCCGCCATTACCATGAGCGATAACAGCGCCGCCAATCTGCTGCTGGCCACCGTCGGCGGCCCCGCAGGATTGACTGCCTTTTTGCGCCAGATCGGCGACAACGTCACCCGCCTTGACCGCTGGGAAACGGAACTGAATGAGGCGCTTCCCGGCGACGCCCGCGACACCACTACCCCGGCCAGCATGGCCGCGACCCTGCGCAAGCTGCTGACCAGCCAGCGTCTGAGCGCCCGTTCGCAACGGCAGCTGCTGCAGTGGATGGTGGACGATCGGGTCGCCGGACCGTTGATCCGCTCCGTGCTGCCGGCGGGCTGGTTTATCGCCGATAAGACCGGAGCTAGCAAGCGGGGTGCGCGCGGGATTGTCGCCCTGCTTGGCCCGAATAACAAAGCAGAGCGCATCGTGGTGATTTATCTGCGGGATACGCCGGCGAGCATGGCCGAGCGAAATCAGCAAATCGCCGGGATCGGCGCGGCGCTGATCGAGCACTGGCAACGCTAA	ATGCGTTATATTCGCCTGTGTATTATCTCCCTGTTAGCCACCCTGCCGCTGGCG...TAA	861	1000	999	999.0	999	999	ATGCGTTATATTCGCCTGTGTATTATCTCCCTGTTAGCCACCCTGCCGCTGGCG...TAA	861	5151	24	884	False	True	False
121	gb|AY072920|+|0-861|ARO:3000973|TEM-110	ATGAGTATTCAACATTTCCGTGTCGCCCTTATTCCCTTTTTTGCGGCATTTTGC...TAA	861	(37) 5967+ (897)	37	897	ATGAGTATTCAACATTTCCGTGTCGCCCTTATTCCCTTTTTTGCGGCATTTTGCCTTCCTGTTTTTGCTCACCCAGAAACGCTGGTGAAAGTAAAAGATGCTGAAGATCAGTTGGGTGCACGAGTGGGTTACATCGAACTGGATCTCAACAGCGGTAAGATCCTTGAGAGTTTTCGCCCCGAAGAACGTTTTCCAATGATGAGCACTTTTAAAGTTCTGCTATGTGGTGCGGTATTATCCCGTGTTGACGCCGGGCAAGAGCAACTCGGTCGCCGCATACACTATTCTCAGAATGACTTGGTTGAGTACTCACCAGTCACAGAAAAGCATCTTACGGATGGCATGACAGTAAGAGAATTATGCAGTGCTGCCATAACCATGAGTGATAACACTGCTGCCAACTTACTTCTGACAACGATCGGAGGACCGAAGGAGCTAACCGCTTTTTTGCACAACATGGGGGATCATGTAACTCGCCTTGATCGTTGGGAACCGGAGCTGAATGAAGCCATACCAAACGACGAGCGTGACACCACGATGCCTGCAGCAATGGCAACAACGTTGCGCAAACTATTAACTGGCGAACTACTTACTCTAGCTTCCCGGCAACAATTAATAGACTGGATGGAGGCGGATAAAGTTGCAGGACCACTTCTGCGCTCGGCCCTTCCGGCTGGCTGGTTTATTGCTGATAAATCTGGAGCCGGTGAGCGTGGGTCTCGCGGTATCATTGCAGCACTGGGGCCAGATGGTAAGCCCTCCCGTATCGTAGTTATCTACACGACGGGGAGTCAGGCAACTATGGATGAACGAAATAGACAGATCGCTGAGATAGGTGCCTCACTGATTAAGCATTGGTAA	ATGAGTATTCAACATTTCCGTGTCGCCCTTATTCCCTTTTTTGCGGCATTTTGC...TAA	861	37	897	861.0	5967+	ATGAGTATTCAACATTTCCGTGTCGCCCTTATTCCCTTTTTTGCGGCATTTTGCCTTCCTGTTTTTGCTCACCCAGAAACGCTGGTGAAAGTAAAAGATGCTGAAGATCAGTTGGGTGCACGAGTGGGTTACATCGAACTGGATCTCAACAGCGGTAAGATCCTTGAGAGTTTTCGCCCCGAAGAACGTTTTCCAATGATGAGCACTTTTAAAGTTCTGCTATGTGGTGCGGTATTATCCCGTGTTGACGCCGGGCAAGAGCAACTCGGTCGCCGCATACACTATTCTCAGAATGACTTGGTTGAGTACTCACCAGTCACAGAAAAGCATCTTACGGATGGCATGACAGTAAGAGAATTATGCAGTGCTGCCATAACCATGAGTGATAACACTGCTGCCAACTTACTTCTGACAACGATCGGAGGACCGAAGGAGCTAACCGCTTTTTTGCACAACATGGGGGATCATGTAACTCGCCTTGATCGTTGGGAACCGGAGCTGAATGAAGCCATACCAAACGACGAGCGTGACACCACGATGCCTGCAGCAATGGCAACAACGTTGCGCAAACTATTAACTGGCGAACTACTTACTCTAGCTTCCCGGCAACAATTAATAGACTGGATGGAGGCGGATAAAGTTGCAGGACCACTTCTGCGCTCGGCCCTTCCGGCTGGCTGGTTTATTGCTGATAAATCTGGAGCCGGTGAGCGTGGGTCTCGCGGTATCATTGCAGCACTGGGGCCAGATGGTAAGCCCTCCCGTATCGTAGTTATCTACACGACGGGGAGTCAGGCAACTATGGATGAACGAAATAGACAGATCGCTGAGATAGGTGCCTCACTGATTAAGCATTGGTAA	ATGAGTATTCAACATTTCCGTGTCGCCCTTATTCCCTTTTTTGCGGCATTTTGC...TAA	861	5967	37	897	True	True	True
122	gb|AY079099|+|148-1009|ARO:3001096|SHV-38	ATGCGTTATATTCGCCTGTGTATTATCTCCCTGTTAGCCACCCTGCCGCTGGCG...TAA	861	(24) 5151- (884)	24	884	ATGCGTTATATTCGCCTGTGTATTATCTCCCTGTTAGCCACCCTGCCGCTGGCGGTACACGCCAGCCCGCAGCCGCTTGAGCAAATTAAACAAAGCGAAAGCCAGCTGTCGGGCCGCGTAGGCATGATAGAAATGGATCTGGCCAGCGGCCGCACGCTGACCGCCTGGCGCGCCGATGAACGCTTTCCCATGATGAGCACCTTTAAAGTAGTGCTCTGCGGCGCAGTGCTGGCGCGGGTGGATGCCGGTGACGAACAGCTGGAGCGAAAGATCCACTATCGCCAGCAGGATCTGGTGGACTACTCGCCGGTCAGCGAAAAACACCTTGCCGACGGCATGACGGTCGGCGAACTCTGCGCCGCCGCCATTACCATGAGCGATAACAGCGCCGCCAATCTGCTGCTGGCCACCGTCGGCGGCCCCGCAGGATTGACTGCCTTTTTGCGCCAGATCGGCGACAACGTCACCCGCCTTGACCGCTGGGAAACGGAACTGAATGAGGCGCTTCCCGGCGACGCCCGCGACACCACTACCCCGGCCAGCATGGCCGCGACCCTGCGCAAGCTGCTGACCAGCCAGCGTCTGAGCGCCCGTTCGCAACGGCAGCTGCTGCAGTGGATGGTGGACGATCGGGTCGCCGGACCGTTGATCCGCTCCGTGCTGCCGGCGGGCTGGTTTATCGCCGATAAGACCGGAGCTAGCAAGCGGGGTGCGCGCGGGATTGTCGCCCTGCTTGGCCCGAATAACAAAGCAGAGCGCATCGTGGTGATTTATCTGCGGGATACGCCGGCGAGCATGGCCGAGCGAAATCAGCAAATCGCCGGGATCGGCGCGGCGCTGATCGAGCACTGGCAACGCTAA	ATGCGTTATATTCGCCTGTGTATTATCTCCCTGTTAGCCACCCTGCCGCTGGCG...TAA	861	1000	999	999.0	999	999	ATGCGTTATATTCGCCTGTGTATTATCTCCCTGTTAGCCACCCTGCCGCTGGCG...TAA	861	5151	24	884	False	True	False
123	gb|AY092401|+|0-861|ARO:3000963|TEM-96	ATGAGTATTCAACATTTCCGTGTCGCCCTTATTCCCTTTTTTGCGGCATTTTGC...TAA	861	(37) 5967+ (897)	37	897	ATGAGTATTCAACATTTCCGTGTCGCCCTTATTCCCTTTTTTGCGGCATTTTGCCTTCCTGTTTTTGCTCACCCAGAAACGCTGGTGAAAGTAAAAGATGCTGAAGATCAGTTGGGTGCACGAGTGGGTTACATCGAACTGGATCTCAACAGCGGTAAGATCCTTGAGAGTTTTCGCCCCGAAGAACGTTTTCCAATGATGAGCACTTTTAAAGTTCTGCTATGTGGTGCGGTATTATCCCGTGTTGACGCCGGGCAAGAGCAACTCGGTCGCCGCATACACTATTCTCAGAATGACTTGGTTGAGTACTCACCAGTCACAGAAAAGCATCTTACGGATGGCATGACAGTAAGAGAATTATGCAGTGCTGCCATAACCATGAGTGATAACACTGCTGCCAACTTACTTCTGACAACGATCGGAGGACCGAAGGAGCTAACCGCTTTTTTGCACAACATGGGGGATCATGTAACTCGCCTTGATCGTTGGGAACCGGAGCTGAATGAAGCCATACCAAACGACGAGCGTGACACCACGATGCCTGCAGCAATGGCAACAACGTTGCGCAAACTATTAACTGGCGAACTACTTACTCTAGCTTCCCGGCAACAATTAATAGACTGGATGGAGGCGGATAAAGTTGCAGGACCACTTCTGCGCTCGGCCCTTCCGGCTGGCTGGTTTATTGCTGATAAATCTGGAGCCGGTGAGCGTGGGTCTCGCGGTATCATTGCAGCACTGGGGCCAGATGGTAAGCCCTCCCGTATCGTAGTTATCTACACGACGGGGAGTCAGGCAACTATGGATGAACGAAATAGACAGATCGCTGAGATAGGTGCCTCACTGATTAAGCATTGGTAA	ATGAGTATTCAACATTTCCGTGTCGCCCTTATTCCCTTTTTTGCGGCATTTTGC...TAA	861	1000	999	999.0	999	999	ATGAGTATTCAACATTTCCGTGTCGCCCTTATTCCCTTTTTTGCGGCATTTTGC...TAA	861	5967	37	897	False	True	False
124	gb|AY101578|+|214-1075|ARO:3000969|TEM-106	ATGAGTATTCAACATTTTCGTGTCGCCCTTATTCCCTTTTTTGCGGCATTTTGC...TAA	861	(37) 5967+ (897)	37	897	ATGAGTATTCAACATTTCCGTGTCGCCCTTATTCCCTTTTTTGCGGCATTTTGCCTTCCTGTTTTTGCTCACCCAGAAACGCTGGTGAAAGTAAAAGATGCTGAAGATCAGTTGGGTGCACGAGTGGGTTACATCGAACTGGATCTCAACAGCGGTAAGATCCTTGAGAGTTTTCGCCCCGAAGAACGTTTTCCAATGATGAGCACTTTTAAAGTTCTGCTATGTGGTGCGGTATTATCCCGTGTTGACGCCGGGCAAGAGCAACTCGGTCGCCGCATACACTATTCTCAGAATGACTTGGTTGAGTACTCACCAGTCACAGAAAAGCATCTTACGGATGGCATGACAGTAAGAGAATTATGCAGTGCTGCCATAACCATGAGTGATAACACTGCTGCCAACTTACTTCTGACAACGATCGGAGGACCGAAGGAGCTAACCGCTTTTTTGCACAACATGGGGGATCATGTAACTCGCCTTGATCGTTGGGAACCGGAGCTGAATGAAGCCATACCAAACGACGAGCGTGACACCACGATGCCTGCAGCAATGGCAACAACGTTGCGCAAACTATTAACTGGCGAACTACTTACTCTAGCTTCCCGGCAACAATTAATAGACTGGATGGAGGCGGATAAAGTTGCAGGACCACTTCTGCGCTCGGCCCTTCCGGCTGGCTGGTTTATTGCTGATAAATCTGGAGCCGGTGAGCGTGGGTCTCGCGGTATCATTGCAGCACTGGGGCCAGATGGTAAGCCCTCCCGTATCGTAGTTATCTACACGACGGGGAGTCAGGCAACTATGGATGAACGAAATAGACAGATCGCTGAGATAGGTGCCTCACTGATTAAGCATTGGTAA	ATGAGTATTCAACATTTTCGTGTCGCCCTTATTCCCTTTTTTGCGGCATTTTGC...TAA	861	37	897	861.0	5967+	ATGAGTATTCAACATTTCCGTGTCGCCCTTATTCCCTTTTTTGCGGCATTTTGCCTTCCTGTTTTTGCTCACCCAGAAACGCTGGTGAAAGTAAAAGATGCTGAAGATCAGTTGGGTGCACGAGTGGGTTACATCGAACTGGATCTCAACAGCGGTAAGATCCTTGAGAGTTTTCGCCCCGAAGAACGTTTTCCAATGATGAGCACTTTTAAAGTTCTGCTATGTGGTGCGGTATTATCCCGTGTTGACGCCGGGCAAGAGCAACTCGGTCGCCGCATACACTATTCTCAGAATGACTTGGTTGAGTACTCACCAGTCACAGAAAAGCATCTTACGGATGGCATGACAGTAAGAGAATTATGCAGTGCTGCCATAACCATGAGTGATAACACTGCTGCCAACTTACTTCTGACAACGATCGGAGGACCGAAGGAGCTAACCGCTTTTTTGCACAACATGGGGGATCATGTAACTCGCCTTGATCGTTGGGAACCGGAGCTGAATGAAGCCATACCAAACGACGAGCGTGACACCACGATGCCTGCAGCAATGGCAACAACGTTGCGCAAACTATTAACTGGCGAACTACTTACTCTAGCTTCCCGGCAACAATTAATAGACTGGATGGAGGCGGATAAAGTTGCAGGACCACTTCTGCGCTCGGCCCTTCCGGCTGGCTGGTTTATTGCTGATAAATCTGGAGCCGGTGAGCGTGGGTCTCGCGGTATCATTGCAGCACTGGGGCCAGATGGTAAGCCCTCCCGTATCGTAGTTATCTACACGACGGGGAGTCAGGCAACTATGGATGAACGAAATAGACAGATCGCTGAGATAGGTGCCTCACTGATTAAGCATTGGTAA	ATGAGTATTCAACATTTTCGTGTCGCCCTTATTCCCTTTTTTGCGGCATTTTGC...TAA	861	5967	37	897	True	True	True
125	gb|AY101764|+|206-1067|ARO:3000970|TEM-107	ATGAGTATTCAACATTTTCGTGTCGCCCTTATTCCCTTTTTTGCGGCATTTTGC...TAA	861	(37) 5967+ (897)	37	897	ATGAGTATTCAACATTTCCGTGTCGCCCTTATTCCCTTTTTTGCGGCATTTTGCCTTCCTGTTTTTGCTCACCCAGAAACGCTGGTGAAAGTAAAAGATGCTGAAGATCAGTTGGGTGCACGAGTGGGTTACATCGAACTGGATCTCAACAGCGGTAAGATCCTTGAGAGTTTTCGCCCCGAAGAACGTTTTCCAATGATGAGCACTTTTAAAGTTCTGCTATGTGGTGCGGTATTATCCCGTGTTGACGCCGGGCAAGAGCAACTCGGTCGCCGCATACACTATTCTCAGAATGACTTGGTTGAGTACTCACCAGTCACAGAAAAGCATCTTACGGATGGCATGACAGTAAGAGAATTATGCAGTGCTGCCATAACCATGAGTGATAACACTGCTGCCAACTTACTTCTGACAACGATCGGAGGACCGAAGGAGCTAACCGCTTTTTTGCACAACATGGGGGATCATGTAACTCGCCTTGATCGTTGGGAACCGGAGCTGAATGAAGCCATACCAAACGACGAGCGTGACACCACGATGCCTGCAGCAATGGCAACAACGTTGCGCAAACTATTAACTGGCGAACTACTTACTCTAGCTTCCCGGCAACAATTAATAGACTGGATGGAGGCGGATAAAGTTGCAGGACCACTTCTGCGCTCGGCCCTTCCGGCTGGCTGGTTTATTGCTGATAAATCTGGAGCCGGTGAGCGTGGGTCTCGCGGTATCATTGCAGCACTGGGGCCAGATGGTAAGCCCTCCCGTATCGTAGTTATCTACACGACGGGGAGTCAGGCAACTATGGATGAACGAAATAGACAGATCGCTGAGATAGGTGCCTCACTGATTAAGCATTGGTAA	ATGAGTATTCAACATTTTCGTGTCGCCCTTATTCCCTTTTTTGCGGCATTTTGC...TAA	861	37	897	861.0	5967+	ATGAGTATTCAACATTTCCGTGTCGCCCTTATTCCCTTTTTTGCGGCATTTTGCCTTCCTGTTTTTGCTCACCCAGAAACGCTGGTGAAAGTAAAAGATGCTGAAGATCAGTTGGGTGCACGAGTGGGTTACATCGAACTGGATCTCAACAGCGGTAAGATCCTTGAGAGTTTTCGCCCCGAAGAACGTTTTCCAATGATGAGCACTTTTAAAGTTCTGCTATGTGGTGCGGTATTATCCCGTGTTGACGCCGGGCAAGAGCAACTCGGTCGCCGCATACACTATTCTCAGAATGACTTGGTTGAGTACTCACCAGTCACAGAAAAGCATCTTACGGATGGCATGACAGTAAGAGAATTATGCAGTGCTGCCATAACCATGAGTGATAACACTGCTGCCAACTTACTTCTGACAACGATCGGAGGACCGAAGGAGCTAACCGCTTTTTTGCACAACATGGGGGATCATGTAACTCGCCTTGATCGTTGGGAACCGGAGCTGAATGAAGCCATACCAAACGACGAGCGTGACACCACGATGCCTGCAGCAATGGCAACAACGTTGCGCAAACTATTAACTGGCGAACTACTTACTCTAGCTTCCCGGCAACAATTAATAGACTGGATGGAGGCGGATAAAGTTGCAGGACCACTTCTGCGCTCGGCCCTTCCGGCTGGCTGGTTTATTGCTGATAAATCTGGAGCCGGTGAGCGTGGGTCTCGCGGTATCATTGCAGCACTGGGGCCAGATGGTAAGCCCTCCCGTATCGTAGTTATCTACACGACGGGGAGTCAGGCAACTATGGATGAACGAAATAGACAGATCGCTGAGATAGGTGCCTCACTGATTAAGCATTGGTAA	ATGAGTATTCAACATTTTCGTGTCGCCCTTATTCCCTTTTTTGCGGCATTTTGC...TAA	861	5967	37	897	True	True	True
126	gb|AY130282|+|0-764|ARO:3000980|TEM-117	TTTTTTGCGGCATTTTGCTTTCCTGTTTTTGCTCACCCAGAAACGCTGGTGAAA...AAC	764	(73) 5967+ (836)	73	836	TTTTTTGCGGCATTTTGCCTTCCTGTTTTTGCTCACCCAGAAACGCTGGTGAAAGTAAAAGATGCTGAAGATCAGTTGGGTGCACGAGTGGGTTACATCGAACTGGATCTCAACAGCGGTAAGATCCTTGAGAGTTTTCGCCCCGAAGAACGTTTTCCAATGATGAGCACTTTTAAAGTTCTGCTATGTGGTGCGGTATTATCCCGTGTTGACGCCGGGCAAGAGCAACTCGGTCGCCGCATACACTATTCTCAGAATGACTTGGTTGAGTACTCACCAGTCACAGAAAAGCATCTTACGGATGGCATGACAGTAAGAGAATTATGCAGTGCTGCCATAACCATGAGTGATAACACTGCTGCCAACTTACTTCTGACAACGATCGGAGGACCGAAGGAGCTAACCGCTTTTTTGCACAACATGGGGGATCATGTAACTCGCCTTGATCGTTGGGAACCGGAGCTGAATGAAGCCATACCAAACGACGAGCGTGACACCACGATGCCTGCAGCAATGGCAACAACGTTGCGCAAACTATTAACTGGCGAACTACTTACTCTAGCTTCCCGGCAACAATTAATAGACTGGATGGAGGCGGATAAAGTTGCAGGACCACTTCTGCGCTCGGCCCTTCCGGCTGGCTGGTTTATTGCTGATAAATCTGGAGCCGGTGAGCGTGGGTCTCGCGGTATCATTGCAGCACTGGGGCCAGATGGTAAGCCCTCCCGTATCGTAGTTATCTACACGACGGGGAGTCAGGCAAC	TTTTTTGCGGCATTTTGCTTTCCTGTTTTTGCTCACCCAGAAACGCTGGTGAAA...AAC	764	1000	999	999.0	999	999	TTTTTTGCGGCATTTTGCTTTCCTGTTTTTGCTCACCCAGAAACGCTGGTGAAA...AAC	764				False	False	False
127	gb|AY130284|+|0-785|ARO:3000941|TEM-75	TTTTTTGCGGCATTTTGCTTTCCTGTTTTTGCTCACCCAGAAACGCTGGTGAAA...ACA	785	(73) 5967+ (857)	73	857	TTTTTTGCGGCATTTTGCCTTCCTGTTTTTGCTCACCCAGAAACGCTGGTGAAAGTAAAAGATGCTGAAGATCAGTTGGGTGCACGAGTGGGTTACATCGAACTGGATCTCAACAGCGGTAAGATCCTTGAGAGTTTTCGCCCCGAAGAACGTTTTCCAATGATGAGCACTTTTAAAGTTCTGCTATGTGGTGCGGTATTATCCCGTGTTGACGCCGGGCAAGAGCAACTCGGTCGCCGCATACACTATTCTCAGAATGACTTGGTTGAGTACTCACCAGTCACAGAAAAGCATCTTACGGATGGCATGACAGTAAGAGAATTATGCAGTGCTGCCATAACCATGAGTGATAACACTGCTGCCAACTTACTTCTGACAACGATCGGAGGACCGAAGGAGCTAACCGCTTTTTTGCACAACATGGGGGATCATGTAACTCGCCTTGATCGTTGGGAACCGGAGCTGAATGAAGCCATACCAAACGACGAGCGTGACACCACGATGCCTGCAGCAATGGCAACAACGTTGCGCAAACTATTAACTGGCGAACTACTTACTCTAGCTTCCCGGCAACAATTAATAGACTGGATGGAGGCGGATAAAGTTGCAGGACCACTTCTGCGCTCGGCCCTTCCGGCTGGCTGGTTTATTGCTGATAAATCTGGAGCCGGTGAGCGTGGGTCTCGCGGTATCATTGCAGCACTGGGGCCAGATGGTAAGCCCTCCCGTATCGTAGTTATCTACACGACGGGGAGTCAGGCAACTATGGATGAACGAAATAGACA	TTTTTTGCGGCATTTTGCTTTCCTGTTTTTGCTCACCCAGAAACGCTGGTGAAA...ACA	785	1000	999	999.0	999	999	TTTTTTGCGGCATTTTGCTTTCCTGTTTTTGCTCACCCAGAAACGCTGGTGAAA...ACA	785				False	False	False
128	gb|AY130285|+|0-785|ARO:3000981|TEM-118	TTTTTTGCGGCATTTTGCCTTCCTGTTTTTGCTCACCCAGAAACGCTGGTGAAA...ACA	785	(73) 5967+ (857)	73	857	TTTTTTGCGGCATTTTGCCTTCCTGTTTTTGCTCACCCAGAAACGCTGGTGAAAGTAAAAGATGCTGAAGATCAGTTGGGTGCACGAGTGGGTTACATCGAACTGGATCTCAACAGCGGTAAGATCCTTGAGAGTTTTCGCCCCGAAGAACGTTTTCCAATGATGAGCACTTTTAAAGTTCTGCTATGTGGTGCGGTATTATCCCGTGTTGACGCCGGGCAAGAGCAACTCGGTCGCCGCATACACTATTCTCAGAATGACTTGGTTGAGTACTCACCAGTCACAGAAAAGCATCTTACGGATGGCATGACAGTAAGAGAATTATGCAGTGCTGCCATAACCATGAGTGATAACACTGCTGCCAACTTACTTCTGACAACGATCGGAGGACCGAAGGAGCTAACCGCTTTTTTGCACAACATGGGGGATCATGTAACTCGCCTTGATCGTTGGGAACCGGAGCTGAATGAAGCCATACCAAACGACGAGCGTGACACCACGATGCCTGCAGCAATGGCAACAACGTTGCGCAAACTATTAACTGGCGAACTACTTACTCTAGCTTCCCGGCAACAATTAATAGACTGGATGGAGGCGGATAAAGTTGCAGGACCACTTCTGCGCTCGGCCCTTCCGGCTGGCTGGTTTATTGCTGATAAATCTGGAGCCGGTGAGCGTGGGTCTCGCGGTATCATTGCAGCACTGGGGCCAGATGGTAAGCCCTCCCGTATCGTAGTTATCTACACGACGGGGAGTCAGGCAACTATGGATGAACGAAATAGACA	TTTTTTGCGGCATTTTGCCTTCCTGTTTTTGCTCACCCAGAAACGCTGGTGAAA...ACA	785	1000	999	999.0	999	999	TTTTTTGCGGCATTTTGCCTTCCTGTTTTTGCTCACCCAGAAACGCTGGTGAAA...ACA	785				False	False	False
129	gb|AY136758|+|377-947|ARO:3002582|AAC(6')-Ib11	ATGAAAAACACAATACATATCAACAGCAACGATTCCGTCACACTGCGCCTCATG...TAA	570	(93) 7593+ (642)	93	642	CAACAGCAACGATTCCGTCACACTGCGCCTCATGACTGAGCATGACCTTGCGATGCTCTATGAGTGGCTAAATCGATCTCATATCGTCGAGTGGTGGGGCGGAGAAGAAGCACGCCCGACACTTGCTGACGTACAGGAACAGTACTTGCCAAGCGTTTTAGCGCAAGAGTCCGTCACTCCATACATTGCAATGCTGAATGGAGAGCCGATTGGGTATGCCCAGTCGTACGTTGCTCTTGGAAGCGGGGACGGATGGTGGGAAGAAGAAACCGATCCAGGAGTACGCGGAATAGACCAGTTACTGGCGAATGCATCACAACTGGGCAAAGGCTTGGGAACCAAGCTGGTTCGAGCTCTGGTTGAGTTGCTGTTCAATGATCCCGAGGTCACCAAGATCCAAACGGACCCGTCGCCGAGCAACTTGCGAGCGATCCGATGCTACGAGAAAGCGGGGTTTGAGAGGCAAGGTACCGTAACCACCCCAGATGGTCCAGCCGTGTACATGGTTCAAACACGCCAGGCATTCGAGCGAACACGCAGTGTTGCCTAA	ATGAAAAACACAATACATATCAACAGCAACGATTCCGTCACACTGCGCCTCATG...TAA	570	75	642	570.0	7593+	AAAGTACAGCATCGTGACCAACAGCAACGATTCCGTCACACTGCGCCTCATGACTGAGCATGACCTTGCGATGCTCTATGAGTGGCTAAATCGATCTCATATCGTCGAGTGGTGGGGCGGAGAAGAAGCACGCCCGACACTTGCTGACGTACAGGAACAGTACTTGCCAAGCGTTTTAGCGCAAGAGTCCGTCACTCCATACATTGCAATGCTGAATGGAGAGCCGATTGGGTATGCCCAGTCGTACGTTGCTCTTGGAAGCGGGGACGGATGGTGGGAAGAAGAAACCGATCCAGGAGTACGCGGAATAGACCAGTTACTGGCGAATGCATCACAACTGGGCAAAGGCTTGGGAACCAAGCTGGTTCGAGCTCTGGTTGAGTTGCTGTTCAATGATCCCGAGGTCACCAAGATCCAAACGGACCCGTCGCCGAGCAACTTGCGAGCGATCCGATGCTACGAGAAAGCGGGGTTTGAGAGGCAAGGTACCGTAACCACCCCAGATGGTCCAGCCGTGTACATGGTTCAAACACGCCAGGCATTCGAGCGAACACGCAGTGTTGCCTAA	ATGAAAAACACAATACATATCAACAGCAACGATTCCGTCACACTGCGCCTCATG...TAA	570	7593	93	642	False	True	False
130	gb|AY139603|+|106-898|ARO:3002608|aadA8	ATGAGGGTAGCGGTGACCATCGAAATTTCGAACCAACTATCAGAGGTGCTAAGC...TAA	792	{(1688) 7591+ (2477) , (712) 7593+ (1500)}	{1688, 712}	{2477, 1500}	{ATGAGGGTAGCGGTGACCATCGAAATTTCGAACCAACTATCAGAGGTGCTAAGCGTCATTGAGCGCCATCTGGAATCAACGTTGCTGGCCGTGCATTTGTACGGCTCCGCAGTGGATGGCGGCCTGAAGCCATACAGCGATATTGATTTGTTGGTTACTGTGGCCGTAAAGCTTGATGAAACGACGCGGCGAGCATTGCTCAATGACCTTATGGAGGCTTCGGCTTTCCCTGGCGAGAGCGAGACGCTCCGCGCTATAGAAGTCACCCTTGTCGTGCATGACGACATCATCCCGTGGCGTTATCCGGCTAAGCGCGAGCTGCAATTTGGAGAATGGCAGCGCAATGACATTCTTGCGGGTATCTTCGAGCCAGCCATGATCGACATTGATCTAGCTATCCTGCTTACAAAAGCAAGAGAACATAGCGTTGCCTTGGTAGGTCCGGCAGCGGAGGAATTCTTTGACCCGGTTCCTGAACAGGATCTATTCGAGGCGCTGAGGGAAACCTTGAAGCTATGGAACTCGCAGCCCGACTGGGCCGGCGATGAGCGAAATGTAGTGCTTACGTTGTCCCGCATTTGGTACAGCGCAATAACCGGCAAAATCGCGCCGAAGGATGTCGCTGCCGACTGGGCAATAAAACGCCTACCTGCCCAGTATCAGCCCGTCTTACTTGAAGCTAAGCAAGCTTATCTGGGACAAAAAGAAGATCACTTGGCCTCACGCGCAGATCACTTGGAAGAATTTATTCGCTTTGTGAAAGGCGAGATCATCAAGTCAGTTGGTAAAT, ATGAGGGAAGCGGTGATCGCCGAAGTATCGACTCAACTATCAGAGGTAGTTGGCGTCATCGAGCGCCATCTCGAACCGACGTTGCTGGCCGTACATTTGTACGGCTCCGCAGTGGATGGCGGCCTGAAGCCACACAGTGATATTGATTTGCTGGTTACGGTGACCGTAAGGCTTGATGAAACAACGCGGCGAGCTTTGATCAACGACCTTTTGGAAACTTCGGCTTCCCCTGGAGAGAGCGAGATTCTCCGCGCTGTAGAAGTCACCATTGTTGTGCACGACGACATCATTCCGTGGCGTTATCCAGCTAAGCGCGAACTGCAATTTGGAGAATGGCAGCGCAATGACATTCTTGCAGGTATCTTCGAGCCAGCCACGATCGACATTGATCTGGCTATCTTGCTGACAAAAGCAAGAGAACATAGCGTTGCCTTGGTAGGTCCAGCGGCGGAGGAACTCTTTGATCCGGTTCCTGAACAGGATCTATTTGAGGCGCTAAATGAAACCTTAACGCTATGGAACTCGCCGCCCGACTGGGCTGGCGATGAGCGAAATGTAGTGCTTACGTTGTCCCGCATTTGGTACAGCGCAGTAACCGGCAAAATCGCGCCGAAGGATGTCGCTGCCGACTGGGCAATGGAGCGCCTGCCGGCCCAGTATCAGCCCGTCATACTTGAAGCTAGGCAGGCTTATCTTGGACAAGAAGATCGCTTGGCCTCGCGCGCAGATCAGTTGGAAGAATTTGTTCACTACGTGAAAGGCGAGATCACCAAGGTAGTCGGCAAATAA}	ATGAGGGTAGCGGTGACCATCGAAATTTCGAACCAACTATCAGAGGTGCTAAGC...TAA	792	1688	2479	792.0	7591+	ATGAGGGTAGCGGTGACCATCGAAATTTCGAACCAACTATCAGAGGTGCTAAGCGTCATTGAGCGCCATCTGGAATCAACGTTGCTGGCCGTGCATTTGTACGGCTCCGCAGTGGATGGCGGCCTGAAGCCATACAGCGATATTGATTTGTTGGTTACTGTGGCCGTAAAGCTTGATGAAACGACGCGGCGAGCATTGCTCAATGACCTTATGGAGGCTTCGGCTTTCCCTGGCGAGAGCGAGACGCTCCGCGCTATAGAAGTCACCCTTGTCGTGCATGACGACATCATCCCGTGGCGTTATCCGGCTAAGCGCGAGCTGCAATTTGGAGAATGGCAGCGCAATGACATTCTTGCGGGTATCTTCGAGCCAGCCATGATCGACATTGATCTAGCTATCCTGCTTACAAAAGCAAGAGAACATAGCGTTGCCTTGGTAGGTCCGGCAGCGGAGGAATTCTTTGACCCGGTTCCTGAACAGGATCTATTCGAGGCGCTGAGGGAAACCTTGAAGCTATGGAACTCGCAGCCCGACTGGGCCGGCGATGAGCGAAATGTAGTGCTTACGTTGTCCCGCATTTGGTACAGCGCAATAACCGGCAAAATCGCGCCGAAGGATGTCGCTGCCGACTGGGCAATAAAACGCCTACCTGCCCAGTATCAGCCCGTCTTACTTGAAGCTAAGCAAGCTTATCTGGGACAAAAAGAAGATCACTTGGCCTCACGCGCAGATCACTTGGAAGAATTTATTCGCTTTGTGAAAGGCGAGATCATCAAGTCAGTTGGTAAATGA	ATGAGGGTAGCGGTGACCATCGAAATTTCGAACCAACTATCAGAGGTGCTAAGC...TAA	792	7591	1688	2477	False	False	False
131	gb|AY171244|+|46-838|ARO:3002618|aadA21	ATGAGGGTAGCGGTGACCATCGAAATTTCGAACCAACTATCAGAGGTGCTAAGC...TAA	792	{(712) 7593+ (1500) , (1688) 7591+ (2477)}	{712, 1688}	{1500, 2477}	{ATGAGGGAAGCGGTGATCGCCGAAGTATCGACTCAACTATCAGAGGTAGTTGGCGTCATCGAGCGCCATCTCGAACCGACGTTGCTGGCCGTACATTTGTACGGCTCCGCAGTGGATGGCGGCCTGAAGCCACACAGTGATATTGATTTGCTGGTTACGGTGACCGTAAGGCTTGATGAAACAACGCGGCGAGCTTTGATCAACGACCTTTTGGAAACTTCGGCTTCCCCTGGAGAGAGCGAGATTCTCCGCGCTGTAGAAGTCACCATTGTTGTGCACGACGACATCATTCCGTGGCGTTATCCAGCTAAGCGCGAACTGCAATTTGGAGAATGGCAGCGCAATGACATTCTTGCAGGTATCTTCGAGCCAGCCACGATCGACATTGATCTGGCTATCTTGCTGACAAAAGCAAGAGAACATAGCGTTGCCTTGGTAGGTCCAGCGGCGGAGGAACTCTTTGATCCGGTTCCTGAACAGGATCTATTTGAGGCGCTAAATGAAACCTTAACGCTATGGAACTCGCCGCCCGACTGGGCTGGCGATGAGCGAAATGTAGTGCTTACGTTGTCCCGCATTTGGTACAGCGCAGTAACCGGCAAAATCGCGCCGAAGGATGTCGCTGCCGACTGGGCAATGGAGCGCCTGCCGGCCCAGTATCAGCCCGTCATACTTGAAGCTAGGCAGGCTTATCTTGGACAAGAAGATCGCTTGGCCTCGCGCGCAGATCAGTTGGAAGAATTTGTTCACTACGTGAAAGGCGAGATCACCAAGGTAGTCGGCAAATAA, ATGAGGGTAGCGGTGACCATCGAAATTTCGAACCAACTATCAGAGGTGCTAAGCGTCATTGAGCGCCATCTGGAATCAACGTTGCTGGCCGTGCATTTGTACGGCTCCGCAGTGGATGGCGGCCTGAAGCCATACAGCGATATTGATTTGTTGGTTACTGTGGCCGTAAAGCTTGATGAAACGACGCGGCGAGCATTGCTCAATGACCTTATGGAGGCTTCGGCTTTCCCTGGCGAGAGCGAGACGCTCCGCGCTATAGAAGTCACCCTTGTCGTGCATGACGACATCATCCCGTGGCGTTATCCGGCTAAGCGCGAGCTGCAATTTGGAGAATGGCAGCGCAATGACATTCTTGCGGGTATCTTCGAGCCAGCCATGATCGACATTGATCTAGCTATCCTGCTTACAAAAGCAAGAGAACATAGCGTTGCCTTGGTAGGTCCGGCAGCGGAGGAATTCTTTGACCCGGTTCCTGAACAGGATCTATTCGAGGCGCTGAGGGAAACCTTGAAGCTATGGAACTCGCAGCCCGACTGGGCCGGCGATGAGCGAAATGTAGTGCTTACGTTGTCCCGCATTTGGTACAGCGCAATAACCGGCAAAATCGCGCCGAAGGATGTCGCTGCCGACTGGGCAATAAAACGCCTACCTGCCCAGTATCAGCCCGTCTTACTTGAAGCTAAGCAAGCTTATCTGGGACAAAAAGAAGATCACTTGGCCTCACGCGCAGATCACTTGGAAGAATTTATTCGCTTTGTGAAAGGCGAGATCATCAAGTCAGTTGGTAAAT}	ATGAGGGTAGCGGTGACCATCGAAATTTCGAACCAACTATCAGAGGTGCTAAGC...TAA	792	712	1500	792.0	7593+	ATGAGGGAAGCGGTGATCGCCGAAGTATCGACTCAACTATCAGAGGTAGTTGGCGTCATCGAGCGCCATCTCGAACCGACGTTGCTGGCCGTACATTTGTACGGCTCCGCAGTGGATGGCGGCCTGAAGCCACACAGTGATATTGATTTGCTGGTTACGGTGACCGTAAGGCTTGATGAAACAACGCGGCGAGCTTTGATCAACGACCTTTTGGAAACTTCGGCTTCCCCTGGAGAGAGCGAGATTCTCCGCGCTGTAGAAGTCACCATTGTTGTGCACGACGACATCATTCCGTGGCGTTATCCAGCTAAGCGCGAACTGCAATTTGGAGAATGGCAGCGCAATGACATTCTTGCAGGTATCTTCGAGCCAGCCACGATCGACATTGATCTGGCTATCTTGCTGACAAAAGCAAGAGAACATAGCGTTGCCTTGGTAGGTCCAGCGGCGGAGGAACTCTTTGATCCGGTTCCTGAACAGGATCTATTTGAGGCGCTAAATGAAACCTTAACGCTATGGAACTCGCCGCCCGACTGGGCTGGCGATGAGCGAAATGTAGTGCTTACGTTGTCCCGCATTTGGTACAGCGCAGTAACCGGCAAAATCGCGCCGAAGGATGTCGCTGCCGACTGGGCAATGGAGCGCCTGCCGGCCCAGTATCAGCCCGTCATACTTGAAGCTAGGCAGGCTTATCTTGGACAAGAAGATCGCTTGGCCTCGCGCGCAGATCAGTTGGAAGAATTTGTTCACTACGTGAAAGGCGAGATCACCAAGGTAGTCGGCAAATAA	ATGAGGGTAGCGGTGACCATCGAAATTTCGAACCAACTATCAGAGGTGCTAAGC...TAA	792	7593	712	1500	False	False	True
132	gb|AY210887|+|111-972|ARO:3001104|SHV-46	ATGCGTTATATTCGCCTGTGTATTATCTCCCTGTTAGCCACCCTGCCGCTGGCG...TAA	861	(24) 5151- (884)	24	884	ATGCGTTATATTCGCCTGTGTATTATCTCCCTGTTAGCCACCCTGCCGCTGGCGGTACACGCCAGCCCGCAGCCGCTTGAGCAAATTAAACAAAGCGAAAGCCAGCTGTCGGGCCGCGTAGGCATGATAGAAATGGATCTGGCCAGCGGCCGCACGCTGACCGCCTGGCGCGCCGATGAACGCTTTCCCATGATGAGCACCTTTAAAGTAGTGCTCTGCGGCGCAGTGCTGGCGCGGGTGGATGCCGGTGACGAACAGCTGGAGCGAAAGATCCACTATCGCCAGCAGGATCTGGTGGACTACTCGCCGGTCAGCGAAAAACACCTTGCCGACGGCATGACGGTCGGCGAACTCTGCGCCGCCGCCATTACCATGAGCGATAACAGCGCCGCCAATCTGCTGCTGGCCACCGTCGGCGGCCCCGCAGGATTGACTGCCTTTTTGCGCCAGATCGGCGACAACGTCACCCGCCTTGACCGCTGGGAAACGGAACTGAATGAGGCGCTTCCCGGCGACGCCCGCGACACCACTACCCCGGCCAGCATGGCCGCGACCCTGCGCAAGCTGCTGACCAGCCAGCGTCTGAGCGCCCGTTCGCAACGGCAGCTGCTGCAGTGGATGGTGGACGATCGGGTCGCCGGACCGTTGATCCGCTCCGTGCTGCCGGCGGGCTGGTTTATCGCCGATAAGACCGGAGCTAGCAAGCGGGGTGCGCGCGGGATTGTCGCCCTGCTTGGCCCGAATAACAAAGCAGAGCGCATCGTGGTGATTTATCTGCGGGATACGCCGGCGAGCATGGCCGAGCGAAATCAGCAAATCGCCGGGATCGGCGCGGCGCTGATCGAGCACTGGCAACGCTAA	ATGCGTTATATTCGCCTGTGTATTATCTCCCTGTTAGCCACCCTGCCGCTGGCG...TAA	861	24	884	861.0	5151-	ATGCGTTATATTCGCCTGTGTATTATCTCCCTGTTAGCCACCCTGCCGCTGGCGGTACACGCCAGCCCGCAGCCGCTTGAGCAAATTAAACAAAGCGAAAGCCAGCTGTCGGGCCGCGTAGGCATGATAGAAATGGATCTGGCCAGCGGCCGCACGCTGACCGCCTGGCGCGCCGATGAACGCTTTCCCATGATGAGCACCTTTAAAGTAGTGCTCTGCGGCGCAGTGCTGGCGCGGGTGGATGCCGGTGACGAACAGCTGGAGCGAAAGATCCACTATCGCCAGCAGGATCTGGTGGACTACTCGCCGGTCAGCGAAAAACACCTTGCCGACGGCATGACGGTCGGCGAACTCTGCGCCGCCGCCATTACCATGAGCGATAACAGCGCCGCCAATCTGCTGCTGGCCACCGTCGGCGGCCCCGCAGGATTGACTGCCTTTTTGCGCCAGATCGGCGACAACGTCACCCGCCTTGACCGCTGGGAAACGGAACTGAATGAGGCGCTTCCCGGCGACGCCCGCGACACCACTACCCCGGCCAGCATGGCCGCGACCCTGCGCAAGCTGCTGACCAGCCAGCGTCTGAGCGCCCGTTCGCAACGGCAGCTGCTGCAGTGGATGGTGGACGATCGGGTCGCCGGACCGTTGATCCGCTCCGTGCTGCCGGCGGGCTGGTTTATCGCCGATAAGACCGGAGCTAGCAAGCGGGGTGCGCGCGGGATTGTCGCCCTGCTTGGCCCGAATAACAAAGCAGAGCGCATCGTGGTGATTTATCTGCGGGATACGCCGGCGAGCATGGCCGAGCGAAATCAGCAAATCGCCGGGATCGGCGCGGCGCTGATCGAGCACTGGCAACGCTAA	ATGCGTTATATTCGCCTGTGTATTATCTCCCTGTTAGCCACCCTGCCGCTGGCG...TAA	861	5151	24	884	True	True	True
133	gb|AY223863|+|170-1031|ARO:3001113|SHV-57	ATGCGTTATATTCGCCTGTGTATTATCTCCCTGTTAGCCACCCTGCCGCTGGCG...TAA	861	(24) 5151- (884)	24	884	ATGCGTTATATTCGCCTGTGTATTATCTCCCTGTTAGCCACCCTGCCGCTGGCGGTACACGCCAGCCCGCAGCCGCTTGAGCAAATTAAACAAAGCGAAAGCCAGCTGTCGGGCCGCGTAGGCATGATAGAAATGGATCTGGCCAGCGGCCGCACGCTGACCGCCTGGCGCGCCGATGAACGCTTTCCCATGATGAGCACCTTTAAAGTAGTGCTCTGCGGCGCAGTGCTGGCGCGGGTGGATGCCGGTGACGAACAGCTGGAGCGAAAGATCCACTATCGCCAGCAGGATCTGGTGGACTACTCGCCGGTCAGCGAAAAACACCTTGCCGACGGCATGACGGTCGGCGAACTCTGCGCCGCCGCCATTACCATGAGCGATAACAGCGCCGCCAATCTGCTGCTGGCCACCGTCGGCGGCCCCGCAGGATTGACTGCCTTTTTGCGCCAGATCGGCGACAACGTCACCCGCCTTGACCGCTGGGAAACGGAACTGAATGAGGCGCTTCCCGGCGACGCCCGCGACACCACTACCCCGGCCAGCATGGCCGCGACCCTGCGCAAGCTGCTGACCAGCCAGCGTCTGAGCGCCCGTTCGCAACGGCAGCTGCTGCAGTGGATGGTGGACGATCGGGTCGCCGGACCGTTGATCCGCTCCGTGCTGCCGGCGGGCTGGTTTATCGCCGATAAGACCGGAGCTAGCAAGCGGGGTGCGCGCGGGATTGTCGCCCTGCTTGGCCCGAATAACAAAGCAGAGCGCATCGTGGTGATTTATCTGCGGGATACGCCGGCGAGCATGGCCGAGCGAAATCAGCAAATCGCCGGGATCGGCGCGGCGCTGATCGAGCACTGGCAACGCTAA	ATGCGTTATATTCGCCTGTGTATTATCTCCCTGTTAGCCACCCTGCCGCTGGCG...TAA	861	24	884	861.0	5151-	ATGCGTTATATTCGCCTGTGTATTATCTCCCTGTTAGCCACCCTGCCGCTGGCGGTACACGCCAGCCCGCAGCCGCTTGAGCAAATTAAACAAAGCGAAAGCCAGCTGTCGGGCCGCGTAGGCATGATAGAAATGGATCTGGCCAGCGGCCGCACGCTGACCGCCTGGCGCGCCGATGAACGCTTTCCCATGATGAGCACCTTTAAAGTAGTGCTCTGCGGCGCAGTGCTGGCGCGGGTGGATGCCGGTGACGAACAGCTGGAGCGAAAGATCCACTATCGCCAGCAGGATCTGGTGGACTACTCGCCGGTCAGCGAAAAACACCTTGCCGACGGCATGACGGTCGGCGAACTCTGCGCCGCCGCCATTACCATGAGCGATAACAGCGCCGCCAATCTGCTGCTGGCCACCGTCGGCGGCCCCGCAGGATTGACTGCCTTTTTGCGCCAGATCGGCGACAACGTCACCCGCCTTGACCGCTGGGAAACGGAACTGAATGAGGCGCTTCCCGGCGACGCCCGCGACACCACTACCCCGGCCAGCATGGCCGCGACCCTGCGCAAGCTGCTGACCAGCCAGCGTCTGAGCGCCCGTTCGCAACGGCAGCTGCTGCAGTGGATGGTGGACGATCGGGTCGCCGGACCGTTGATCCGCTCCGTGCTGCCGGCGGGCTGGTTTATCGCCGATAAGACCGGAGCTAGCAAGCGGGGTGCGCGCGGGATTGTCGCCCTGCTTGGCCCGAATAACAAAGCAGAGCGCATCGTGGTGATTTATCTGCGGGATACGCCGGCGAGCATGGCCGAGCGAAATCAGCAAATCGCCGGGATCGGCGCGGCGCTGATCGAGCACTGGCAACGCTAA	ATGCGTTATATTCGCCTGTGTATTATCTCCCTGTTAGCCACCCTGCCGCTGGCG...TAA	861	5151	24	884	True	True	True
134	gb|AY243512|+|208-1069|ARO:3000982|TEM-120	ATGAGTATTCAACATTTCCGTGTCGCCCTTATTCCCTTTTTTGCGGCATTTTGC...TAA	861	(37) 5967+ (897)	37	897	ATGAGTATTCAACATTTCCGTGTCGCCCTTATTCCCTTTTTTGCGGCATTTTGCCTTCCTGTTTTTGCTCACCCAGAAACGCTGGTGAAAGTAAAAGATGCTGAAGATCAGTTGGGTGCACGAGTGGGTTACATCGAACTGGATCTCAACAGCGGTAAGATCCTTGAGAGTTTTCGCCCCGAAGAACGTTTTCCAATGATGAGCACTTTTAAAGTTCTGCTATGTGGTGCGGTATTATCCCGTGTTGACGCCGGGCAAGAGCAACTCGGTCGCCGCATACACTATTCTCAGAATGACTTGGTTGAGTACTCACCAGTCACAGAAAAGCATCTTACGGATGGCATGACAGTAAGAGAATTATGCAGTGCTGCCATAACCATGAGTGATAACACTGCTGCCAACTTACTTCTGACAACGATCGGAGGACCGAAGGAGCTAACCGCTTTTTTGCACAACATGGGGGATCATGTAACTCGCCTTGATCGTTGGGAACCGGAGCTGAATGAAGCCATACCAAACGACGAGCGTGACACCACGATGCCTGCAGCAATGGCAACAACGTTGCGCAAACTATTAACTGGCGAACTACTTACTCTAGCTTCCCGGCAACAATTAATAGACTGGATGGAGGCGGATAAAGTTGCAGGACCACTTCTGCGCTCGGCCCTTCCGGCTGGCTGGTTTATTGCTGATAAATCTGGAGCCGGTGAGCGTGGGTCTCGCGGTATCATTGCAGCACTGGGGCCAGATGGTAAGCCCTCCCGTATCGTAGTTATCTACACGACGGGGAGTCAGGCAACTATGGATGAACGAAATAGACAGATCGCTGAGATAGGTGCCTCACTGATTAAGCATTGGTAA	ATGAGTATTCAACATTTCCGTGTCGCCCTTATTCCCTTTTTTGCGGCATTTTGC...TAA	861	37	897	861.0	5967+	ATGAGTATTCAACATTTCCGTGTCGCCCTTATTCCCTTTTTTGCGGCATTTTGCCTTCCTGTTTTTGCTCACCCAGAAACGCTGGTGAAAGTAAAAGATGCTGAAGATCAGTTGGGTGCACGAGTGGGTTACATCGAACTGGATCTCAACAGCGGTAAGATCCTTGAGAGTTTTCGCCCCGAAGAACGTTTTCCAATGATGAGCACTTTTAAAGTTCTGCTATGTGGTGCGGTATTATCCCGTGTTGACGCCGGGCAAGAGCAACTCGGTCGCCGCATACACTATTCTCAGAATGACTTGGTTGAGTACTCACCAGTCACAGAAAAGCATCTTACGGATGGCATGACAGTAAGAGAATTATGCAGTGCTGCCATAACCATGAGTGATAACACTGCTGCCAACTTACTTCTGACAACGATCGGAGGACCGAAGGAGCTAACCGCTTTTTTGCACAACATGGGGGATCATGTAACTCGCCTTGATCGTTGGGAACCGGAGCTGAATGAAGCCATACCAAACGACGAGCGTGACACCACGATGCCTGCAGCAATGGCAACAACGTTGCGCAAACTATTAACTGGCGAACTACTTACTCTAGCTTCCCGGCAACAATTAATAGACTGGATGGAGGCGGATAAAGTTGCAGGACCACTTCTGCGCTCGGCCCTTCCGGCTGGCTGGTTTATTGCTGATAAATCTGGAGCCGGTGAGCGTGGGTCTCGCGGTATCATTGCAGCACTGGGGCCAGATGGTAAGCCCTCCCGTATCGTAGTTATCTACACGACGGGGAGTCAGGCAACTATGGATGAACGAAATAGACAGATCGCTGAGATAGGTGCCTCACTGATTAAGCATTGGTAA	ATGAGTATTCAACATTTCCGTGTCGCCCTTATTCCCTTTTTTGCGGCATTTTGC...TAA	861	5967	37	897	True	True	True
135	gb|AY259119|+|116-977|ARO:3001102|SHV-44	ATGCGTTATATTCGCCTGTGTATTATCTCCCTGTTAGCCACCCTGCCGCTGGCG...TAA	861	(24) 5151- (884)	24	884	ATGCGTTATATTCGCCTGTGTATTATCTCCCTGTTAGCCACCCTGCCGCTGGCGGTACACGCCAGCCCGCAGCCGCTTGAGCAAATTAAACAAAGCGAAAGCCAGCTGTCGGGCCGCGTAGGCATGATAGAAATGGATCTGGCCAGCGGCCGCACGCTGACCGCCTGGCGCGCCGATGAACGCTTTCCCATGATGAGCACCTTTAAAGTAGTGCTCTGCGGCGCAGTGCTGGCGCGGGTGGATGCCGGTGACGAACAGCTGGAGCGAAAGATCCACTATCGCCAGCAGGATCTGGTGGACTACTCGCCGGTCAGCGAAAAACACCTTGCCGACGGCATGACGGTCGGCGAACTCTGCGCCGCCGCCATTACCATGAGCGATAACAGCGCCGCCAATCTGCTGCTGGCCACCGTCGGCGGCCCCGCAGGATTGACTGCCTTTTTGCGCCAGATCGGCGACAACGTCACCCGCCTTGACCGCTGGGAAACGGAACTGAATGAGGCGCTTCCCGGCGACGCCCGCGACACCACTACCCCGGCCAGCATGGCCGCGACCCTGCGCAAGCTGCTGACCAGCCAGCGTCTGAGCGCCCGTTCGCAACGGCAGCTGCTGCAGTGGATGGTGGACGATCGGGTCGCCGGACCGTTGATCCGCTCCGTGCTGCCGGCGGGCTGGTTTATCGCCGATAAGACCGGAGCTAGCAAGCGGGGTGCGCGCGGGATTGTCGCCCTGCTTGGCCCGAATAACAAAGCAGAGCGCATCGTGGTGATTTATCTGCGGGATACGCCGGCGAGCATGGCCGAGCGAAATCAGCAAATCGCCGGGATCGGCGCGGCGCTGATCGAGCACTGGCAACGCTAA	ATGCGTTATATTCGCCTGTGTATTATCTCCCTGTTAGCCACCCTGCCGCTGGCG...TAA	861	24	884	861.0	5151-	ATGCGTTATATTCGCCTGTGTATTATCTCCCTGTTAGCCACCCTGCCGCTGGCGGTACACGCCAGCCCGCAGCCGCTTGAGCAAATTAAACAAAGCGAAAGCCAGCTGTCGGGCCGCGTAGGCATGATAGAAATGGATCTGGCCAGCGGCCGCACGCTGACCGCCTGGCGCGCCGATGAACGCTTTCCCATGATGAGCACCTTTAAAGTAGTGCTCTGCGGCGCAGTGCTGGCGCGGGTGGATGCCGGTGACGAACAGCTGGAGCGAAAGATCCACTATCGCCAGCAGGATCTGGTGGACTACTCGCCGGTCAGCGAAAAACACCTTGCCGACGGCATGACGGTCGGCGAACTCTGCGCCGCCGCCATTACCATGAGCGATAACAGCGCCGCCAATCTGCTGCTGGCCACCGTCGGCGGCCCCGCAGGATTGACTGCCTTTTTGCGCCAGATCGGCGACAACGTCACCCGCCTTGACCGCTGGGAAACGGAACTGAATGAGGCGCTTCCCGGCGACGCCCGCGACACCACTACCCCGGCCAGCATGGCCGCGACCCTGCGCAAGCTGCTGACCAGCCAGCGTCTGAGCGCCCGTTCGCAACGGCAGCTGCTGCAGTGGATGGTGGACGATCGGGTCGCCGGACCGTTGATCCGCTCCGTGCTGCCGGCGGGCTGGTTTATCGCCGATAAGACCGGAGCTAGCAAGCGGGGTGCGCGCGGGATTGTCGCCCTGCTTGGCCCGAATAACAAAGCAGAGCGCATCGTGGTGATTTATCTGCGGGATACGCCGGCGAGCATGGCCGAGCGAAATCAGCAAATCGCCGGGATCGGCGCGGCGCTGATCGAGCACTGGCAACGCTAA	ATGCGTTATATTCGCCTGTGTATTATCTCCCTGTTAGCCACCCTGCCGCTGGCG...TAA	861	5151	24	884	True	True	True
136	gb|AY263404|+|0-861|ARO:3001105|SHV-48	ATGCGTTATATTCGCCTGTGTATTATCTCCCTGTTAGCCACCCTGCCGCTGGCG...TAA	861	(24) 5151- (884)	24	884	ATGCGTTATATTCGCCTGTGTATTATCTCCCTGTTAGCCACCCTGCCGCTGGCGGTACACGCCAGCCCGCAGCCGCTTGAGCAAATTAAACAAAGCGAAAGCCAGCTGTCGGGCCGCGTAGGCATGATAGAAATGGATCTGGCCAGCGGCCGCACGCTGACCGCCTGGCGCGCCGATGAACGCTTTCCCATGATGAGCACCTTTAAAGTAGTGCTCTGCGGCGCAGTGCTGGCGCGGGTGGATGCCGGTGACGAACAGCTGGAGCGAAAGATCCACTATCGCCAGCAGGATCTGGTGGACTACTCGCCGGTCAGCGAAAAACACCTTGCCGACGGCATGACGGTCGGCGAACTCTGCGCCGCCGCCATTACCATGAGCGATAACAGCGCCGCCAATCTGCTGCTGGCCACCGTCGGCGGCCCCGCAGGATTGACTGCCTTTTTGCGCCAGATCGGCGACAACGTCACCCGCCTTGACCGCTGGGAAACGGAACTGAATGAGGCGCTTCCCGGCGACGCCCGCGACACCACTACCCCGGCCAGCATGGCCGCGACCCTGCGCAAGCTGCTGACCAGCCAGCGTCTGAGCGCCCGTTCGCAACGGCAGCTGCTGCAGTGGATGGTGGACGATCGGGTCGCCGGACCGTTGATCCGCTCCGTGCTGCCGGCGGGCTGGTTTATCGCCGATAAGACCGGAGCTAGCAAGCGGGGTGCGCGCGGGATTGTCGCCCTGCTTGGCCCGAATAACAAAGCAGAGCGCATCGTGGTGATTTATCTGCGGGATACGCCGGCGAGCATGGCCGAGCGAAATCAGCAAATCGCCGGGATCGGCGCGGCGCTGATCGAGCACTGGCAACGCTAA	ATGCGTTATATTCGCCTGTGTATTATCTCCCTGTTAGCCACCCTGCCGCTGGCG...TAA	861	24	884	861.0	5151-	ATGCGTTATATTCGCCTGTGTATTATCTCCCTGTTAGCCACCCTGCCGCTGGCGGTACACGCCAGCCCGCAGCCGCTTGAGCAAATTAAACAAAGCGAAAGCCAGCTGTCGGGCCGCGTAGGCATGATAGAAATGGATCTGGCCAGCGGCCGCACGCTGACCGCCTGGCGCGCCGATGAACGCTTTCCCATGATGAGCACCTTTAAAGTAGTGCTCTGCGGCGCAGTGCTGGCGCGGGTGGATGCCGGTGACGAACAGCTGGAGCGAAAGATCCACTATCGCCAGCAGGATCTGGTGGACTACTCGCCGGTCAGCGAAAAACACCTTGCCGACGGCATGACGGTCGGCGAACTCTGCGCCGCCGCCATTACCATGAGCGATAACAGCGCCGCCAATCTGCTGCTGGCCACCGTCGGCGGCCCCGCAGGATTGACTGCCTTTTTGCGCCAGATCGGCGACAACGTCACCCGCCTTGACCGCTGGGAAACGGAACTGAATGAGGCGCTTCCCGGCGACGCCCGCGACACCACTACCCCGGCCAGCATGGCCGCGACCCTGCGCAAGCTGCTGACCAGCCAGCGTCTGAGCGCCCGTTCGCAACGGCAGCTGCTGCAGTGGATGGTGGACGATCGGGTCGCCGGACCGTTGATCCGCTCCGTGCTGCCGGCGGGCTGGTTTATCGCCGATAAGACCGGAGCTAGCAAGCGGGGTGCGCGCGGGATTGTCGCCCTGCTTGGCCCGAATAACAAAGCAGAGCGCATCGTGGTGATTTATCTGCGGGATACGCCGGCGAGCATGGCCGAGCGAAATCAGCAAATCGCCGGGATCGGCGCGGCGCTGATCGAGCACTGGCAACGCTAA	ATGCGTTATATTCGCCTGTGTATTATCTCCCTGTTAGCCACCCTGCCGCTGGCG...TAA	861	5151	24	884	True	True	True
137	gb|AY271267|+|0-861|ARO:3000983|TEM-121	ATGAGTATTCAACATTTCCGTGTCGCCCTTATTCCCTTTTTTGCGGCATTTTGC...TAA	861	(37) 5967+ (897)	37	897	ATGAGTATTCAACATTTCCGTGTCGCCCTTATTCCCTTTTTTGCGGCATTTTGCCTTCCTGTTTTTGCTCACCCAGAAACGCTGGTGAAAGTAAAAGATGCTGAAGATCAGTTGGGTGCACGAGTGGGTTACATCGAACTGGATCTCAACAGCGGTAAGATCCTTGAGAGTTTTCGCCCCGAAGAACGTTTTCCAATGATGAGCACTTTTAAAGTTCTGCTATGTGGTGCGGTATTATCCCGTGTTGACGCCGGGCAAGAGCAACTCGGTCGCCGCATACACTATTCTCAGAATGACTTGGTTGAGTACTCACCAGTCACAGAAAAGCATCTTACGGATGGCATGACAGTAAGAGAATTATGCAGTGCTGCCATAACCATGAGTGATAACACTGCTGCCAACTTACTTCTGACAACGATCGGAGGACCGAAGGAGCTAACCGCTTTTTTGCACAACATGGGGGATCATGTAACTCGCCTTGATCGTTGGGAACCGGAGCTGAATGAAGCCATACCAAACGACGAGCGTGACACCACGATGCCTGCAGCAATGGCAACAACGTTGCGCAAACTATTAACTGGCGAACTACTTACTCTAGCTTCCCGGCAACAATTAATAGACTGGATGGAGGCGGATAAAGTTGCAGGACCACTTCTGCGCTCGGCCCTTCCGGCTGGCTGGTTTATTGCTGATAAATCTGGAGCCGGTGAGCGTGGGTCTCGCGGTATCATTGCAGCACTGGGGCCAGATGGTAAGCCCTCCCGTATCGTAGTTATCTACACGACGGGGAGTCAGGCAACTATGGATGAACGAAATAGACAGATCGCTGAGATAGGTGCCTCACTGATTAAGCATTGGTAA	ATGAGTATTCAACATTTCCGTGTCGCCCTTATTCCCTTTTTTGCGGCATTTTGC...TAA	861	37	897	861.0	5967+	ATGAGTATTCAACATTTCCGTGTCGCCCTTATTCCCTTTTTTGCGGCATTTTGCCTTCCTGTTTTTGCTCACCCAGAAACGCTGGTGAAAGTAAAAGATGCTGAAGATCAGTTGGGTGCACGAGTGGGTTACATCGAACTGGATCTCAACAGCGGTAAGATCCTTGAGAGTTTTCGCCCCGAAGAACGTTTTCCAATGATGAGCACTTTTAAAGTTCTGCTATGTGGTGCGGTATTATCCCGTGTTGACGCCGGGCAAGAGCAACTCGGTCGCCGCATACACTATTCTCAGAATGACTTGGTTGAGTACTCACCAGTCACAGAAAAGCATCTTACGGATGGCATGACAGTAAGAGAATTATGCAGTGCTGCCATAACCATGAGTGATAACACTGCTGCCAACTTACTTCTGACAACGATCGGAGGACCGAAGGAGCTAACCGCTTTTTTGCACAACATGGGGGATCATGTAACTCGCCTTGATCGTTGGGAACCGGAGCTGAATGAAGCCATACCAAACGACGAGCGTGACACCACGATGCCTGCAGCAATGGCAACAACGTTGCGCAAACTATTAACTGGCGAACTACTTACTCTAGCTTCCCGGCAACAATTAATAGACTGGATGGAGGCGGATAAAGTTGCAGGACCACTTCTGCGCTCGGCCCTTCCGGCTGGCTGGTTTATTGCTGATAAATCTGGAGCCGGTGAGCGTGGGTCTCGCGGTATCATTGCAGCACTGGGGCCAGATGGTAAGCCCTCCCGTATCGTAGTTATCTACACGACGGGGAGTCAGGCAACTATGGATGAACGAAATAGACAGATCGCTGAGATAGGTGCCTCACTGATTAAGCATTGGTAA	ATGAGTATTCAACATTTCCGTGTCGCCCTTATTCCCTTTTTTGCGGCATTTTGC...TAA	861	5967	37	897	True	True	True
138	gb|AY277255|+|66-927|ARO:3001089|SHV-31	ATGCGTTATATTCGCCTGTGTATTATCTCCCTGTTAGCCACCCTGCCGCTGGCG...TAA	861	(24) 5151- (884)	24	884	ATGCGTTATATTCGCCTGTGTATTATCTCCCTGTTAGCCACCCTGCCGCTGGCGGTACACGCCAGCCCGCAGCCGCTTGAGCAAATTAAACAAAGCGAAAGCCAGCTGTCGGGCCGCGTAGGCATGATAGAAATGGATCTGGCCAGCGGCCGCACGCTGACCGCCTGGCGCGCCGATGAACGCTTTCCCATGATGAGCACCTTTAAAGTAGTGCTCTGCGGCGCAGTGCTGGCGCGGGTGGATGCCGGTGACGAACAGCTGGAGCGAAAGATCCACTATCGCCAGCAGGATCTGGTGGACTACTCGCCGGTCAGCGAAAAACACCTTGCCGACGGCATGACGGTCGGCGAACTCTGCGCCGCCGCCATTACCATGAGCGATAACAGCGCCGCCAATCTGCTGCTGGCCACCGTCGGCGGCCCCGCAGGATTGACTGCCTTTTTGCGCCAGATCGGCGACAACGTCACCCGCCTTGACCGCTGGGAAACGGAACTGAATGAGGCGCTTCCCGGCGACGCCCGCGACACCACTACCCCGGCCAGCATGGCCGCGACCCTGCGCAAGCTGCTGACCAGCCAGCGTCTGAGCGCCCGTTCGCAACGGCAGCTGCTGCAGTGGATGGTGGACGATCGGGTCGCCGGACCGTTGATCCGCTCCGTGCTGCCGGCGGGCTGGTTTATCGCCGATAAGACCGGAGCTAGCAAGCGGGGTGCGCGCGGGATTGTCGCCCTGCTTGGCCCGAATAACAAAGCAGAGCGCATCGTGGTGATTTATCTGCGGGATACGCCGGCGAGCATGGCCGAGCGAAATCAGCAAATCGCCGGGATCGGCGCGGCGCTGATCGAGCACTGGCAACGCTAA	ATGCGTTATATTCGCCTGTGTATTATCTCCCTGTTAGCCACCCTGCCGCTGGCG...TAA	861	1000	999	999.0	999	999	ATGCGTTATATTCGCCTGTGTATTATCTCCCTGTTAGCCACCCTGCCGCTGGCG...TAA	861	5151	24	884	False	True	False
139	gb|AY288915|+|0-861|ARO:3001107|SHV-50	ATGCGTTATATTCGCCTGTGTATTATCTCCCTGTTAGCCACCCTGCCGCTGGCG...TAA	861	(24) 5151- (884)	24	884	ATGCGTTATATTCGCCTGTGTATTATCTCCCTGTTAGCCACCCTGCCGCTGGCGGTACACGCCAGCCCGCAGCCGCTTGAGCAAATTAAACAAAGCGAAAGCCAGCTGTCGGGCCGCGTAGGCATGATAGAAATGGATCTGGCCAGCGGCCGCACGCTGACCGCCTGGCGCGCCGATGAACGCTTTCCCATGATGAGCACCTTTAAAGTAGTGCTCTGCGGCGCAGTGCTGGCGCGGGTGGATGCCGGTGACGAACAGCTGGAGCGAAAGATCCACTATCGCCAGCAGGATCTGGTGGACTACTCGCCGGTCAGCGAAAAACACCTTGCCGACGGCATGACGGTCGGCGAACTCTGCGCCGCCGCCATTACCATGAGCGATAACAGCGCCGCCAATCTGCTGCTGGCCACCGTCGGCGGCCCCGCAGGATTGACTGCCTTTTTGCGCCAGATCGGCGACAACGTCACCCGCCTTGACCGCTGGGAAACGGAACTGAATGAGGCGCTTCCCGGCGACGCCCGCGACACCACTACCCCGGCCAGCATGGCCGCGACCCTGCGCAAGCTGCTGACCAGCCAGCGTCTGAGCGCCCGTTCGCAACGGCAGCTGCTGCAGTGGATGGTGGACGATCGGGTCGCCGGACCGTTGATCCGCTCCGTGCTGCCGGCGGGCTGGTTTATCGCCGATAAGACCGGAGCTAGCAAGCGGGGTGCGCGCGGGATTGTCGCCCTGCTTGGCCCGAATAACAAAGCAGAGCGCATCGTGGTGATTTATCTGCGGGATACGCCGGCGAGCATGGCCGAGCGAAATCAGCAAATCGCCGGGATCGGCGCGGCGCTGATCGAGCACTGGCAACGCTAA	ATGCGTTATATTCGCCTGTGTATTATCTCCCTGTTAGCCACCCTGCCGCTGGCG...TAA	861	24	884	861.0	5151-	ATGCGTTATATTCGCCTGTGTATTATCTCCCTGTTAGCCACCCTGCCGCTGGCGGTACACGCCAGCCCGCAGCCGCTTGAGCAAATTAAACAAAGCGAAAGCCAGCTGTCGGGCCGCGTAGGCATGATAGAAATGGATCTGGCCAGCGGCCGCACGCTGACCGCCTGGCGCGCCGATGAACGCTTTCCCATGATGAGCACCTTTAAAGTAGTGCTCTGCGGCGCAGTGCTGGCGCGGGTGGATGCCGGTGACGAACAGCTGGAGCGAAAGATCCACTATCGCCAGCAGGATCTGGTGGACTACTCGCCGGTCAGCGAAAAACACCTTGCCGACGGCATGACGGTCGGCGAACTCTGCGCCGCCGCCATTACCATGAGCGATAACAGCGCCGCCAATCTGCTGCTGGCCACCGTCGGCGGCCCCGCAGGATTGACTGCCTTTTTGCGCCAGATCGGCGACAACGTCACCCGCCTTGACCGCTGGGAAACGGAACTGAATGAGGCGCTTCCCGGCGACGCCCGCGACACCACTACCCCGGCCAGCATGGCCGCGACCCTGCGCAAGCTGCTGACCAGCCAGCGTCTGAGCGCCCGTTCGCAACGGCAGCTGCTGCAGTGGATGGTGGACGATCGGGTCGCCGGACCGTTGATCCGCTCCGTGCTGCCGGCGGGCTGGTTTATCGCCGATAAGACCGGAGCTAGCAAGCGGGGTGCGCGCGGGATTGTCGCCCTGCTTGGCCCGAATAACAAAGCAGAGCGCATCGTGGTGATTTATCTGCGGGATACGCCGGCGAGCATGGCCGAGCGAAATCAGCAAATCGCCGGGATCGGCGCGGCGCTGATCGAGCACTGGCAACGCTAA	ATGCGTTATATTCGCCTGTGTATTATCTCCCTGTTAGCCACCCTGCCGCTGGCG...TAA	861	5151	24	884	True	True	True
140	gb|AY289548|+|0-861|ARO:3001108|SHV-51	ATGCGTTATATTCGCCTGTGTATTATCTCCCTGTTAGCCACCCTGCCGCTGGCG...TAA	861	(24) 5151- (884)	24	884	ATGCGTTATATTCGCCTGTGTATTATCTCCCTGTTAGCCACCCTGCCGCTGGCGGTACACGCCAGCCCGCAGCCGCTTGAGCAAATTAAACAAAGCGAAAGCCAGCTGTCGGGCCGCGTAGGCATGATAGAAATGGATCTGGCCAGCGGCCGCACGCTGACCGCCTGGCGCGCCGATGAACGCTTTCCCATGATGAGCACCTTTAAAGTAGTGCTCTGCGGCGCAGTGCTGGCGCGGGTGGATGCCGGTGACGAACAGCTGGAGCGAAAGATCCACTATCGCCAGCAGGATCTGGTGGACTACTCGCCGGTCAGCGAAAAACACCTTGCCGACGGCATGACGGTCGGCGAACTCTGCGCCGCCGCCATTACCATGAGCGATAACAGCGCCGCCAATCTGCTGCTGGCCACCGTCGGCGGCCCCGCAGGATTGACTGCCTTTTTGCGCCAGATCGGCGACAACGTCACCCGCCTTGACCGCTGGGAAACGGAACTGAATGAGGCGCTTCCCGGCGACGCCCGCGACACCACTACCCCGGCCAGCATGGCCGCGACCCTGCGCAAGCTGCTGACCAGCCAGCGTCTGAGCGCCCGTTCGCAACGGCAGCTGCTGCAGTGGATGGTGGACGATCGGGTCGCCGGACCGTTGATCCGCTCCGTGCTGCCGGCGGGCTGGTTTATCGCCGATAAGACCGGAGCTAGCAAGCGGGGTGCGCGCGGGATTGTCGCCCTGCTTGGCCCGAATAACAAAGCAGAGCGCATCGTGGTGATTTATCTGCGGGATACGCCGGCGAGCATGGCCGAGCGAAATCAGCAAATCGCCGGGATCGGCGCGGCGCTGATCGAGCACTGGCAACGCTAA	ATGCGTTATATTCGCCTGTGTATTATCTCCCTGTTAGCCACCCTGCCGCTGGCG...TAA	861	24	884	861.0	5151-	ATGCGTTATATTCGCCTGTGTATTATCTCCCTGTTAGCCACCCTGCCGCTGGCGGTACACGCCAGCCCGCAGCCGCTTGAGCAAATTAAACAAAGCGAAAGCCAGCTGTCGGGCCGCGTAGGCATGATAGAAATGGATCTGGCCAGCGGCCGCACGCTGACCGCCTGGCGCGCCGATGAACGCTTTCCCATGATGAGCACCTTTAAAGTAGTGCTCTGCGGCGCAGTGCTGGCGCGGGTGGATGCCGGTGACGAACAGCTGGAGCGAAAGATCCACTATCGCCAGCAGGATCTGGTGGACTACTCGCCGGTCAGCGAAAAACACCTTGCCGACGGCATGACGGTCGGCGAACTCTGCGCCGCCGCCATTACCATGAGCGATAACAGCGCCGCCAATCTGCTGCTGGCCACCGTCGGCGGCCCCGCAGGATTGACTGCCTTTTTGCGCCAGATCGGCGACAACGTCACCCGCCTTGACCGCTGGGAAACGGAACTGAATGAGGCGCTTCCCGGCGACGCCCGCGACACCACTACCCCGGCCAGCATGGCCGCGACCCTGCGCAAGCTGCTGACCAGCCAGCGTCTGAGCGCCCGTTCGCAACGGCAGCTGCTGCAGTGGATGGTGGACGATCGGGTCGCCGGACCGTTGATCCGCTCCGTGCTGCCGGCGGGCTGGTTTATCGCCGATAAGACCGGAGCTAGCAAGCGGGGTGCGCGCGGGATTGTCGCCCTGCTTGGCCCGAATAACAAAGCAGAGCGCATCGTGGTGATTTATCTGCGGGATACGCCGGCGAGCATGGCCGAGCGAAATCAGCAAATCGCCGGGATCGGCGCGGCGCTGATCGAGCACTGGCAACGCTAA	ATGCGTTATATTCGCCTGTGTATTATCTCCCTGTTAGCCACCCTGCCGCTGGCG...TAA	861	5151	24	884	True	True	True
141	gb|AY307100|+|0-861|ARO:3000984|TEM-122	ATGAGTATTCAACATTTCCGTGTCGCCCTTATTCCCTTTTTTGCGGCATTTTGC...TAA	861	(37) 5967+ (897)	37	897	ATGAGTATTCAACATTTCCGTGTCGCCCTTATTCCCTTTTTTGCGGCATTTTGCCTTCCTGTTTTTGCTCACCCAGAAACGCTGGTGAAAGTAAAAGATGCTGAAGATCAGTTGGGTGCACGAGTGGGTTACATCGAACTGGATCTCAACAGCGGTAAGATCCTTGAGAGTTTTCGCCCCGAAGAACGTTTTCCAATGATGAGCACTTTTAAAGTTCTGCTATGTGGTGCGGTATTATCCCGTGTTGACGCCGGGCAAGAGCAACTCGGTCGCCGCATACACTATTCTCAGAATGACTTGGTTGAGTACTCACCAGTCACAGAAAAGCATCTTACGGATGGCATGACAGTAAGAGAATTATGCAGTGCTGCCATAACCATGAGTGATAACACTGCTGCCAACTTACTTCTGACAACGATCGGAGGACCGAAGGAGCTAACCGCTTTTTTGCACAACATGGGGGATCATGTAACTCGCCTTGATCGTTGGGAACCGGAGCTGAATGAAGCCATACCAAACGACGAGCGTGACACCACGATGCCTGCAGCAATGGCAACAACGTTGCGCAAACTATTAACTGGCGAACTACTTACTCTAGCTTCCCGGCAACAATTAATAGACTGGATGGAGGCGGATAAAGTTGCAGGACCACTTCTGCGCTCGGCCCTTCCGGCTGGCTGGTTTATTGCTGATAAATCTGGAGCCGGTGAGCGTGGGTCTCGCGGTATCATTGCAGCACTGGGGCCAGATGGTAAGCCCTCCCGTATCGTAGTTATCTACACGACGGGGAGTCAGGCAACTATGGATGAACGAAATAGACAGATCGCTGAGATAGGTGCCTCACTGATTAAGCATTGGTAA	ATGAGTATTCAACATTTCCGTGTCGCCCTTATTCCCTTTTTTGCGGCATTTTGC...TAA	861	37	897	861.0	5967+	ATGAGTATTCAACATTTCCGTGTCGCCCTTATTCCCTTTTTTGCGGCATTTTGCCTTCCTGTTTTTGCTCACCCAGAAACGCTGGTGAAAGTAAAAGATGCTGAAGATCAGTTGGGTGCACGAGTGGGTTACATCGAACTGGATCTCAACAGCGGTAAGATCCTTGAGAGTTTTCGCCCCGAAGAACGTTTTCCAATGATGAGCACTTTTAAAGTTCTGCTATGTGGTGCGGTATTATCCCGTGTTGACGCCGGGCAAGAGCAACTCGGTCGCCGCATACACTATTCTCAGAATGACTTGGTTGAGTACTCACCAGTCACAGAAAAGCATCTTACGGATGGCATGACAGTAAGAGAATTATGCAGTGCTGCCATAACCATGAGTGATAACACTGCTGCCAACTTACTTCTGACAACGATCGGAGGACCGAAGGAGCTAACCGCTTTTTTGCACAACATGGGGGATCATGTAACTCGCCTTGATCGTTGGGAACCGGAGCTGAATGAAGCCATACCAAACGACGAGCGTGACACCACGATGCCTGCAGCAATGGCAACAACGTTGCGCAAACTATTAACTGGCGAACTACTTACTCTAGCTTCCCGGCAACAATTAATAGACTGGATGGAGGCGGATAAAGTTGCAGGACCACTTCTGCGCTCGGCCCTTCCGGCTGGCTGGTTTATTGCTGATAAATCTGGAGCCGGTGAGCGTGGGTCTCGCGGTATCATTGCAGCACTGGGGCCAGATGGTAAGCCCTCCCGTATCGTAGTTATCTACACGACGGGGAGTCAGGCAACTATGGATGAACGAAATAGACAGATCGCTGAGATAGGTGCCTCACTGATTAAGCATTGGTAA	ATGAGTATTCAACATTTCCGTGTCGCCCTTATTCCCTTTTTTGCGGCATTTTGC...TAA	861	5967	37	897	True	True	True
142	gb|AY327539|+|0-858|ARO:3000985|TEM-123	ATGAGTATTAAACATTTCCGTGTCGCCCTTATTCCCTTTTTTGCGGCATTTTGC...TAA	858	(37) 5967+ (897)	37	897	ATGAGTATTCAACATTTCCGTGTCGCCCTTATTCCCTTTTTTGCGGCATTTTGCCTTCCTGTTTTTGCTCACCCAGAAACGCTGGTGAAAGTAAAAGATGCTGAAGATCAGTTGGGTGCACGAGTGGGTTACATCGAACTGGATCTCAACAGCGGTAAGATCCTTGAGAGTTTTCGCCCCGAAGAACGTTTTCCAATGATGAGCACTTTTAAAGTTCTGCTATGTGGTGCGGTATTATCCCGTGTTGACGCCGGGCAAGAGCAACTCGGTCGCCGCATACACTATTCTCAGAATGACTTGGTTGAGTACTCACCAGTCACAGAAAAGCATCTTACGGATGGCATGACAGTAAGAGAATTATGCAGTGCTGCCATAACCATGAGTGATAACACTGCTGCCAACTTACTTCTGACAACGATCGGAGGACCGAAGGAGCTAACCGCTTTTTTGCACAACATGGGGGATCATGTAACTCGCCTTGATCGTTGGGAACCGGAGCTGAATGAAGCCATACCAAACGACGAGCGTGACACCACGATGCCTGCAGCAATGGCAACAACGTTGCGCAAACTATTAACTGGCGAACTACTTACTCTAGCTTCCCGGCAACAATTAATAGACTGGATGGAGGCGGATAAAGTTGCAGGACCACTTCTGCGCTCGGCCCTTCCGGCTGGCTGGTTTATTGCTGATAAATCTGGAGCCGGTGAGCGTGGGTCTCGCGGTATCATTGCAGCACTGGGGCCAGATGGTAAGCCCTCCCGTATCGTAGTTATCTACACGACGGGGAGTCAGGCAACTATGGATGAACGAAATAGACAGATCGCTGAGATAGGTGCCTCACTGATTAAGCATTGGTAA	ATGAGTATTAAACATTTCCGTGTCGCCCTTATTCCCTTTTTTGCGGCATTTTGC...TAA	858	37	897	858.0	5967+	ATGAGTATTCAACATTTCCGTGTCGCCCTTATTCCCTTTTTTGCGGCATTTTGCCTTCCTGTTTTTGCTCACCCAGAAACGCTGGTGAAAGTAAAAGATGCTGAAGATCAGTTGGGTGCACGAGTGGGTTACATCGAACTGGATCTCAACAGCGGTAAGATCCTTGAGAGTTTTCGCCCCGAAGAACGTTTTCCAATGATGAGCACTTTTAAAGTTCTGCTATGTGGTGCGGTATTATCCCGTGTTGACGCCGGGCAAGAGCAACTCGGTCGCCGCATACACTATTCTCAGAATGACTTGGTTGAGTACTCACCAGTCACAGAAAAGCATCTTACGGATGGCATGACAGTAAGAGAATTATGCAGTGCTGCCATAACCATGAGTGATAACACTGCTGCCAACTTACTTCTGACAACGATCGGAGGACCGAAGGAGCTAACCGCTTTTTTGCACAACATGGGGGATCATGTAACTCGCCTTGATCGTTGGGAACCGGAGCTGAATGAAGCCATACCAAACGACGAGCGTGACACCACGATGCCTGCAGCAATGGCAACAACGTTGCGCAAACTATTAACTGGCGAACTACTTACTCTAGCTTCCCGGCAACAATTAATAGACTGGATGGAGGCGGATAAAGTTGCAGGACCACTTCTGCGCTCGGCCCTTCCGGCTGGCTGGTTTATTGCTGATAAATCTGGAGCCGGTGAGCGTGGGTCTCGCGGTATCATTGCAGCACTGGGGCCAGATGGTAAGCCCTCCCGTATCGTAGTTATCTACACGACGGGGAGTCAGGCAACTATGGATGAACGAAATAGACAGATCGCTGAGATAGGTGCCTCACTGATTAAGCATTGGTAA	ATGAGTATTAAACATTTCCGTGTCGCCCTTATTCCCTTTTTTGCGGCATTTTGC...TAA	858	5967	37	897	True	True	True
143	gb|AY327540|+|0-858|ARO:3000986|TEM-124	ATGAGTATTAAACATTTTCGTGTCGCCCTTATTCCCTTTTTTGCGGCATTTTGC...TAA	858	(37) 5967+ (897)	37	897	ATGAGTATTCAACATTTCCGTGTCGCCCTTATTCCCTTTTTTGCGGCATTTTGCCTTCCTGTTTTTGCTCACCCAGAAACGCTGGTGAAAGTAAAAGATGCTGAAGATCAGTTGGGTGCACGAGTGGGTTACATCGAACTGGATCTCAACAGCGGTAAGATCCTTGAGAGTTTTCGCCCCGAAGAACGTTTTCCAATGATGAGCACTTTTAAAGTTCTGCTATGTGGTGCGGTATTATCCCGTGTTGACGCCGGGCAAGAGCAACTCGGTCGCCGCATACACTATTCTCAGAATGACTTGGTTGAGTACTCACCAGTCACAGAAAAGCATCTTACGGATGGCATGACAGTAAGAGAATTATGCAGTGCTGCCATAACCATGAGTGATAACACTGCTGCCAACTTACTTCTGACAACGATCGGAGGACCGAAGGAGCTAACCGCTTTTTTGCACAACATGGGGGATCATGTAACTCGCCTTGATCGTTGGGAACCGGAGCTGAATGAAGCCATACCAAACGACGAGCGTGACACCACGATGCCTGCAGCAATGGCAACAACGTTGCGCAAACTATTAACTGGCGAACTACTTACTCTAGCTTCCCGGCAACAATTAATAGACTGGATGGAGGCGGATAAAGTTGCAGGACCACTTCTGCGCTCGGCCCTTCCGGCTGGCTGGTTTATTGCTGATAAATCTGGAGCCGGTGAGCGTGGGTCTCGCGGTATCATTGCAGCACTGGGGCCAGATGGTAAGCCCTCCCGTATCGTAGTTATCTACACGACGGGGAGTCAGGCAACTATGGATGAACGAAATAGACAGATCGCTGAGATAGGTGCCTCACTGATTAAGCATTGGTAA	ATGAGTATTAAACATTTTCGTGTCGCCCTTATTCCCTTTTTTGCGGCATTTTGC...TAA	858	37	897	858.0	5967+	ATGAGTATTCAACATTTCCGTGTCGCCCTTATTCCCTTTTTTGCGGCATTTTGCCTTCCTGTTTTTGCTCACCCAGAAACGCTGGTGAAAGTAAAAGATGCTGAAGATCAGTTGGGTGCACGAGTGGGTTACATCGAACTGGATCTCAACAGCGGTAAGATCCTTGAGAGTTTTCGCCCCGAAGAACGTTTTCCAATGATGAGCACTTTTAAAGTTCTGCTATGTGGTGCGGTATTATCCCGTGTTGACGCCGGGCAAGAGCAACTCGGTCGCCGCATACACTATTCTCAGAATGACTTGGTTGAGTACTCACCAGTCACAGAAAAGCATCTTACGGATGGCATGACAGTAAGAGAATTATGCAGTGCTGCCATAACCATGAGTGATAACACTGCTGCCAACTTACTTCTGACAACGATCGGAGGACCGAAGGAGCTAACCGCTTTTTTGCACAACATGGGGGATCATGTAACTCGCCTTGATCGTTGGGAACCGGAGCTGAATGAAGCCATACCAAACGACGAGCGTGACACCACGATGCCTGCAGCAATGGCAACAACGTTGCGCAAACTATTAACTGGCGAACTACTTACTCTAGCTTCCCGGCAACAATTAATAGACTGGATGGAGGCGGATAAAGTTGCAGGACCACTTCTGCGCTCGGCCCTTCCGGCTGGCTGGTTTATTGCTGATAAATCTGGAGCCGGTGAGCGTGGGTCTCGCGGTATCATTGCAGCACTGGGGCCAGATGGTAAGCCCTCCCGTATCGTAGTTATCTACACGACGGGGAGTCAGGCAACTATGGATGAACGAAATAGACAGATCGCTGAGATAGGTGCCTCACTGATTAAGCATTGGTAA	ATGAGTATTAAACATTTTCGTGTCGCCCTTATTCCCTTTTTTGCGGCATTTTGC...TAA	858	5967	37	897	True	True	True
144	gb|AY368236|+|0-861|ARO:3000989|TEM-127	ATGAGTATTCAACATTTTCGTGTCGCCCTTATTCCCTTTTTTGCGGCATTTTGC...TAA	861	(37) 5967+ (897)	37	897	ATGAGTATTCAACATTTCCGTGTCGCCCTTATTCCCTTTTTTGCGGCATTTTGCCTTCCTGTTTTTGCTCACCCAGAAACGCTGGTGAAAGTAAAAGATGCTGAAGATCAGTTGGGTGCACGAGTGGGTTACATCGAACTGGATCTCAACAGCGGTAAGATCCTTGAGAGTTTTCGCCCCGAAGAACGTTTTCCAATGATGAGCACTTTTAAAGTTCTGCTATGTGGTGCGGTATTATCCCGTGTTGACGCCGGGCAAGAGCAACTCGGTCGCCGCATACACTATTCTCAGAATGACTTGGTTGAGTACTCACCAGTCACAGAAAAGCATCTTACGGATGGCATGACAGTAAGAGAATTATGCAGTGCTGCCATAACCATGAGTGATAACACTGCTGCCAACTTACTTCTGACAACGATCGGAGGACCGAAGGAGCTAACCGCTTTTTTGCACAACATGGGGGATCATGTAACTCGCCTTGATCGTTGGGAACCGGAGCTGAATGAAGCCATACCAAACGACGAGCGTGACACCACGATGCCTGCAGCAATGGCAACAACGTTGCGCAAACTATTAACTGGCGAACTACTTACTCTAGCTTCCCGGCAACAATTAATAGACTGGATGGAGGCGGATAAAGTTGCAGGACCACTTCTGCGCTCGGCCCTTCCGGCTGGCTGGTTTATTGCTGATAAATCTGGAGCCGGTGAGCGTGGGTCTCGCGGTATCATTGCAGCACTGGGGCCAGATGGTAAGCCCTCCCGTATCGTAGTTATCTACACGACGGGGAGTCAGGCAACTATGGATGAACGAAATAGACAGATCGCTGAGATAGGTGCCTCACTGATTAAGCATTGGTAA	ATGAGTATTCAACATTTTCGTGTCGCCCTTATTCCCTTTTTTGCGGCATTTTGC...TAA	861	37	897	861.0	5967+	ATGAGTATTCAACATTTCCGTGTCGCCCTTATTCCCTTTTTTGCGGCATTTTGCCTTCCTGTTTTTGCTCACCCAGAAACGCTGGTGAAAGTAAAAGATGCTGAAGATCAGTTGGGTGCACGAGTGGGTTACATCGAACTGGATCTCAACAGCGGTAAGATCCTTGAGAGTTTTCGCCCCGAAGAACGTTTTCCAATGATGAGCACTTTTAAAGTTCTGCTATGTGGTGCGGTATTATCCCGTGTTGACGCCGGGCAAGAGCAACTCGGTCGCCGCATACACTATTCTCAGAATGACTTGGTTGAGTACTCACCAGTCACAGAAAAGCATCTTACGGATGGCATGACAGTAAGAGAATTATGCAGTGCTGCCATAACCATGAGTGATAACACTGCTGCCAACTTACTTCTGACAACGATCGGAGGACCGAAGGAGCTAACCGCTTTTTTGCACAACATGGGGGATCATGTAACTCGCCTTGATCGTTGGGAACCGGAGCTGAATGAAGCCATACCAAACGACGAGCGTGACACCACGATGCCTGCAGCAATGGCAACAACGTTGCGCAAACTATTAACTGGCGAACTACTTACTCTAGCTTCCCGGCAACAATTAATAGACTGGATGGAGGCGGATAAAGTTGCAGGACCACTTCTGCGCTCGGCCCTTCCGGCTGGCTGGTTTATTGCTGATAAATCTGGAGCCGGTGAGCGTGGGTCTCGCGGTATCATTGCAGCACTGGGGCCAGATGGTAAGCCCTCCCGTATCGTAGTTATCTACACGACGGGGAGTCAGGCAACTATGGATGAACGAAATAGACAGATCGCTGAGATAGGTGCCTCACTGATTAAGCATTGGTAA	ATGAGTATTCAACATTTTCGTGTCGCCCTTATTCCCTTTTTTGCGGCATTTTGC...TAA	861	5967	37	897	True	True	True
145	gb|AY368237|+|0-861|ARO:3000990|TEM-128	ATGAGTATTCAACATTTTCGTGTCGCCCTTATTCCCTTTTTTGCGGCATTTTGC...TAA	861	(37) 5967+ (897)	37	897	ATGAGTATTCAACATTTCCGTGTCGCCCTTATTCCCTTTTTTGCGGCATTTTGCCTTCCTGTTTTTGCTCACCCAGAAACGCTGGTGAAAGTAAAAGATGCTGAAGATCAGTTGGGTGCACGAGTGGGTTACATCGAACTGGATCTCAACAGCGGTAAGATCCTTGAGAGTTTTCGCCCCGAAGAACGTTTTCCAATGATGAGCACTTTTAAAGTTCTGCTATGTGGTGCGGTATTATCCCGTGTTGACGCCGGGCAAGAGCAACTCGGTCGCCGCATACACTATTCTCAGAATGACTTGGTTGAGTACTCACCAGTCACAGAAAAGCATCTTACGGATGGCATGACAGTAAGAGAATTATGCAGTGCTGCCATAACCATGAGTGATAACACTGCTGCCAACTTACTTCTGACAACGATCGGAGGACCGAAGGAGCTAACCGCTTTTTTGCACAACATGGGGGATCATGTAACTCGCCTTGATCGTTGGGAACCGGAGCTGAATGAAGCCATACCAAACGACGAGCGTGACACCACGATGCCTGCAGCAATGGCAACAACGTTGCGCAAACTATTAACTGGCGAACTACTTACTCTAGCTTCCCGGCAACAATTAATAGACTGGATGGAGGCGGATAAAGTTGCAGGACCACTTCTGCGCTCGGCCCTTCCGGCTGGCTGGTTTATTGCTGATAAATCTGGAGCCGGTGAGCGTGGGTCTCGCGGTATCATTGCAGCACTGGGGCCAGATGGTAAGCCCTCCCGTATCGTAGTTATCTACACGACGGGGAGTCAGGCAACTATGGATGAACGAAATAGACAGATCGCTGAGATAGGTGCCTCACTGATTAAGCATTGGTAA	ATGAGTATTCAACATTTTCGTGTCGCCCTTATTCCCTTTTTTGCGGCATTTTGC...TAA	861	37	897	861.0	5967+	ATGAGTATTCAACATTTCCGTGTCGCCCTTATTCCCTTTTTTGCGGCATTTTGCCTTCCTGTTTTTGCTCACCCAGAAACGCTGGTGAAAGTAAAAGATGCTGAAGATCAGTTGGGTGCACGAGTGGGTTACATCGAACTGGATCTCAACAGCGGTAAGATCCTTGAGAGTTTTCGCCCCGAAGAACGTTTTCCAATGATGAGCACTTTTAAAGTTCTGCTATGTGGTGCGGTATTATCCCGTGTTGACGCCGGGCAAGAGCAACTCGGTCGCCGCATACACTATTCTCAGAATGACTTGGTTGAGTACTCACCAGTCACAGAAAAGCATCTTACGGATGGCATGACAGTAAGAGAATTATGCAGTGCTGCCATAACCATGAGTGATAACACTGCTGCCAACTTACTTCTGACAACGATCGGAGGACCGAAGGAGCTAACCGCTTTTTTGCACAACATGGGGGATCATGTAACTCGCCTTGATCGTTGGGAACCGGAGCTGAATGAAGCCATACCAAACGACGAGCGTGACACCACGATGCCTGCAGCAATGGCAACAACGTTGCGCAAACTATTAACTGGCGAACTACTTACTCTAGCTTCCCGGCAACAATTAATAGACTGGATGGAGGCGGATAAAGTTGCAGGACCACTTCTGCGCTCGGCCCTTCCGGCTGGCTGGTTTATTGCTGATAAATCTGGAGCCGGTGAGCGTGGGTCTCGCGGTATCATTGCAGCACTGGGGCCAGATGGTAAGCCCTCCCGTATCGTAGTTATCTACACGACGGGGAGTCAGGCAACTATGGATGAACGAAATAGACAGATCGCTGAGATAGGTGCCTCACTGATTAAGCATTGGTAA	ATGAGTATTCAACATTTTCGTGTCGCCCTTATTCCCTTTTTTGCGGCATTTTGC...TAA	861	5967	37	897	True	True	True
146	gb|AY436361|+|131-992|ARO:3000995|TEM-131	ATGAGTATTCAACATTTCCGTGTCGCCCTTATTCCCTTTTTTGCGGCATTTTGC...TAA	861	(37) 5967+ (897)	37	897	ATGAGTATTCAACATTTCCGTGTCGCCCTTATTCCCTTTTTTGCGGCATTTTGCCTTCCTGTTTTTGCTCACCCAGAAACGCTGGTGAAAGTAAAAGATGCTGAAGATCAGTTGGGTGCACGAGTGGGTTACATCGAACTGGATCTCAACAGCGGTAAGATCCTTGAGAGTTTTCGCCCCGAAGAACGTTTTCCAATGATGAGCACTTTTAAAGTTCTGCTATGTGGTGCGGTATTATCCCGTGTTGACGCCGGGCAAGAGCAACTCGGTCGCCGCATACACTATTCTCAGAATGACTTGGTTGAGTACTCACCAGTCACAGAAAAGCATCTTACGGATGGCATGACAGTAAGAGAATTATGCAGTGCTGCCATAACCATGAGTGATAACACTGCTGCCAACTTACTTCTGACAACGATCGGAGGACCGAAGGAGCTAACCGCTTTTTTGCACAACATGGGGGATCATGTAACTCGCCTTGATCGTTGGGAACCGGAGCTGAATGAAGCCATACCAAACGACGAGCGTGACACCACGATGCCTGCAGCAATGGCAACAACGTTGCGCAAACTATTAACTGGCGAACTACTTACTCTAGCTTCCCGGCAACAATTAATAGACTGGATGGAGGCGGATAAAGTTGCAGGACCACTTCTGCGCTCGGCCCTTCCGGCTGGCTGGTTTATTGCTGATAAATCTGGAGCCGGTGAGCGTGGGTCTCGCGGTATCATTGCAGCACTGGGGCCAGATGGTAAGCCCTCCCGTATCGTAGTTATCTACACGACGGGGAGTCAGGCAACTATGGATGAACGAAATAGACAGATCGCTGAGATAGGTGCCTCACTGATTAAGCATTGGTAA	ATGAGTATTCAACATTTCCGTGTCGCCCTTATTCCCTTTTTTGCGGCATTTTGC...TAA	861	1000	999	999.0	999	999	ATGAGTATTCAACATTTCCGTGTCGCCCTTATTCCCTTTTTTGCGGCATTTTGC...TAA	861	5967	37	897	False	True	False
147	gb|AY491682|+|0-861|ARO:3000996|TEM-132	ATGAGTATTCAACATTTTCGTGTCGCCCTTATTCCCTTTTTTGCGGCATTTTGC...TAA	861	(37) 5967+ (897)	37	897	ATGAGTATTCAACATTTCCGTGTCGCCCTTATTCCCTTTTTTGCGGCATTTTGCCTTCCTGTTTTTGCTCACCCAGAAACGCTGGTGAAAGTAAAAGATGCTGAAGATCAGTTGGGTGCACGAGTGGGTTACATCGAACTGGATCTCAACAGCGGTAAGATCCTTGAGAGTTTTCGCCCCGAAGAACGTTTTCCAATGATGAGCACTTTTAAAGTTCTGCTATGTGGTGCGGTATTATCCCGTGTTGACGCCGGGCAAGAGCAACTCGGTCGCCGCATACACTATTCTCAGAATGACTTGGTTGAGTACTCACCAGTCACAGAAAAGCATCTTACGGATGGCATGACAGTAAGAGAATTATGCAGTGCTGCCATAACCATGAGTGATAACACTGCTGCCAACTTACTTCTGACAACGATCGGAGGACCGAAGGAGCTAACCGCTTTTTTGCACAACATGGGGGATCATGTAACTCGCCTTGATCGTTGGGAACCGGAGCTGAATGAAGCCATACCAAACGACGAGCGTGACACCACGATGCCTGCAGCAATGGCAACAACGTTGCGCAAACTATTAACTGGCGAACTACTTACTCTAGCTTCCCGGCAACAATTAATAGACTGGATGGAGGCGGATAAAGTTGCAGGACCACTTCTGCGCTCGGCCCTTCCGGCTGGCTGGTTTATTGCTGATAAATCTGGAGCCGGTGAGCGTGGGTCTCGCGGTATCATTGCAGCACTGGGGCCAGATGGTAAGCCCTCCCGTATCGTAGTTATCTACACGACGGGGAGTCAGGCAACTATGGATGAACGAAATAGACAGATCGCTGAGATAGGTGCCTCACTGATTAAGCATTGGTAA	ATGAGTATTCAACATTTTCGTGTCGCCCTTATTCCCTTTTTTGCGGCATTTTGC...TAA	861	1000	999	999.0	999	999	ATGAGTATTCAACATTTTCGTGTCGCCCTTATTCCCTTTTTTGCGGCATTTTGC...TAA	861	5967	37	897	False	True	False
148	gb|AY528425|+|0-861|ARO:3000997|TEM-133	ATGAGTATTCAACATTTCCGTGTCGCCCTTATTCCCTTTTTTGCGGCATTTTGC...TAA	861	(37) 5967+ (897)	37	897	ATGAGTATTCAACATTTCCGTGTCGCCCTTATTCCCTTTTTTGCGGCATTTTGCCTTCCTGTTTTTGCTCACCCAGAAACGCTGGTGAAAGTAAAAGATGCTGAAGATCAGTTGGGTGCACGAGTGGGTTACATCGAACTGGATCTCAACAGCGGTAAGATCCTTGAGAGTTTTCGCCCCGAAGAACGTTTTCCAATGATGAGCACTTTTAAAGTTCTGCTATGTGGTGCGGTATTATCCCGTGTTGACGCCGGGCAAGAGCAACTCGGTCGCCGCATACACTATTCTCAGAATGACTTGGTTGAGTACTCACCAGTCACAGAAAAGCATCTTACGGATGGCATGACAGTAAGAGAATTATGCAGTGCTGCCATAACCATGAGTGATAACACTGCTGCCAACTTACTTCTGACAACGATCGGAGGACCGAAGGAGCTAACCGCTTTTTTGCACAACATGGGGGATCATGTAACTCGCCTTGATCGTTGGGAACCGGAGCTGAATGAAGCCATACCAAACGACGAGCGTGACACCACGATGCCTGCAGCAATGGCAACAACGTTGCGCAAACTATTAACTGGCGAACTACTTACTCTAGCTTCCCGGCAACAATTAATAGACTGGATGGAGGCGGATAAAGTTGCAGGACCACTTCTGCGCTCGGCCCTTCCGGCTGGCTGGTTTATTGCTGATAAATCTGGAGCCGGTGAGCGTGGGTCTCGCGGTATCATTGCAGCACTGGGGCCAGATGGTAAGCCCTCCCGTATCGTAGTTATCTACACGACGGGGAGTCAGGCAACTATGGATGAACGAAATAGACAGATCGCTGAGATAGGTGCCTCACTGATTAAGCATTGGTAA	ATGAGTATTCAACATTTCCGTGTCGCCCTTATTCCCTTTTTTGCGGCATTTTGC...TAA	861	1000	999	999.0	999	999	ATGAGTATTCAACATTTCCGTGTCGCCCTTATTCCCTTTTTTGCGGCATTTTGC...TAA	861	5967	37	897	False	True	False
149	gb|AY528718|+|413-1274|ARO:3001106|SHV-49	ATGCGTTATATTCGCCTGTGTATTATCTCCCTGTTAGCCACCCTGCCGCTGGCG...TAA	861	(24) 5151- (884)	24	884	ATGCGTTATATTCGCCTGTGTATTATCTCCCTGTTAGCCACCCTGCCGCTGGCGGTACACGCCAGCCCGCAGCCGCTTGAGCAAATTAAACAAAGCGAAAGCCAGCTGTCGGGCCGCGTAGGCATGATAGAAATGGATCTGGCCAGCGGCCGCACGCTGACCGCCTGGCGCGCCGATGAACGCTTTCCCATGATGAGCACCTTTAAAGTAGTGCTCTGCGGCGCAGTGCTGGCGCGGGTGGATGCCGGTGACGAACAGCTGGAGCGAAAGATCCACTATCGCCAGCAGGATCTGGTGGACTACTCGCCGGTCAGCGAAAAACACCTTGCCGACGGCATGACGGTCGGCGAACTCTGCGCCGCCGCCATTACCATGAGCGATAACAGCGCCGCCAATCTGCTGCTGGCCACCGTCGGCGGCCCCGCAGGATTGACTGCCTTTTTGCGCCAGATCGGCGACAACGTCACCCGCCTTGACCGCTGGGAAACGGAACTGAATGAGGCGCTTCCCGGCGACGCCCGCGACACCACTACCCCGGCCAGCATGGCCGCGACCCTGCGCAAGCTGCTGACCAGCCAGCGTCTGAGCGCCCGTTCGCAACGGCAGCTGCTGCAGTGGATGGTGGACGATCGGGTCGCCGGACCGTTGATCCGCTCCGTGCTGCCGGCGGGCTGGTTTATCGCCGATAAGACCGGAGCTAGCAAGCGGGGTGCGCGCGGGATTGTCGCCCTGCTTGGCCCGAATAACAAAGCAGAGCGCATCGTGGTGATTTATCTGCGGGATACGCCGGCGAGCATGGCCGAGCGAAATCAGCAAATCGCCGGGATCGGCGCGGCGCTGATCGAGCACTGGCAACGCTAA	ATGCGTTATATTCGCCTGTGTATTATCTCCCTGTTAGCCACCCTGCCGCTGGCG...TAA	861	24	884	861.0	5151-	ATGCGTTATATTCGCCTGTGTATTATCTCCCTGTTAGCCACCCTGCCGCTGGCGGTACACGCCAGCCCGCAGCCGCTTGAGCAAATTAAACAAAGCGAAAGCCAGCTGTCGGGCCGCGTAGGCATGATAGAAATGGATCTGGCCAGCGGCCGCACGCTGACCGCCTGGCGCGCCGATGAACGCTTTCCCATGATGAGCACCTTTAAAGTAGTGCTCTGCGGCGCAGTGCTGGCGCGGGTGGATGCCGGTGACGAACAGCTGGAGCGAAAGATCCACTATCGCCAGCAGGATCTGGTGGACTACTCGCCGGTCAGCGAAAAACACCTTGCCGACGGCATGACGGTCGGCGAACTCTGCGCCGCCGCCATTACCATGAGCGATAACAGCGCCGCCAATCTGCTGCTGGCCACCGTCGGCGGCCCCGCAGGATTGACTGCCTTTTTGCGCCAGATCGGCGACAACGTCACCCGCCTTGACCGCTGGGAAACGGAACTGAATGAGGCGCTTCCCGGCGACGCCCGCGACACCACTACCCCGGCCAGCATGGCCGCGACCCTGCGCAAGCTGCTGACCAGCCAGCGTCTGAGCGCCCGTTCGCAACGGCAGCTGCTGCAGTGGATGGTGGACGATCGGGTCGCCGGACCGTTGATCCGCTCCGTGCTGCCGGCGGGCTGGTTTATCGCCGATAAGACCGGAGCTAGCAAGCGGGGTGCGCGCGGGATTGTCGCCCTGCTTGGCCCGAATAACAAAGCAGAGCGCATCGTGGTGATTTATCTGCGGGATACGCCGGCGAGCATGGCCGAGCGAAATCAGCAAATCGCCGGGATCGGCGCGGCGCTGATCGAGCACTGGCAACGCTAA	ATGCGTTATATTCGCCTGTGTATTATCTCCCTGTTAGCCACCCTGCCGCTGGCG...TAA	861	5151	24	884	True	True	True
150	gb|AY574271|+|0-861|ARO:3000998|TEM-134	ATGAGTATTCAACATTTCCGTGTCGCCCTTATTCCCTTTTTTGCGGCATTTTGC...TAA	861	(37) 5967+ (897)	37	897	ATGAGTATTCAACATTTCCGTGTCGCCCTTATTCCCTTTTTTGCGGCATTTTGCCTTCCTGTTTTTGCTCACCCAGAAACGCTGGTGAAAGTAAAAGATGCTGAAGATCAGTTGGGTGCACGAGTGGGTTACATCGAACTGGATCTCAACAGCGGTAAGATCCTTGAGAGTTTTCGCCCCGAAGAACGTTTTCCAATGATGAGCACTTTTAAAGTTCTGCTATGTGGTGCGGTATTATCCCGTGTTGACGCCGGGCAAGAGCAACTCGGTCGCCGCATACACTATTCTCAGAATGACTTGGTTGAGTACTCACCAGTCACAGAAAAGCATCTTACGGATGGCATGACAGTAAGAGAATTATGCAGTGCTGCCATAACCATGAGTGATAACACTGCTGCCAACTTACTTCTGACAACGATCGGAGGACCGAAGGAGCTAACCGCTTTTTTGCACAACATGGGGGATCATGTAACTCGCCTTGATCGTTGGGAACCGGAGCTGAATGAAGCCATACCAAACGACGAGCGTGACACCACGATGCCTGCAGCAATGGCAACAACGTTGCGCAAACTATTAACTGGCGAACTACTTACTCTAGCTTCCCGGCAACAATTAATAGACTGGATGGAGGCGGATAAAGTTGCAGGACCACTTCTGCGCTCGGCCCTTCCGGCTGGCTGGTTTATTGCTGATAAATCTGGAGCCGGTGAGCGTGGGTCTCGCGGTATCATTGCAGCACTGGGGCCAGATGGTAAGCCCTCCCGTATCGTAGTTATCTACACGACGGGGAGTCAGGCAACTATGGATGAACGAAATAGACAGATCGCTGAGATAGGTGCCTCACTGATTAAGCATTGGTAA	ATGAGTATTCAACATTTCCGTGTCGCCCTTATTCCCTTTTTTGCGGCATTTTGC...TAA	861	1000	999	999.0	999	999	ATGAGTATTCAACATTTCCGTGTCGCCCTTATTCCCTTTTTTGCGGCATTTTGC...TAA	861	5967	37	897	False	True	False
151	gb|AY589493|+|166-1027|ARO:3000975|TEM-112	ATGAGTATTCAACATTTCCGTGTCGCCCTTATTCCCTTTTTTGCGGCATTTTGC...TAA	861	(37) 5967+ (897)	37	897	ATGAGTATTCAACATTTCCGTGTCGCCCTTATTCCCTTTTTTGCGGCATTTTGCCTTCCTGTTTTTGCTCACCCAGAAACGCTGGTGAAAGTAAAAGATGCTGAAGATCAGTTGGGTGCACGAGTGGGTTACATCGAACTGGATCTCAACAGCGGTAAGATCCTTGAGAGTTTTCGCCCCGAAGAACGTTTTCCAATGATGAGCACTTTTAAAGTTCTGCTATGTGGTGCGGTATTATCCCGTGTTGACGCCGGGCAAGAGCAACTCGGTCGCCGCATACACTATTCTCAGAATGACTTGGTTGAGTACTCACCAGTCACAGAAAAGCATCTTACGGATGGCATGACAGTAAGAGAATTATGCAGTGCTGCCATAACCATGAGTGATAACACTGCTGCCAACTTACTTCTGACAACGATCGGAGGACCGAAGGAGCTAACCGCTTTTTTGCACAACATGGGGGATCATGTAACTCGCCTTGATCGTTGGGAACCGGAGCTGAATGAAGCCATACCAAACGACGAGCGTGACACCACGATGCCTGCAGCAATGGCAACAACGTTGCGCAAACTATTAACTGGCGAACTACTTACTCTAGCTTCCCGGCAACAATTAATAGACTGGATGGAGGCGGATAAAGTTGCAGGACCACTTCTGCGCTCGGCCCTTCCGGCTGGCTGGTTTATTGCTGATAAATCTGGAGCCGGTGAGCGTGGGTCTCGCGGTATCATTGCAGCACTGGGGCCAGATGGTAAGCCCTCCCGTATCGTAGTTATCTACACGACGGGGAGTCAGGCAACTATGGATGAACGAAATAGACAGATCGCTGAGATAGGTGCCTCACTGATTAAGCATTGGTAA	ATGAGTATTCAACATTTCCGTGTCGCCCTTATTCCCTTTTTTGCGGCATTTTGC...TAA	861	37	897	861.0	5967+	ATGAGTATTCAACATTTCCGTGTCGCCCTTATTCCCTTTTTTGCGGCATTTTGCCTTCCTGTTTTTGCTCACCCAGAAACGCTGGTGAAAGTAAAAGATGCTGAAGATCAGTTGGGTGCACGAGTGGGTTACATCGAACTGGATCTCAACAGCGGTAAGATCCTTGAGAGTTTTCGCCCCGAAGAACGTTTTCCAATGATGAGCACTTTTAAAGTTCTGCTATGTGGTGCGGTATTATCCCGTGTTGACGCCGGGCAAGAGCAACTCGGTCGCCGCATACACTATTCTCAGAATGACTTGGTTGAGTACTCACCAGTCACAGAAAAGCATCTTACGGATGGCATGACAGTAAGAGAATTATGCAGTGCTGCCATAACCATGAGTGATAACACTGCTGCCAACTTACTTCTGACAACGATCGGAGGACCGAAGGAGCTAACCGCTTTTTTGCACAACATGGGGGATCATGTAACTCGCCTTGATCGTTGGGAACCGGAGCTGAATGAAGCCATACCAAACGACGAGCGTGACACCACGATGCCTGCAGCAATGGCAACAACGTTGCGCAAACTATTAACTGGCGAACTACTTACTCTAGCTTCCCGGCAACAATTAATAGACTGGATGGAGGCGGATAAAGTTGCAGGACCACTTCTGCGCTCGGCCCTTCCGGCTGGCTGGTTTATTGCTGATAAATCTGGAGCCGGTGAGCGTGGGTCTCGCGGTATCATTGCAGCACTGGGGCCAGATGGTAAGCCCTCCCGTATCGTAGTTATCTACACGACGGGGAGTCAGGCAACTATGGATGAACGAAATAGACAGATCGCTGAGATAGGTGCCTCACTGATTAAGCATTGGTAA	ATGAGTATTCAACATTTCCGTGTCGCCCTTATTCCCTTTTTTGCGGCATTTTGC...TAA	861	5967	37	897	True	True	True
152	gb|AY589494|+|193-1054|ARO:3000976|TEM-113	ATGAGTATTCAACATTTCCGTGTCGCCCTTATTCCCTTTTTTGCGGCATTTTGC...TAA	861	(37) 5967+ (897)	37	897	ATGAGTATTCAACATTTCCGTGTCGCCCTTATTCCCTTTTTTGCGGCATTTTGCCTTCCTGTTTTTGCTCACCCAGAAACGCTGGTGAAAGTAAAAGATGCTGAAGATCAGTTGGGTGCACGAGTGGGTTACATCGAACTGGATCTCAACAGCGGTAAGATCCTTGAGAGTTTTCGCCCCGAAGAACGTTTTCCAATGATGAGCACTTTTAAAGTTCTGCTATGTGGTGCGGTATTATCCCGTGTTGACGCCGGGCAAGAGCAACTCGGTCGCCGCATACACTATTCTCAGAATGACTTGGTTGAGTACTCACCAGTCACAGAAAAGCATCTTACGGATGGCATGACAGTAAGAGAATTATGCAGTGCTGCCATAACCATGAGTGATAACACTGCTGCCAACTTACTTCTGACAACGATCGGAGGACCGAAGGAGCTAACCGCTTTTTTGCACAACATGGGGGATCATGTAACTCGCCTTGATCGTTGGGAACCGGAGCTGAATGAAGCCATACCAAACGACGAGCGTGACACCACGATGCCTGCAGCAATGGCAACAACGTTGCGCAAACTATTAACTGGCGAACTACTTACTCTAGCTTCCCGGCAACAATTAATAGACTGGATGGAGGCGGATAAAGTTGCAGGACCACTTCTGCGCTCGGCCCTTCCGGCTGGCTGGTTTATTGCTGATAAATCTGGAGCCGGTGAGCGTGGGTCTCGCGGTATCATTGCAGCACTGGGGCCAGATGGTAAGCCCTCCCGTATCGTAGTTATCTACACGACGGGGAGTCAGGCAACTATGGATGAACGAAATAGACAGATCGCTGAGATAGGTGCCTCACTGATTAAGCATTGGTAA	ATGAGTATTCAACATTTCCGTGTCGCCCTTATTCCCTTTTTTGCGGCATTTTGC...TAA	861	37	897	861.0	5967+	ATGAGTATTCAACATTTCCGTGTCGCCCTTATTCCCTTTTTTGCGGCATTTTGCCTTCCTGTTTTTGCTCACCCAGAAACGCTGGTGAAAGTAAAAGATGCTGAAGATCAGTTGGGTGCACGAGTGGGTTACATCGAACTGGATCTCAACAGCGGTAAGATCCTTGAGAGTTTTCGCCCCGAAGAACGTTTTCCAATGATGAGCACTTTTAAAGTTCTGCTATGTGGTGCGGTATTATCCCGTGTTGACGCCGGGCAAGAGCAACTCGGTCGCCGCATACACTATTCTCAGAATGACTTGGTTGAGTACTCACCAGTCACAGAAAAGCATCTTACGGATGGCATGACAGTAAGAGAATTATGCAGTGCTGCCATAACCATGAGTGATAACACTGCTGCCAACTTACTTCTGACAACGATCGGAGGACCGAAGGAGCTAACCGCTTTTTTGCACAACATGGGGGATCATGTAACTCGCCTTGATCGTTGGGAACCGGAGCTGAATGAAGCCATACCAAACGACGAGCGTGACACCACGATGCCTGCAGCAATGGCAACAACGTTGCGCAAACTATTAACTGGCGAACTACTTACTCTAGCTTCCCGGCAACAATTAATAGACTGGATGGAGGCGGATAAAGTTGCAGGACCACTTCTGCGCTCGGCCCTTCCGGCTGGCTGGTTTATTGCTGATAAATCTGGAGCCGGTGAGCGTGGGTCTCGCGGTATCATTGCAGCACTGGGGCCAGATGGTAAGCCCTCCCGTATCGTAGTTATCTACACGACGGGGAGTCAGGCAACTATGGATGAACGAAATAGACAGATCGCTGAGATAGGTGCCTCACTGATTAAGCATTGGTAA	ATGAGTATTCAACATTTCCGTGTCGCCCTTATTCCCTTTTTTGCGGCATTTTGC...TAA	861	5967	37	897	True	True	True
153	gb|AY589495|+|181-1042|ARO:3000977|TEM-114	ATGAGTATTCAACATTTCCGTGTCGCCCTTATTCCCTTTTTTGCGGCATTTTGC...TAA	861	(37) 5967+ (897)	37	897	ATGAGTATTCAACATTTCCGTGTCGCCCTTATTCCCTTTTTTGCGGCATTTTGCCTTCCTGTTTTTGCTCACCCAGAAACGCTGGTGAAAGTAAAAGATGCTGAAGATCAGTTGGGTGCACGAGTGGGTTACATCGAACTGGATCTCAACAGCGGTAAGATCCTTGAGAGTTTTCGCCCCGAAGAACGTTTTCCAATGATGAGCACTTTTAAAGTTCTGCTATGTGGTGCGGTATTATCCCGTGTTGACGCCGGGCAAGAGCAACTCGGTCGCCGCATACACTATTCTCAGAATGACTTGGTTGAGTACTCACCAGTCACAGAAAAGCATCTTACGGATGGCATGACAGTAAGAGAATTATGCAGTGCTGCCATAACCATGAGTGATAACACTGCTGCCAACTTACTTCTGACAACGATCGGAGGACCGAAGGAGCTAACCGCTTTTTTGCACAACATGGGGGATCATGTAACTCGCCTTGATCGTTGGGAACCGGAGCTGAATGAAGCCATACCAAACGACGAGCGTGACACCACGATGCCTGCAGCAATGGCAACAACGTTGCGCAAACTATTAACTGGCGAACTACTTACTCTAGCTTCCCGGCAACAATTAATAGACTGGATGGAGGCGGATAAAGTTGCAGGACCACTTCTGCGCTCGGCCCTTCCGGCTGGCTGGTTTATTGCTGATAAATCTGGAGCCGGTGAGCGTGGGTCTCGCGGTATCATTGCAGCACTGGGGCCAGATGGTAAGCCCTCCCGTATCGTAGTTATCTACACGACGGGGAGTCAGGCAACTATGGATGAACGAAATAGACAGATCGCTGAGATAGGTGCCTCACTGATTAAGCATTGGTAA	ATGAGTATTCAACATTTCCGTGTCGCCCTTATTCCCTTTTTTGCGGCATTTTGC...TAA	861	37	897	861.0	5967+	ATGAGTATTCAACATTTCCGTGTCGCCCTTATTCCCTTTTTTGCGGCATTTTGCCTTCCTGTTTTTGCTCACCCAGAAACGCTGGTGAAAGTAAAAGATGCTGAAGATCAGTTGGGTGCACGAGTGGGTTACATCGAACTGGATCTCAACAGCGGTAAGATCCTTGAGAGTTTTCGCCCCGAAGAACGTTTTCCAATGATGAGCACTTTTAAAGTTCTGCTATGTGGTGCGGTATTATCCCGTGTTGACGCCGGGCAAGAGCAACTCGGTCGCCGCATACACTATTCTCAGAATGACTTGGTTGAGTACTCACCAGTCACAGAAAAGCATCTTACGGATGGCATGACAGTAAGAGAATTATGCAGTGCTGCCATAACCATGAGTGATAACACTGCTGCCAACTTACTTCTGACAACGATCGGAGGACCGAAGGAGCTAACCGCTTTTTTGCACAACATGGGGGATCATGTAACTCGCCTTGATCGTTGGGAACCGGAGCTGAATGAAGCCATACCAAACGACGAGCGTGACACCACGATGCCTGCAGCAATGGCAACAACGTTGCGCAAACTATTAACTGGCGAACTACTTACTCTAGCTTCCCGGCAACAATTAATAGACTGGATGGAGGCGGATAAAGTTGCAGGACCACTTCTGCGCTCGGCCCTTCCGGCTGGCTGGTTTATTGCTGATAAATCTGGAGCCGGTGAGCGTGGGTCTCGCGGTATCATTGCAGCACTGGGGCCAGATGGTAAGCCCTCCCGTATCGTAGTTATCTACACGACGGGGAGTCAGGCAACTATGGATGAACGAAATAGACAGATCGCTGAGATAGGTGCCTCACTGATTAAGCATTGGTAA	ATGAGTATTCAACATTTCCGTGTCGCCCTTATTCCCTTTTTTGCGGCATTTTGC...TAA	861	5967	37	897	True	True	True
154	gb|AY590467|+|0-729|ARO:3001110|SHV-53	TATTATCTCCCTGTTAGCCACCCTGCCGCTGGCGGTACACGCCAGCCCGCAGCC...CAA	729	(44) 5151- (772)	44	772	TATTATCTCCCTGTTAGCCACCCTGCCGCTGGCGGTACACGCCAGCCCGCAGCCGCTTGAGCAAATTAAACAAAGCGAAAGCCAGCTGTCGGGCCGCGTAGGCATGATAGAAATGGATCTGGCCAGCGGCCGCACGCTGACCGCCTGGCGCGCCGATGAACGCTTTCCCATGATGAGCACCTTTAAAGTAGTGCTCTGCGGCGCAGTGCTGGCGCGGGTGGATGCCGGTGACGAACAGCTGGAGCGAAAGATCCACTATCGCCAGCAGGATCTGGTGGACTACTCGCCGGTCAGCGAAAAACACCTTGCCGACGGCATGACGGTCGGCGAACTCTGCGCCGCCGCCATTACCATGAGCGATAACAGCGCCGCCAATCTGCTGCTGGCCACCGTCGGCGGCCCCGCAGGATTGACTGCCTTTTTGCGCCAGATCGGCGACAACGTCACCCGCCTTGACCGCTGGGAAACGGAACTGAATGAGGCGCTTCCCGGCGACGCCCGCGACACCACTACCCCGGCCAGCATGGCCGCGACCCTGCGCAAGCTGCTGACCAGCCAGCGTCTGAGCGCCCGTTCGCAACGGCAGCTGCTGCAGTGGATGGTGGACGATCGGGTCGCCGGACCGTTGATCCGCTCCGTGCTGCCGGCGGGCTGGTTTATCGCCGATAAGACCGGAGCTAGCAAGCGGGGTGCGCGCGGGATTGTCGCCCTGCTTGGCCCGAATAACAA	TATTATCTCCCTGTTAGCCACCCTGCCGCTGGCGGTACACGCCAGCCCGCAGCC...CAA	729	1000	999	999.0	999	999	TATTATCTCCCTGTTAGCCACCCTGCCGCTGGCGGTACACGCCAGCCCGCAGCC...CAA	729				False	False	False
155	gb|AY628175|+|210-1071|ARO:3000972|TEM-109	ATGAGTATTCAACATTTTCGTGTCGCCCTTATTCCCTTTTTTGCGGCATTTTGC...TAA	861	(37) 5967+ (897)	37	897	ATGAGTATTCAACATTTCCGTGTCGCCCTTATTCCCTTTTTTGCGGCATTTTGCCTTCCTGTTTTTGCTCACCCAGAAACGCTGGTGAAAGTAAAAGATGCTGAAGATCAGTTGGGTGCACGAGTGGGTTACATCGAACTGGATCTCAACAGCGGTAAGATCCTTGAGAGTTTTCGCCCCGAAGAACGTTTTCCAATGATGAGCACTTTTAAAGTTCTGCTATGTGGTGCGGTATTATCCCGTGTTGACGCCGGGCAAGAGCAACTCGGTCGCCGCATACACTATTCTCAGAATGACTTGGTTGAGTACTCACCAGTCACAGAAAAGCATCTTACGGATGGCATGACAGTAAGAGAATTATGCAGTGCTGCCATAACCATGAGTGATAACACTGCTGCCAACTTACTTCTGACAACGATCGGAGGACCGAAGGAGCTAACCGCTTTTTTGCACAACATGGGGGATCATGTAACTCGCCTTGATCGTTGGGAACCGGAGCTGAATGAAGCCATACCAAACGACGAGCGTGACACCACGATGCCTGCAGCAATGGCAACAACGTTGCGCAAACTATTAACTGGCGAACTACTTACTCTAGCTTCCCGGCAACAATTAATAGACTGGATGGAGGCGGATAAAGTTGCAGGACCACTTCTGCGCTCGGCCCTTCCGGCTGGCTGGTTTATTGCTGATAAATCTGGAGCCGGTGAGCGTGGGTCTCGCGGTATCATTGCAGCACTGGGGCCAGATGGTAAGCCCTCCCGTATCGTAGTTATCTACACGACGGGGAGTCAGGCAACTATGGATGAACGAAATAGACAGATCGCTGAGATAGGTGCCTCACTGATTAAGCATTGGTAA	ATGAGTATTCAACATTTTCGTGTCGCCCTTATTCCCTTTTTTGCGGCATTTTGC...TAA	861	37	897	861.0	5967+	ATGAGTATTCAACATTTCCGTGTCGCCCTTATTCCCTTTTTTGCGGCATTTTGCCTTCCTGTTTTTGCTCACCCAGAAACGCTGGTGAAAGTAAAAGATGCTGAAGATCAGTTGGGTGCACGAGTGGGTTACATCGAACTGGATCTCAACAGCGGTAAGATCCTTGAGAGTTTTCGCCCCGAAGAACGTTTTCCAATGATGAGCACTTTTAAAGTTCTGCTATGTGGTGCGGTATTATCCCGTGTTGACGCCGGGCAAGAGCAACTCGGTCGCCGCATACACTATTCTCAGAATGACTTGGTTGAGTACTCACCAGTCACAGAAAAGCATCTTACGGATGGCATGACAGTAAGAGAATTATGCAGTGCTGCCATAACCATGAGTGATAACACTGCTGCCAACTTACTTCTGACAACGATCGGAGGACCGAAGGAGCTAACCGCTTTTTTGCACAACATGGGGGATCATGTAACTCGCCTTGATCGTTGGGAACCGGAGCTGAATGAAGCCATACCAAACGACGAGCGTGACACCACGATGCCTGCAGCAATGGCAACAACGTTGCGCAAACTATTAACTGGCGAACTACTTACTCTAGCTTCCCGGCAACAATTAATAGACTGGATGGAGGCGGATAAAGTTGCAGGACCACTTCTGCGCTCGGCCCTTCCGGCTGGCTGGTTTATTGCTGATAAATCTGGAGCCGGTGAGCGTGGGTCTCGCGGTATCATTGCAGCACTGGGGCCAGATGGTAAGCCCTCCCGTATCGTAGTTATCTACACGACGGGGAGTCAGGCAACTATGGATGAACGAAATAGACAGATCGCTGAGATAGGTGCCTCACTGATTAAGCATTGGTAA	ATGAGTATTCAACATTTTCGTGTCGCCCTTATTCCCTTTTTTGCGGCATTTTGC...TAA	861	5967	37	897	True	True	True
156	gb|AY628176|+|75-936|ARO:3000987|TEM-125	ATGAGTATTCAACATTTCCGTGTCGCCCTTATTCCCTTTCTTGCGGCATTTTGC...TAA	861	(37) 5967+ (897)	37	897	ATGAGTATTCAACATTTCCGTGTCGCCCTTATTCCCTTTTTTGCGGCATTTTGCCTTCCTGTTTTTGCTCACCCAGAAACGCTGGTGAAAGTAAAAGATGCTGAAGATCAGTTGGGTGCACGAGTGGGTTACATCGAACTGGATCTCAACAGCGGTAAGATCCTTGAGAGTTTTCGCCCCGAAGAACGTTTTCCAATGATGAGCACTTTTAAAGTTCTGCTATGTGGTGCGGTATTATCCCGTGTTGACGCCGGGCAAGAGCAACTCGGTCGCCGCATACACTATTCTCAGAATGACTTGGTTGAGTACTCACCAGTCACAGAAAAGCATCTTACGGATGGCATGACAGTAAGAGAATTATGCAGTGCTGCCATAACCATGAGTGATAACACTGCTGCCAACTTACTTCTGACAACGATCGGAGGACCGAAGGAGCTAACCGCTTTTTTGCACAACATGGGGGATCATGTAACTCGCCTTGATCGTTGGGAACCGGAGCTGAATGAAGCCATACCAAACGACGAGCGTGACACCACGATGCCTGCAGCAATGGCAACAACGTTGCGCAAACTATTAACTGGCGAACTACTTACTCTAGCTTCCCGGCAACAATTAATAGACTGGATGGAGGCGGATAAAGTTGCAGGACCACTTCTGCGCTCGGCCCTTCCGGCTGGCTGGTTTATTGCTGATAAATCTGGAGCCGGTGAGCGTGGGTCTCGCGGTATCATTGCAGCACTGGGGCCAGATGGTAAGCCCTCCCGTATCGTAGTTATCTACACGACGGGGAGTCAGGCAACTATGGATGAACGAAATAGACAGATCGCTGAGATAGGTGCCTCACTGATTAAGCATTGGTAA	ATGAGTATTCAACATTTCCGTGTCGCCCTTATTCCCTTTCTTGCGGCATTTTGC...TAA	861	37	897	861.0	5967+	ATGAGTATTCAACATTTCCGTGTCGCCCTTATTCCCTTTTTTGCGGCATTTTGCCTTCCTGTTTTTGCTCACCCAGAAACGCTGGTGAAAGTAAAAGATGCTGAAGATCAGTTGGGTGCACGAGTGGGTTACATCGAACTGGATCTCAACAGCGGTAAGATCCTTGAGAGTTTTCGCCCCGAAGAACGTTTTCCAATGATGAGCACTTTTAAAGTTCTGCTATGTGGTGCGGTATTATCCCGTGTTGACGCCGGGCAAGAGCAACTCGGTCGCCGCATACACTATTCTCAGAATGACTTGGTTGAGTACTCACCAGTCACAGAAAAGCATCTTACGGATGGCATGACAGTAAGAGAATTATGCAGTGCTGCCATAACCATGAGTGATAACACTGCTGCCAACTTACTTCTGACAACGATCGGAGGACCGAAGGAGCTAACCGCTTTTTTGCACAACATGGGGGATCATGTAACTCGCCTTGATCGTTGGGAACCGGAGCTGAATGAAGCCATACCAAACGACGAGCGTGACACCACGATGCCTGCAGCAATGGCAACAACGTTGCGCAAACTATTAACTGGCGAACTACTTACTCTAGCTTCCCGGCAACAATTAATAGACTGGATGGAGGCGGATAAAGTTGCAGGACCACTTCTGCGCTCGGCCCTTCCGGCTGGCTGGTTTATTGCTGATAAATCTGGAGCCGGTGAGCGTGGGTCTCGCGGTATCATTGCAGCACTGGGGCCAGATGGTAAGCCCTCCCGTATCGTAGTTATCTACACGACGGGGAGTCAGGCAACTATGGATGAACGAAATAGACAGATCGCTGAGATAGGTGCCTCACTGATTAAGCATTGGTAA	ATGAGTATTCAACATTTCCGTGTCGCCCTTATTCCCTTTCTTGCGGCATTTTGC...TAA	861	5967	37	897	True	True	True
157	gb|AY628199|+|203-1064|ARO:3000988|TEM-126	ATGAGTATTCAACATTTTCGTGTCGCCCTTATTCCCTTTTTTGCGGCATTTTGC...TAA	861	(37) 5967+ (897)	37	897	ATGAGTATTCAACATTTCCGTGTCGCCCTTATTCCCTTTTTTGCGGCATTTTGCCTTCCTGTTTTTGCTCACCCAGAAACGCTGGTGAAAGTAAAAGATGCTGAAGATCAGTTGGGTGCACGAGTGGGTTACATCGAACTGGATCTCAACAGCGGTAAGATCCTTGAGAGTTTTCGCCCCGAAGAACGTTTTCCAATGATGAGCACTTTTAAAGTTCTGCTATGTGGTGCGGTATTATCCCGTGTTGACGCCGGGCAAGAGCAACTCGGTCGCCGCATACACTATTCTCAGAATGACTTGGTTGAGTACTCACCAGTCACAGAAAAGCATCTTACGGATGGCATGACAGTAAGAGAATTATGCAGTGCTGCCATAACCATGAGTGATAACACTGCTGCCAACTTACTTCTGACAACGATCGGAGGACCGAAGGAGCTAACCGCTTTTTTGCACAACATGGGGGATCATGTAACTCGCCTTGATCGTTGGGAACCGGAGCTGAATGAAGCCATACCAAACGACGAGCGTGACACCACGATGCCTGCAGCAATGGCAACAACGTTGCGCAAACTATTAACTGGCGAACTACTTACTCTAGCTTCCCGGCAACAATTAATAGACTGGATGGAGGCGGATAAAGTTGCAGGACCACTTCTGCGCTCGGCCCTTCCGGCTGGCTGGTTTATTGCTGATAAATCTGGAGCCGGTGAGCGTGGGTCTCGCGGTATCATTGCAGCACTGGGGCCAGATGGTAAGCCCTCCCGTATCGTAGTTATCTACACGACGGGGAGTCAGGCAACTATGGATGAACGAAATAGACAGATCGCTGAGATAGGTGCCTCACTGATTAAGCATTGGTAA	ATGAGTATTCAACATTTTCGTGTCGCCCTTATTCCCTTTTTTGCGGCATTTTGC...TAA	861	37	897	861.0	5967+	ATGAGTATTCAACATTTCCGTGTCGCCCTTATTCCCTTTTTTGCGGCATTTTGCCTTCCTGTTTTTGCTCACCCAGAAACGCTGGTGAAAGTAAAAGATGCTGAAGATCAGTTGGGTGCACGAGTGGGTTACATCGAACTGGATCTCAACAGCGGTAAGATCCTTGAGAGTTTTCGCCCCGAAGAACGTTTTCCAATGATGAGCACTTTTAAAGTTCTGCTATGTGGTGCGGTATTATCCCGTGTTGACGCCGGGCAAGAGCAACTCGGTCGCCGCATACACTATTCTCAGAATGACTTGGTTGAGTACTCACCAGTCACAGAAAAGCATCTTACGGATGGCATGACAGTAAGAGAATTATGCAGTGCTGCCATAACCATGAGTGATAACACTGCTGCCAACTTACTTCTGACAACGATCGGAGGACCGAAGGAGCTAACCGCTTTTTTGCACAACATGGGGGATCATGTAACTCGCCTTGATCGTTGGGAACCGGAGCTGAATGAAGCCATACCAAACGACGAGCGTGACACCACGATGCCTGCAGCAATGGCAACAACGTTGCGCAAACTATTAACTGGCGAACTACTTACTCTAGCTTCCCGGCAACAATTAATAGACTGGATGGAGGCGGATAAAGTTGCAGGACCACTTCTGCGCTCGGCCCTTCCGGCTGGCTGGTTTATTGCTGATAAATCTGGAGCCGGTGAGCGTGGGTCTCGCGGTATCATTGCAGCACTGGGGCCAGATGGTAAGCCCTCCCGTATCGTAGTTATCTACACGACGGGGAGTCAGGCAACTATGGATGAACGAAATAGACAGATCGCTGAGATAGGTGCCTCACTGATTAAGCATTGGTAA	ATGAGTATTCAACATTTTCGTGTCGCCCTTATTCCCTTTTTTGCGGCATTTTGC...TAA	861	5967	37	897	True	True	True
158	gb|AY660529.1|+|121-676|ARO:3003676|AAC(6')-Ib'	GTGACCAACAGCAACGATTCCGTCACACTGCGCCTCATGACTGAGCATGACCTT...TAA	555	(88) 7593+ (642)	88	642	GTGACCAACAGCAACGATTCCGTCACACTGCGCCTCATGACTGAGCATGACCTTGCGATGCTCTATGAGTGGCTAAATCGATCTCATATCGTCGAGTGGTGGGGCGGAGAAGAAGCACGCCCGACACTTGCTGACGTACAGGAACAGTACTTGCCAAGCGTTTTAGCGCAAGAGTCCGTCACTCCATACATTGCAATGCTGAATGGAGAGCCGATTGGGTATGCCCAGTCGTACGTTGCTCTTGGAAGCGGGGACGGATGGTGGGAAGAAGAAACCGATCCAGGAGTACGCGGAATAGACCAGTTACTGGCGAATGCATCACAACTGGGCAAAGGCTTGGGAACCAAGCTGGTTCGAGCTCTGGTTGAGTTGCTGTTCAATGATCCCGAGGTCACCAAGATCCAAACGGACCCGTCGCCGAGCAACTTGCGAGCGATCCGATGCTACGAGAAAGCGGGGTTTGAGAGGCAAGGTACCGTAACCACCCCAGATGGTCCAGCCGTGTACATGGTTCAAACACGCCAGGCATTCGAGCGAACACGCAGTGTTGCCTAA	GTGACCAACAGCAACGATTCCGTCACACTGCGCCTCATGACTGAGCATGACCTT...TAA	555	88	642	555.0	7593+	GTGACCAACAGCAACGATTCCGTCACACTGCGCCTCATGACTGAGCATGACCTTGCGATGCTCTATGAGTGGCTAAATCGATCTCATATCGTCGAGTGGTGGGGCGGAGAAGAAGCACGCCCGACACTTGCTGACGTACAGGAACAGTACTTGCCAAGCGTTTTAGCGCAAGAGTCCGTCACTCCATACATTGCAATGCTGAATGGAGAGCCGATTGGGTATGCCCAGTCGTACGTTGCTCTTGGAAGCGGGGACGGATGGTGGGAAGAAGAAACCGATCCAGGAGTACGCGGAATAGACCAGTTACTGGCGAATGCATCACAACTGGGCAAAGGCTTGGGAACCAAGCTGGTTCGAGCTCTGGTTGAGTTGCTGTTCAATGATCCCGAGGTCACCAAGATCCAAACGGACCCGTCGCCGAGCAACTTGCGAGCGATCCGATGCTACGAGAAAGCGGGGTTTGAGAGGCAAGGTACCGTAACCACCCCAGATGGTCCAGCCGTGTACATGGTTCAAACACGCCAGGCATTCGAGCGAACACGCAGTGTTGCCTAA	GTGACCAACAGCAACGATTCCGTCACACTGCGCCTCATGACTGAGCATGACCTT...TAA	555	7593	88	642	True	True	True
159	gb|AY661885|+|48-909|ARO:3001088|SHV-30	ATGCGTTATTTTCGCCTGTGTATTATCTCCCTGTTAGCCACCCTGCCGCTGGCG...TAA	861	(24) 5151- (884)	24	884	ATGCGTTATATTCGCCTGTGTATTATCTCCCTGTTAGCCACCCTGCCGCTGGCGGTACACGCCAGCCCGCAGCCGCTTGAGCAAATTAAACAAAGCGAAAGCCAGCTGTCGGGCCGCGTAGGCATGATAGAAATGGATCTGGCCAGCGGCCGCACGCTGACCGCCTGGCGCGCCGATGAACGCTTTCCCATGATGAGCACCTTTAAAGTAGTGCTCTGCGGCGCAGTGCTGGCGCGGGTGGATGCCGGTGACGAACAGCTGGAGCGAAAGATCCACTATCGCCAGCAGGATCTGGTGGACTACTCGCCGGTCAGCGAAAAACACCTTGCCGACGGCATGACGGTCGGCGAACTCTGCGCCGCCGCCATTACCATGAGCGATAACAGCGCCGCCAATCTGCTGCTGGCCACCGTCGGCGGCCCCGCAGGATTGACTGCCTTTTTGCGCCAGATCGGCGACAACGTCACCCGCCTTGACCGCTGGGAAACGGAACTGAATGAGGCGCTTCCCGGCGACGCCCGCGACACCACTACCCCGGCCAGCATGGCCGCGACCCTGCGCAAGCTGCTGACCAGCCAGCGTCTGAGCGCCCGTTCGCAACGGCAGCTGCTGCAGTGGATGGTGGACGATCGGGTCGCCGGACCGTTGATCCGCTCCGTGCTGCCGGCGGGCTGGTTTATCGCCGATAAGACCGGAGCTAGCAAGCGGGGTGCGCGCGGGATTGTCGCCCTGCTTGGCCCGAATAACAAAGCAGAGCGCATCGTGGTGATTTATCTGCGGGATACGCCGGCGAGCATGGCCGAGCGAAATCAGCAAATCGCCGGGATCGGCGCGGCGCTGATCGAGCACTGGCAACGCTAA	ATGCGTTATTTTCGCCTGTGTATTATCTCCCTGTTAGCCACCCTGCCGCTGGCG...TAA	861	1000	999	999.0	999	999	ATGCGTTATTTTCGCCTGTGTATTATCTCCCTGTTAGCCACCCTGCCGCTGGCG...TAA	861	5151	24	884	False	True	False
160	gb|AY790341|+|0-861|ARO:3001114|SHV-59	ATGCGTTATATTCGCCTGTGTATTATCTCCCTGTTAGCCACCCTGCCGCTGGCG...TAA	861	(24) 5151- (884)	24	884	ATGCGTTATATTCGCCTGTGTATTATCTCCCTGTTAGCCACCCTGCCGCTGGCGGTACACGCCAGCCCGCAGCCGCTTGAGCAAATTAAACAAAGCGAAAGCCAGCTGTCGGGCCGCGTAGGCATGATAGAAATGGATCTGGCCAGCGGCCGCACGCTGACCGCCTGGCGCGCCGATGAACGCTTTCCCATGATGAGCACCTTTAAAGTAGTGCTCTGCGGCGCAGTGCTGGCGCGGGTGGATGCCGGTGACGAACAGCTGGAGCGAAAGATCCACTATCGCCAGCAGGATCTGGTGGACTACTCGCCGGTCAGCGAAAAACACCTTGCCGACGGCATGACGGTCGGCGAACTCTGCGCCGCCGCCATTACCATGAGCGATAACAGCGCCGCCAATCTGCTGCTGGCCACCGTCGGCGGCCCCGCAGGATTGACTGCCTTTTTGCGCCAGATCGGCGACAACGTCACCCGCCTTGACCGCTGGGAAACGGAACTGAATGAGGCGCTTCCCGGCGACGCCCGCGACACCACTACCCCGGCCAGCATGGCCGCGACCCTGCGCAAGCTGCTGACCAGCCAGCGTCTGAGCGCCCGTTCGCAACGGCAGCTGCTGCAGTGGATGGTGGACGATCGGGTCGCCGGACCGTTGATCCGCTCCGTGCTGCCGGCGGGCTGGTTTATCGCCGATAAGACCGGAGCTAGCAAGCGGGGTGCGCGCGGGATTGTCGCCCTGCTTGGCCCGAATAACAAAGCAGAGCGCATCGTGGTGATTTATCTGCGGGATACGCCGGCGAGCATGGCCGAGCGAAATCAGCAAATCGCCGGGATCGGCGCGGCGCTGATCGAGCACTGGCAACGCTAA	ATGCGTTATATTCGCCTGTGTATTATCTCCCTGTTAGCCACCCTGCCGCTGGCG...TAA	861	24	884	861.0	5151-	ATGCGTTATATTCGCCTGTGTATTATCTCCCTGTTAGCCACCCTGCCGCTGGCGGTACACGCCAGCCCGCAGCCGCTTGAGCAAATTAAACAAAGCGAAAGCCAGCTGTCGGGCCGCGTAGGCATGATAGAAATGGATCTGGCCAGCGGCCGCACGCTGACCGCCTGGCGCGCCGATGAACGCTTTCCCATGATGAGCACCTTTAAAGTAGTGCTCTGCGGCGCAGTGCTGGCGCGGGTGGATGCCGGTGACGAACAGCTGGAGCGAAAGATCCACTATCGCCAGCAGGATCTGGTGGACTACTCGCCGGTCAGCGAAAAACACCTTGCCGACGGCATGACGGTCGGCGAACTCTGCGCCGCCGCCATTACCATGAGCGATAACAGCGCCGCCAATCTGCTGCTGGCCACCGTCGGCGGCCCCGCAGGATTGACTGCCTTTTTGCGCCAGATCGGCGACAACGTCACCCGCCTTGACCGCTGGGAAACGGAACTGAATGAGGCGCTTCCCGGCGACGCCCGCGACACCACTACCCCGGCCAGCATGGCCGCGACCCTGCGCAAGCTGCTGACCAGCCAGCGTCTGAGCGCCCGTTCGCAACGGCAGCTGCTGCAGTGGATGGTGGACGATCGGGTCGCCGGACCGTTGATCCGCTCCGTGCTGCCGGCGGGCTGGTTTATCGCCGATAAGACCGGAGCTAGCAAGCGGGGTGCGCGCGGGATTGTCGCCCTGCTTGGCCCGAATAACAAAGCAGAGCGCATCGTGGTGATTTATCTGCGGGATACGCCGGCGAGCATGGCCGAGCGAAATCAGCAAATCGCCGGGATCGGCGCGGCGCTGATCGAGCACTGGCAACGCTAA	ATGCGTTATATTCGCCTGTGTATTATCTCCCTGTTAGCCACCCTGCCGCTGGCG...TAA	861	5151	24	884	True	True	True
161	gb|AY826417|+|0-861|ARO:3001000|TEM-136	ATGAGTATTCAACATTTCCGTGTCGCCCTTATTCCCTTTTTTGCGGCATTTTGC...TAA	861	(37) 5967+ (897)	37	897	ATGAGTATTCAACATTTCCGTGTCGCCCTTATTCCCTTTTTTGCGGCATTTTGCCTTCCTGTTTTTGCTCACCCAGAAACGCTGGTGAAAGTAAAAGATGCTGAAGATCAGTTGGGTGCACGAGTGGGTTACATCGAACTGGATCTCAACAGCGGTAAGATCCTTGAGAGTTTTCGCCCCGAAGAACGTTTTCCAATGATGAGCACTTTTAAAGTTCTGCTATGTGGTGCGGTATTATCCCGTGTTGACGCCGGGCAAGAGCAACTCGGTCGCCGCATACACTATTCTCAGAATGACTTGGTTGAGTACTCACCAGTCACAGAAAAGCATCTTACGGATGGCATGACAGTAAGAGAATTATGCAGTGCTGCCATAACCATGAGTGATAACACTGCTGCCAACTTACTTCTGACAACGATCGGAGGACCGAAGGAGCTAACCGCTTTTTTGCACAACATGGGGGATCATGTAACTCGCCTTGATCGTTGGGAACCGGAGCTGAATGAAGCCATACCAAACGACGAGCGTGACACCACGATGCCTGCAGCAATGGCAACAACGTTGCGCAAACTATTAACTGGCGAACTACTTACTCTAGCTTCCCGGCAACAATTAATAGACTGGATGGAGGCGGATAAAGTTGCAGGACCACTTCTGCGCTCGGCCCTTCCGGCTGGCTGGTTTATTGCTGATAAATCTGGAGCCGGTGAGCGTGGGTCTCGCGGTATCATTGCAGCACTGGGGCCAGATGGTAAGCCCTCCCGTATCGTAGTTATCTACACGACGGGGAGTCAGGCAACTATGGATGAACGAAATAGACAGATCGCTGAGATAGGTGCCTCACTGATTAAGCATTGGTAA	ATGAGTATTCAACATTTCCGTGTCGCCCTTATTCCCTTTTTTGCGGCATTTTGC...TAA	861	1000	999	999.0	999	999	ATGAGTATTCAACATTTCCGTGTCGCCCTTATTCCCTTTTTTGCGGCATTTTGC...TAA	861	5967	37	897	False	True	False
162	gb|AY853593|+|214-1075|ARO:3001002|TEM-138	ATGAGTATTCAACATTTCCGTGTCGCCCTTATTCCCTTTTTTGCGGCATTTTGC...TAA	861	(37) 5967+ (897)	37	897	ATGAGTATTCAACATTTCCGTGTCGCCCTTATTCCCTTTTTTGCGGCATTTTGCCTTCCTGTTTTTGCTCACCCAGAAACGCTGGTGAAAGTAAAAGATGCTGAAGATCAGTTGGGTGCACGAGTGGGTTACATCGAACTGGATCTCAACAGCGGTAAGATCCTTGAGAGTTTTCGCCCCGAAGAACGTTTTCCAATGATGAGCACTTTTAAAGTTCTGCTATGTGGTGCGGTATTATCCCGTGTTGACGCCGGGCAAGAGCAACTCGGTCGCCGCATACACTATTCTCAGAATGACTTGGTTGAGTACTCACCAGTCACAGAAAAGCATCTTACGGATGGCATGACAGTAAGAGAATTATGCAGTGCTGCCATAACCATGAGTGATAACACTGCTGCCAACTTACTTCTGACAACGATCGGAGGACCGAAGGAGCTAACCGCTTTTTTGCACAACATGGGGGATCATGTAACTCGCCTTGATCGTTGGGAACCGGAGCTGAATGAAGCCATACCAAACGACGAGCGTGACACCACGATGCCTGCAGCAATGGCAACAACGTTGCGCAAACTATTAACTGGCGAACTACTTACTCTAGCTTCCCGGCAACAATTAATAGACTGGATGGAGGCGGATAAAGTTGCAGGACCACTTCTGCGCTCGGCCCTTCCGGCTGGCTGGTTTATTGCTGATAAATCTGGAGCCGGTGAGCGTGGGTCTCGCGGTATCATTGCAGCACTGGGGCCAGATGGTAAGCCCTCCCGTATCGTAGTTATCTACACGACGGGGAGTCAGGCAACTATGGATGAACGAAATAGACAGATCGCTGAGATAGGTGCCTCACTGATTAAGCATTGGTAA	ATGAGTATTCAACATTTCCGTGTCGCCCTTATTCCCTTTTTTGCGGCATTTTGC...TAA	861	1000	999	999.0	999	999	ATGAGTATTCAACATTTCCGTGTCGCCCTTATTCCCTTTTTTGCGGCATTTTGC...TAA	861	5967	37	897	False	True	False
163	gb|AY874537|+|177-1038|ARO:3000883|TEM-11	ATGAGTATTCAACATTTCCGTGTCGCCCTTATTCCCTTTTTTGCGGCATTTTGC...TAA	861	(37) 5967+ (897)	37	897	ATGAGTATTCAACATTTCCGTGTCGCCCTTATTCCCTTTTTTGCGGCATTTTGCCTTCCTGTTTTTGCTCACCCAGAAACGCTGGTGAAAGTAAAAGATGCTGAAGATCAGTTGGGTGCACGAGTGGGTTACATCGAACTGGATCTCAACAGCGGTAAGATCCTTGAGAGTTTTCGCCCCGAAGAACGTTTTCCAATGATGAGCACTTTTAAAGTTCTGCTATGTGGTGCGGTATTATCCCGTGTTGACGCCGGGCAAGAGCAACTCGGTCGCCGCATACACTATTCTCAGAATGACTTGGTTGAGTACTCACCAGTCACAGAAAAGCATCTTACGGATGGCATGACAGTAAGAGAATTATGCAGTGCTGCCATAACCATGAGTGATAACACTGCTGCCAACTTACTTCTGACAACGATCGGAGGACCGAAGGAGCTAACCGCTTTTTTGCACAACATGGGGGATCATGTAACTCGCCTTGATCGTTGGGAACCGGAGCTGAATGAAGCCATACCAAACGACGAGCGTGACACCACGATGCCTGCAGCAATGGCAACAACGTTGCGCAAACTATTAACTGGCGAACTACTTACTCTAGCTTCCCGGCAACAATTAATAGACTGGATGGAGGCGGATAAAGTTGCAGGACCACTTCTGCGCTCGGCCCTTCCGGCTGGCTGGTTTATTGCTGATAAATCTGGAGCCGGTGAGCGTGGGTCTCGCGGTATCATTGCAGCACTGGGGCCAGATGGTAAGCCCTCCCGTATCGTAGTTATCTACACGACGGGGAGTCAGGCAACTATGGATGAACGAAATAGACAGATCGCTGAGATAGGTGCCTCACTGATTAAGCATTGGTAA	ATGAGTATTCAACATTTCCGTGTCGCCCTTATTCCCTTTTTTGCGGCATTTTGC...TAA	861	37	897	861.0	5967+	ATGAGTATTCAACATTTCCGTGTCGCCCTTATTCCCTTTTTTGCGGCATTTTGCCTTCCTGTTTTTGCTCACCCAGAAACGCTGGTGAAAGTAAAAGATGCTGAAGATCAGTTGGGTGCACGAGTGGGTTACATCGAACTGGATCTCAACAGCGGTAAGATCCTTGAGAGTTTTCGCCCCGAAGAACGTTTTCCAATGATGAGCACTTTTAAAGTTCTGCTATGTGGTGCGGTATTATCCCGTGTTGACGCCGGGCAAGAGCAACTCGGTCGCCGCATACACTATTCTCAGAATGACTTGGTTGAGTACTCACCAGTCACAGAAAAGCATCTTACGGATGGCATGACAGTAAGAGAATTATGCAGTGCTGCCATAACCATGAGTGATAACACTGCTGCCAACTTACTTCTGACAACGATCGGAGGACCGAAGGAGCTAACCGCTTTTTTGCACAACATGGGGGATCATGTAACTCGCCTTGATCGTTGGGAACCGGAGCTGAATGAAGCCATACCAAACGACGAGCGTGACACCACGATGCCTGCAGCAATGGCAACAACGTTGCGCAAACTATTAACTGGCGAACTACTTACTCTAGCTTCCCGGCAACAATTAATAGACTGGATGGAGGCGGATAAAGTTGCAGGACCACTTCTGCGCTCGGCCCTTCCGGCTGGCTGGTTTATTGCTGATAAATCTGGAGCCGGTGAGCGTGGGTCTCGCGGTATCATTGCAGCACTGGGGCCAGATGGTAAGCCCTCCCGTATCGTAGTTATCTACACGACGGGGAGTCAGGCAACTATGGATGAACGAAATAGACAGATCGCTGAGATAGGTGCCTCACTGATTAAGCATTGGTAA	ATGAGTATTCAACATTTCCGTGTCGCCCTTATTCCCTTTTTTGCGGCATTTTGC...TAA	861	5967	37	897	True	True	True
164	gb|AY956335|+|38-899|ARO:3001004|TEM-141	ATGAGTATTCAACATTTCCGTGTCGCCCTTATTCCCTTTTTTGCGGCATTTTGC...TAA	861	(37) 5967+ (897)	37	897	ATGAGTATTCAACATTTCCGTGTCGCCCTTATTCCCTTTTTTGCGGCATTTTGCCTTCCTGTTTTTGCTCACCCAGAAACGCTGGTGAAAGTAAAAGATGCTGAAGATCAGTTGGGTGCACGAGTGGGTTACATCGAACTGGATCTCAACAGCGGTAAGATCCTTGAGAGTTTTCGCCCCGAAGAACGTTTTCCAATGATGAGCACTTTTAAAGTTCTGCTATGTGGTGCGGTATTATCCCGTGTTGACGCCGGGCAAGAGCAACTCGGTCGCCGCATACACTATTCTCAGAATGACTTGGTTGAGTACTCACCAGTCACAGAAAAGCATCTTACGGATGGCATGACAGTAAGAGAATTATGCAGTGCTGCCATAACCATGAGTGATAACACTGCTGCCAACTTACTTCTGACAACGATCGGAGGACCGAAGGAGCTAACCGCTTTTTTGCACAACATGGGGGATCATGTAACTCGCCTTGATCGTTGGGAACCGGAGCTGAATGAAGCCATACCAAACGACGAGCGTGACACCACGATGCCTGCAGCAATGGCAACAACGTTGCGCAAACTATTAACTGGCGAACTACTTACTCTAGCTTCCCGGCAACAATTAATAGACTGGATGGAGGCGGATAAAGTTGCAGGACCACTTCTGCGCTCGGCCCTTCCGGCTGGCTGGTTTATTGCTGATAAATCTGGAGCCGGTGAGCGTGGGTCTCGCGGTATCATTGCAGCACTGGGGCCAGATGGTAAGCCCTCCCGTATCGTAGTTATCTACACGACGGGGAGTCAGGCAACTATGGATGAACGAAATAGACAGATCGCTGAGATAGGTGCCTCACTGATTAAGCATTGGTAA	ATGAGTATTCAACATTTCCGTGTCGCCCTTATTCCCTTTTTTGCGGCATTTTGC...TAA	861	1000	999	999.0	999	999	ATGAGTATTCAACATTTCCGTGTCGCCCTTATTCCCTTTTTTGCGGCATTTTGC...TAA	861	5967	37	897	False	True	False
165	gb|BA000018.3|+|48893-49265|ARO:3000124|mecI	ATGGATAATAAAACGTATGAAATATCATCTGCAGAATGGGAAGTTATGAATATC...TAA	372	(5627) 32799- (5998)	5627	5998	ATGGATAATAAAACGTATGAAATATCATCTGCAGAATGGGAATTTATGAATATCATTTGGATGAAAAAATATGCAAGTGCGAATAATATAATAGAAGAAATACAAATGCAAAAGGACTGGAGTCCAAAAACCATTCGTACACTTATAACGAGATTGTATAAAAAGGGATTTATAGATCGTAAAAAAGACAATAAAATTTTTCAATATTACTCTCTTGTAGAAGAAAGTGATATAAAATATAAAACATCTAAAAACTTTATCAATAAAGTATACAAAGGCGGTTTCAATTCACTTGTCTTAAACTTTGTAGAAAAAGAAGATCTATCACAAGATGAAATAGAAGAATTGAGAAATATATTGAATAAAAAATAA	ATGGATAATAAAACGTATGAAATATCATCTGCAGAATGGGAAGTTATGAATATC...TAA	372	1000	999	999.0	999	999	ATGGATAATAAAACGTATGAAATATCATCTGCAGAATGGGAAGTTATGAATATC...TAA	372	32799	5627	5998	False	True	False
166	gb|BX664015.1|-|103017-103833|ARO:3002641|APH(3')-Ia	ATGAGCCATATTCAACGGGAAACGTCTTGCTCGAGGCCGCGATTAAATTCCAAC...TGA	816	{(76) 2645-, 22251- (57) , (76) 2645-, 23479+ (55)}	{76, 76}	{57, 55}	{ATGAGCCATATTCAACGGGAAACGTCTTGCTCGAGGCCGCGATTAAATTCCAACCTGGATGCTGATTTATATGGGTATAGATGGGCTCGCGATAATGTCGGGCAATCAGGTGCGACAATCTATCGATTGTATGGGAAGCCCAATGCGCCAGAGTTGTTTCTGAAACATGGCAAAGGTAGCGTTGCCAATGATGTTACAGATGAGATGGTCAGACTAAACTGGCTGACGGAATTTATGCCTCTTCCGACCATCAAGCATTTTATCCGTACTCCTGATGATGCATGGTTACTCACCACTGCGATCCCCGGGAAAACAGCATTCCAGGTATTAGAAGAATATCCTGATTCAGGTGAAAATATTGTTGATGCGCTGGCAGTGTTCCTGCGCCGGTTGCATTCGATTCCTGTTTGTAATTGTCCTTTTAACAGCGATCGCGTATTTCGTCTCGCTCAGGCGCAATCACGAATGAATAACGGTTTGGTTGATGCTAGTGATTTTGATGACGAGCGTAATGGCTGGCCTGTTGAACAAGTCTGGAAAGAAATGCATAAGCTTTTGCCATTCTCACCGGATTCAGTCGTCACTCATGGTGATTTCTCACTTGATAACCTTATTTTTGACGAGGGGAAATTAATAGGTTGTATTGATGTTGGACGAGTCGGAATCGCAGACCGATACCAGGATCTTGCCATCCTATGGAACTGCCTCGGTGAGTTTTCTCCTTCATTACAGAAACGGCTTTTTCAAAAATATGGTATTGATAATCCTGATATGAATAAATTGCAGTTTCATTTGATGCTCGATGAGTTTTTCTGA, ATGAGCCATATTCAACGGGAAACGTCTTGCTCGAGGCCGCGATTAAATTCCAACCTGGATGCTGATTTATATGGGTATAGATGGGCTCGCGATAATGTCGGGCAATCAGGTGCGACAATCTATCGATTGTATGGGAAGCCCAATGCGCCAGAGTTGTTTCTGAAACATGGCAAAGGTAGCGTTGCCAATGATGTTACAGATGAGATGGTCAGACTAAACTGGCTGACGGAATTTATGCCTCTTCCGACCATCAAGCATTTTATCCGTACTCCTGATGATGCATGGTTACTCACCACTGCGATCCCCGGGAAAACAGCATTCCAGGTATTAGAAGAATATCCTGATTCAGGTGAAAATATTGTTGATGCGCTGGCAGTGTTCCTGCGCCGGTTGCATTCGATTCCTGTTTGTAATTGTCCTTTTAACAGCGATCGCGTATTTCGTCTCGCTCAGGCGCAATCACGAATGAATAACGGTTTGGTTGATGCTAGTGATTTTGATGACGAGCGTAATGGCTGGCCTGTTGAACAAGTCTGGAAAGAAATGCATAAGCTTTTGCCATTCTCACCGGATTCAGTCGTCACTCATGGTGATTTCTCACTTGATAACCTTATTTTTGACGAGGGGAAATTAATAGGTTGTATTGATGTTGGACGAGTCGGAATCGCAGACCGATACCAGGATCTTGCCATCCTATGGAACTGCCTCGGTGAGTTTTCTCCTTCATTACAGAAACGGCTTTTTCAAAAATATGGTATTGATAATCCTGATATGAATAAATTGCAGTTTCATTTGATGCTCGATGAGTTTTTCT}	ATGAGCCATATTCAACGGGAAACGTCTTGCTCGAGGCCGCGATTAAATTCCAAC...TGA	816	76	57	816.0	2645-,22251-	ATGAGCCATATTCAACGGGAAACGTCTTGCTCGAGGCCGCGATTAAATTCCAACCTGGATGCTGATTTATATGGGTATAGATGGGCTCGCGATAATGTCGGGCAATCAGGTGCGACAATCTATCGATTGTATGGGAAGCCCAATGCGCCAGAGTTGTTTCTGAAACATGGCAAAGGTAGCGTTGCCAATGATGTTACAGATGAGATGGTCAGACTAAACTGGCTGACGGAATTTATGCCTCTTCCGACCATCAAGCATTTTATCCGTACTCCTGATGATGCATGGTTACTCACCACTGCGATCCCCGGGAAAACAGCATTCCAGGTATTAGAAGAATATCCTGATTCAGGTGAAAATATTGTTGATGCGCTGGCAGTGTTCCTGCGCCGGTTGCATTCGATTCCTGTTTGTAATTGTCCTTTTAACAGCGATCGCGTATTTCGTCTCGCTCAGGCGCAATCACGAATGAATAACGGTTTGGTTGATGCTAGTGATTTTGATGACGAGCGTAATGGCTGGCCTGTTGAACAAGTCTGGAAAGAAATGCATAAGCTTTTGCCATTCTCACCGGATTCAGTCGTCACTCATGGTGATTTCTCACTTGATAACCTTATTTTTGACGAGGGGAAATTAATAGGTTGTATTGATGTTGGACGAGTCGGAATCGCAGACCGATACCAGGATCTTGCCATCCTATGGAACTGCCTCGGTGAGTTTTCTCCTTCATTACAGAAACGGCTTTTTCAAAAATATGGTATTGATAATCCTGATATGAATAAATTGCAGTTTCATTTGATGCTCGATGAGTTTTTCTGA	ATGAGCCATATTCAACGGGAAACGTCTTGCTCGAGGCCGCGATTAAATTCCAAC...TGA	816	264522251	76	891	False	False	False
167	gb|CP000703.1|+|40848-42606|ARO:3000215|mecR1	GTGTTATCATCTTTTTTAATGTTAAGTATAATCAGTTCATTGCTCACGATATGT...TAA	1758	(3870) 32799- (5627)	3870	5627	GTGTTATCATCTTTTTTAATGTTAAGTATAATCAGTTCATTGCTCACGATATGTGTAATTTTTTTAGTGAGAATGCTCTATATAAAATATACTCAAAATATTATGTCACATAAGATTTGGTTATTAGTGCTCGTCTCCACGTTAATTCCATTAATACCATTTTACAAAATATCGAATTTTACATTTTCAAAAGATATGATGAATCGAAATGTATCTGACACGACTTCTTCGGTTAGTCATATGTTAGATGGTCAACAATCATCTGTTACGAAAGACTTAGCAATTAATGTTAATCAGTTTGAGACCTCAAATATAACGTATATGATTCTTTTGATATGGGTATTTGGTAGTTTGTTGTGCTTATTTTATATGATTAAGGCATTCCGACAAATTGATGTTATTAAAAGTTCGTCATTGGAATCGTCATATCTTAATGAACGACTTAAAGTATGTCAAAGTAAGATGCAGTTCTACAAAAAGCATATAACAATTAGTTATAGTTCAAACATTGATAATCCGATGGTATTTGGTTTAGTGAAATCCCAAATTGTACTACCAACTGTCGTAGTCGAAACCATGAATGACAAAGAAATTGAATATATTATTCTACATGAACTATCACATGTGAAAAGTCATGACTTAATATTCAACCAGCTTTATGTTGTTTTTAAAATGATATTCTGGTTTAATCCTGCACTATATATAAGTAAAACAATGATGGACAATGACTGTGAAAAAGTATGTGATAGAAACGTTTTAAAAATTTTGAATCGCCATGAACATATACGTTATGGTGAATCGATATTAAAATGCTCTATTTTAAAATCTCAGCACATAAATAATGTGGCAGCACAATATTTACTAGGTTTTAATTCAAATATTAAAGAACGTGTTAAGTATATTGCACTTTATGATTCAATGCCTAAACCTAATCGAAACAAGCGTATTGTTGCGTATATTGTATGTAGTATATCGCTTTTAATACAAGCACCGTTACTATCTGCACATGTTCAACAAGACAAATATGAAACAAATGTATCATATAAAAAATTAAATCAACTAGCTCCGTATTTCAAAGGATTTGATGGAAGTTTTGTGCTTTATAATGAACGGGAGCAAGCTTATTCTATTTATAATGAACCAGAAAGTAAACAACGATATTCACCTAATTCTACTTACAAAATTTATTTAGCGTTAATGGCATTCGACCAAAATTTACTCTCATTAAATCATACTGAACAACAATGGGATAAACATCAATATCCATTTAAAGAATGGAACCAAGATCAAAATTTAAATTCTTCAATGAAATATTCAGTAAATTGGTATTACGAAAATTTAAACAAACATTTAAGACAAGATGAGGTTAAATCTTATTTAGATCTAATTGAATATGGTAATGAAGAAATATCAGGGAATGAAAATTATTGGAATGAATCTTCATTAAAAATTTCTGCAATAGAACAGGTTAATTTGTTGAAAAATATGAAACAACATAACATGCATTTTGATAATAAGGCTATTGAAAAAGTTGAAAATAGTATGACTTTGAAACAAAAAGATACTTATAAATATGTAGGTAAAACTGGAACAGGAATCGTGAATCACAAAGAAGCAAATGGATGGTTCGTAGGTTATGTTGAAACGAAAGATAATACGTATTATTTTGCTACACATTTAAAAGGCGAAGACAATGCGAATGGCGAAAAAGCACAACAAATTTCTGAGCGTATTTTAAAAGAAATGGAGTTAATATAA	GTGTTATCATCTTTTTTAATGTTAAGTATAATCAGTTCATTGCTCACGATATGT...TAA	1758	1000	999	999.0	999	999	GTGTTATCATCTTTTTTAATGTTAAGTATAATCAGTTCATTGCTCACGATATGT...TAA	1758	32799	3870	5627	False	True	False
168	gb|CP003022|+|336788-337580|ARO:3003197|aadA25	ATGAGGGAAGCGGTGACCATCGAAATTTCGAACCAACTATCAGAGGTGCTAAGC...TAA	792	{(1688) 7591+ (2477) , (712) 7593+ (1500)}	{1688, 712}	{2477, 1500}	{ATGAGGGTAGCGGTGACCATCGAAATTTCGAACCAACTATCAGAGGTGCTAAGCGTCATTGAGCGCCATCTGGAATCAACGTTGCTGGCCGTGCATTTGTACGGCTCCGCAGTGGATGGCGGCCTGAAGCCATACAGCGATATTGATTTGTTGGTTACTGTGGCCGTAAAGCTTGATGAAACGACGCGGCGAGCATTGCTCAATGACCTTATGGAGGCTTCGGCTTTCCCTGGCGAGAGCGAGACGCTCCGCGCTATAGAAGTCACCCTTGTCGTGCATGACGACATCATCCCGTGGCGTTATCCGGCTAAGCGCGAGCTGCAATTTGGAGAATGGCAGCGCAATGACATTCTTGCGGGTATCTTCGAGCCAGCCATGATCGACATTGATCTAGCTATCCTGCTTACAAAAGCAAGAGAACATAGCGTTGCCTTGGTAGGTCCGGCAGCGGAGGAATTCTTTGACCCGGTTCCTGAACAGGATCTATTCGAGGCGCTGAGGGAAACCTTGAAGCTATGGAACTCGCAGCCCGACTGGGCCGGCGATGAGCGAAATGTAGTGCTTACGTTGTCCCGCATTTGGTACAGCGCAATAACCGGCAAAATCGCGCCGAAGGATGTCGCTGCCGACTGGGCAATAAAACGCCTACCTGCCCAGTATCAGCCCGTCTTACTTGAAGCTAAGCAAGCTTATCTGGGACAAAAAGAAGATCACTTGGCCTCACGCGCAGATCACTTGGAAGAATTTATTCGCTTTGTGAAAGGCGAGATCATCAAGTCAGTTGGTAAAT, ATGAGGGAAGCGGTGATCGCCGAAGTATCGACTCAACTATCAGAGGTAGTTGGCGTCATCGAGCGCCATCTCGAACCGACGTTGCTGGCCGTACATTTGTACGGCTCCGCAGTGGATGGCGGCCTGAAGCCACACAGTGATATTGATTTGCTGGTTACGGTGACCGTAAGGCTTGATGAAACAACGCGGCGAGCTTTGATCAACGACCTTTTGGAAACTTCGGCTTCCCCTGGAGAGAGCGAGATTCTCCGCGCTGTAGAAGTCACCATTGTTGTGCACGACGACATCATTCCGTGGCGTTATCCAGCTAAGCGCGAACTGCAATTTGGAGAATGGCAGCGCAATGACATTCTTGCAGGTATCTTCGAGCCAGCCACGATCGACATTGATCTGGCTATCTTGCTGACAAAAGCAAGAGAACATAGCGTTGCCTTGGTAGGTCCAGCGGCGGAGGAACTCTTTGATCCGGTTCCTGAACAGGATCTATTTGAGGCGCTAAATGAAACCTTAACGCTATGGAACTCGCCGCCCGACTGGGCTGGCGATGAGCGAAATGTAGTGCTTACGTTGTCCCGCATTTGGTACAGCGCAGTAACCGGCAAAATCGCGCCGAAGGATGTCGCTGCCGACTGGGCAATGGAGCGCCTGCCGGCCCAGTATCAGCCCGTCATACTTGAAGCTAGGCAGGCTTATCTTGGACAAGAAGATCGCTTGGCCTCGCGCGCAGATCAGTTGGAAGAATTTGTTCACTACGTGAAAGGCGAGATCACCAAGGTAGTCGGCAAATAA}	ATGAGGGAAGCGGTGACCATCGAAATTTCGAACCAACTATCAGAGGTGCTAAGC...TAA	792	1688	2479	792.0	7591+	ATGAGGGTAGCGGTGACCATCGAAATTTCGAACCAACTATCAGAGGTGCTAAGCGTCATTGAGCGCCATCTGGAATCAACGTTGCTGGCCGTGCATTTGTACGGCTCCGCAGTGGATGGCGGCCTGAAGCCATACAGCGATATTGATTTGTTGGTTACTGTGGCCGTAAAGCTTGATGAAACGACGCGGCGAGCATTGCTCAATGACCTTATGGAGGCTTCGGCTTTCCCTGGCGAGAGCGAGACGCTCCGCGCTATAGAAGTCACCCTTGTCGTGCATGACGACATCATCCCGTGGCGTTATCCGGCTAAGCGCGAGCTGCAATTTGGAGAATGGCAGCGCAATGACATTCTTGCGGGTATCTTCGAGCCAGCCATGATCGACATTGATCTAGCTATCCTGCTTACAAAAGCAAGAGAACATAGCGTTGCCTTGGTAGGTCCGGCAGCGGAGGAATTCTTTGACCCGGTTCCTGAACAGGATCTATTCGAGGCGCTGAGGGAAACCTTGAAGCTATGGAACTCGCAGCCCGACTGGGCCGGCGATGAGCGAAATGTAGTGCTTACGTTGTCCCGCATTTGGTACAGCGCAATAACCGGCAAAATCGCGCCGAAGGATGTCGCTGCCGACTGGGCAATAAAACGCCTACCTGCCCAGTATCAGCCCGTCTTACTTGAAGCTAAGCAAGCTTATCTGGGACAAAAAGAAGATCACTTGGCCTCACGCGCAGATCACTTGGAAGAATTTATTCGCTTTGTGAAAGGCGAGATCATCAAGTCAGTTGGTAAATGA	ATGAGGGAAGCGGTGACCATCGAAATTTCGAACCAACTATCAGAGGTGCTAAGC...TAA	792	7591	1688	2477	False	False	False
169	gb|D16171|+|382-1042|ARO:3002689|plasmid-encoded_cat_(pp-cat)	ATGGAGAAAAAAATCACTGGATATACCACCGTTGATATATCCCAATGGCATCGT...TAA	660	(209) 77- (868)	209	868	ATGGAGAAAAAAATCACTGGATATACCACCGTTGATATATCCCAATGGCATCGTAAAGAACATTTTGAGGCATTTCAGTCAGTTGCTCAATGTACCTATAACCAGACCGTTCAGCTGGATATTACGGCCTTTTTAAAGACCGTAAAGAAAAATAAGCACAAGTTTTATCCGGCCTTTATTCACATTCTTGCCCGCCTGATGAATGCTCATCCGGAATTCCGTATGGCAATGAAAGACGGTGAGCTGGTGATATGGGATAGTATTCACCCTTGTTACACCGTTTTCCATGAGCAAACTGAAACGTTTTCATCGCTCTGGAGTGAATACCACGACGATTTCCGGCAGTTTCTACACATATATTCGCAAGATGTGGCGTGTTACGGTGAAAACCTGGCCTATTTCCCTAAAGGGTTTATTGAGAATATGTTTTTCGTCTCAGCCAATCCCTGGGTGAGTTTCACCAGTTTTGATTTAAACGTGGCCAATATGGACAACTTCTTCGCCCCCGTTTTCACCATGGGCAAATATTATACGCAAGGCGACAAGGTGCTGATGCCGCTGGCGATTCAGGTTCATCATGCCGTTTGTGATGGCTTCCATGTCGGCAGAATGCTTAATGAATTACAACAGTACTGCAATGAGTGGCAGGGCGGGGCGTAA	ATGGAGAAAAAAATCACTGGATATACCACCGTTGATATATCCCAATGGCATCGT...TAA	660	209	868	660.0	77-	ATGGAGAAAAAAATCACTGGATATACCACCGTTGATATATCCCAATGGCATCGTAAAGAACATTTTGAGGCATTTCAGTCAGTTGCTCAATGTACCTATAACCAGACCGTTCAGCTGGATATTACGGCCTTTTTAAAGACCGTAAAGAAAAATAAGCACAAGTTTTATCCGGCCTTTATTCACATTCTTGCCCGCCTGATGAATGCTCATCCGGAATTCCGTATGGCAATGAAAGACGGTGAGCTGGTGATATGGGATAGTATTCACCCTTGTTACACCGTTTTCCATGAGCAAACTGAAACGTTTTCATCGCTCTGGAGTGAATACCACGACGATTTCCGGCAGTTTCTACACATATATTCGCAAGATGTGGCGTGTTACGGTGAAAACCTGGCCTATTTCCCTAAAGGGTTTATTGAGAATATGTTTTTCGTCTCAGCCAATCCCTGGGTGAGTTTCACCAGTTTTGATTTAAACGTGGCCAATATGGACAACTTCTTCGCCCCCGTTTTCACCATGGGCAAATATTATACGCAAGGCGACAAGGTGCTGATGCCGCTGGCGATTCAGGTTCATCATGCCGTTTGTGATGGCTTCCATGTCGGCAGAATGCTTAATGAATTACAACAGTACTGCAATGAGTGGCAGGGCGGGGCGTAA	ATGGAGAAAAAAATCACTGGATATACCACCGTTGATATATCCCAATGGCATCGT...TAA	660	77	209	868	True	True	True
170	gb|DQ013287|+|0-861|ARO:3001124|SHV-70	ATGCGTTATATTCGCCTGTGTATTATCTCCCTGTTAGCCACCCTGCCGCTGGCG...TAA	861	(24) 5151- (884)	24	884	ATGCGTTATATTCGCCTGTGTATTATCTCCCTGTTAGCCACCCTGCCGCTGGCGGTACACGCCAGCCCGCAGCCGCTTGAGCAAATTAAACAAAGCGAAAGCCAGCTGTCGGGCCGCGTAGGCATGATAGAAATGGATCTGGCCAGCGGCCGCACGCTGACCGCCTGGCGCGCCGATGAACGCTTTCCCATGATGAGCACCTTTAAAGTAGTGCTCTGCGGCGCAGTGCTGGCGCGGGTGGATGCCGGTGACGAACAGCTGGAGCGAAAGATCCACTATCGCCAGCAGGATCTGGTGGACTACTCGCCGGTCAGCGAAAAACACCTTGCCGACGGCATGACGGTCGGCGAACTCTGCGCCGCCGCCATTACCATGAGCGATAACAGCGCCGCCAATCTGCTGCTGGCCACCGTCGGCGGCCCCGCAGGATTGACTGCCTTTTTGCGCCAGATCGGCGACAACGTCACCCGCCTTGACCGCTGGGAAACGGAACTGAATGAGGCGCTTCCCGGCGACGCCCGCGACACCACTACCCCGGCCAGCATGGCCGCGACCCTGCGCAAGCTGCTGACCAGCCAGCGTCTGAGCGCCCGTTCGCAACGGCAGCTGCTGCAGTGGATGGTGGACGATCGGGTCGCCGGACCGTTGATCCGCTCCGTGCTGCCGGCGGGCTGGTTTATCGCCGATAAGACCGGAGCTAGCAAGCGGGGTGCGCGCGGGATTGTCGCCCTGCTTGGCCCGAATAACAAAGCAGAGCGCATCGTGGTGATTTATCTGCGGGATACGCCGGCGAGCATGGCCGAGCGAAATCAGCAAATCGCCGGGATCGGCGCGGCGCTGATCGAGCACTGGCAACGCTAA	ATGCGTTATATTCGCCTGTGTATTATCTCCCTGTTAGCCACCCTGCCGCTGGCG...TAA	861	1000	999	999.0	999	999	ATGCGTTATATTCGCCTGTGTATTATCTCCCTGTTAGCCACCCTGCCGCTGGCG...TAA	861	5151	24	884	False	True	False
171	gb|DQ072853|+|0-861|ARO:3001003|TEM-139	ATGAGTATTCAACATTTTCGTGTCGCCCTTATTCCCTTTTTTGCGGCATTTTGC...TAA	861	(37) 5967+ (897)	37	897	ATGAGTATTCAACATTTCCGTGTCGCCCTTATTCCCTTTTTTGCGGCATTTTGCCTTCCTGTTTTTGCTCACCCAGAAACGCTGGTGAAAGTAAAAGATGCTGAAGATCAGTTGGGTGCACGAGTGGGTTACATCGAACTGGATCTCAACAGCGGTAAGATCCTTGAGAGTTTTCGCCCCGAAGAACGTTTTCCAATGATGAGCACTTTTAAAGTTCTGCTATGTGGTGCGGTATTATCCCGTGTTGACGCCGGGCAAGAGCAACTCGGTCGCCGCATACACTATTCTCAGAATGACTTGGTTGAGTACTCACCAGTCACAGAAAAGCATCTTACGGATGGCATGACAGTAAGAGAATTATGCAGTGCTGCCATAACCATGAGTGATAACACTGCTGCCAACTTACTTCTGACAACGATCGGAGGACCGAAGGAGCTAACCGCTTTTTTGCACAACATGGGGGATCATGTAACTCGCCTTGATCGTTGGGAACCGGAGCTGAATGAAGCCATACCAAACGACGAGCGTGACACCACGATGCCTGCAGCAATGGCAACAACGTTGCGCAAACTATTAACTGGCGAACTACTTACTCTAGCTTCCCGGCAACAATTAATAGACTGGATGGAGGCGGATAAAGTTGCAGGACCACTTCTGCGCTCGGCCCTTCCGGCTGGCTGGTTTATTGCTGATAAATCTGGAGCCGGTGAGCGTGGGTCTCGCGGTATCATTGCAGCACTGGGGCCAGATGGTAAGCCCTCCCGTATCGTAGTTATCTACACGACGGGGAGTCAGGCAACTATGGATGAACGAAATAGACAGATCGCTGAGATAGGTGCCTCACTGATTAAGCATTGGTAA	ATGAGTATTCAACATTTTCGTGTCGCCCTTATTCCCTTTTTTGCGGCATTTTGC...TAA	861	1000	999	999.0	999	999	ATGAGTATTCAACATTTTCGTGTCGCCCTTATTCCCTTTTTTGCGGCATTTTGC...TAA	861	5967	37	897	False	True	False
172	gb|DQ075245|+|217-1078|ARO:3001006|TEM-143	ATGAGTATTCAACATTTTCGTGTCGCCCTTATTCCCTTTTTTGCGGCATTTTGC...TAA	861	(37) 5967+ (897)	37	897	ATGAGTATTCAACATTTCCGTGTCGCCCTTATTCCCTTTTTTGCGGCATTTTGCCTTCCTGTTTTTGCTCACCCAGAAACGCTGGTGAAAGTAAAAGATGCTGAAGATCAGTTGGGTGCACGAGTGGGTTACATCGAACTGGATCTCAACAGCGGTAAGATCCTTGAGAGTTTTCGCCCCGAAGAACGTTTTCCAATGATGAGCACTTTTAAAGTTCTGCTATGTGGTGCGGTATTATCCCGTGTTGACGCCGGGCAAGAGCAACTCGGTCGCCGCATACACTATTCTCAGAATGACTTGGTTGAGTACTCACCAGTCACAGAAAAGCATCTTACGGATGGCATGACAGTAAGAGAATTATGCAGTGCTGCCATAACCATGAGTGATAACACTGCTGCCAACTTACTTCTGACAACGATCGGAGGACCGAAGGAGCTAACCGCTTTTTTGCACAACATGGGGGATCATGTAACTCGCCTTGATCGTTGGGAACCGGAGCTGAATGAAGCCATACCAAACGACGAGCGTGACACCACGATGCCTGCAGCAATGGCAACAACGTTGCGCAAACTATTAACTGGCGAACTACTTACTCTAGCTTCCCGGCAACAATTAATAGACTGGATGGAGGCGGATAAAGTTGCAGGACCACTTCTGCGCTCGGCCCTTCCGGCTGGCTGGTTTATTGCTGATAAATCTGGAGCCGGTGAGCGTGGGTCTCGCGGTATCATTGCAGCACTGGGGCCAGATGGTAAGCCCTCCCGTATCGTAGTTATCTACACGACGGGGAGTCAGGCAACTATGGATGAACGAAATAGACAGATCGCTGAGATAGGTGCCTCACTGATTAAGCATTGGTAA	ATGAGTATTCAACATTTTCGTGTCGCCCTTATTCCCTTTTTTGCGGCATTTTGC...TAA	861	37	897	861.0	5967+	ATGAGTATTCAACATTTCCGTGTCGCCCTTATTCCCTTTTTTGCGGCATTTTGCCTTCCTGTTTTTGCTCACCCAGAAACGCTGGTGAAAGTAAAAGATGCTGAAGATCAGTTGGGTGCACGAGTGGGTTACATCGAACTGGATCTCAACAGCGGTAAGATCCTTGAGAGTTTTCGCCCCGAAGAACGTTTTCCAATGATGAGCACTTTTAAAGTTCTGCTATGTGGTGCGGTATTATCCCGTGTTGACGCCGGGCAAGAGCAACTCGGTCGCCGCATACACTATTCTCAGAATGACTTGGTTGAGTACTCACCAGTCACAGAAAAGCATCTTACGGATGGCATGACAGTAAGAGAATTATGCAGTGCTGCCATAACCATGAGTGATAACACTGCTGCCAACTTACTTCTGACAACGATCGGAGGACCGAAGGAGCTAACCGCTTTTTTGCACAACATGGGGGATCATGTAACTCGCCTTGATCGTTGGGAACCGGAGCTGAATGAAGCCATACCAAACGACGAGCGTGACACCACGATGCCTGCAGCAATGGCAACAACGTTGCGCAAACTATTAACTGGCGAACTACTTACTCTAGCTTCCCGGCAACAATTAATAGACTGGATGGAGGCGGATAAAGTTGCAGGACCACTTCTGCGCTCGGCCCTTCCGGCTGGCTGGTTTATTGCTGATAAATCTGGAGCCGGTGAGCGTGGGTCTCGCGGTATCATTGCAGCACTGGGGCCAGATGGTAAGCCCTCCCGTATCGTAGTTATCTACACGACGGGGAGTCAGGCAACTATGGATGAACGAAATAGACAGATCGCTGAGATAGGTGCCTCACTGATTAAGCATTGGTAA	ATGAGTATTCAACATTTTCGTGTCGCCCTTATTCCCTTTTTTGCGGCATTTTGC...TAA	861	5967	37	897	True	True	True
173	gb|DQ105528|+|0-861|ARO:3001012|TEM-145	ATGAGTATTCAACATTTCCGTGTCGCCCTTATTCCCTTTTTTGCGGCATTTTGC...TAA	861	(37) 5967+ (897)	37	897	ATGAGTATTCAACATTTCCGTGTCGCCCTTATTCCCTTTTTTGCGGCATTTTGCCTTCCTGTTTTTGCTCACCCAGAAACGCTGGTGAAAGTAAAAGATGCTGAAGATCAGTTGGGTGCACGAGTGGGTTACATCGAACTGGATCTCAACAGCGGTAAGATCCTTGAGAGTTTTCGCCCCGAAGAACGTTTTCCAATGATGAGCACTTTTAAAGTTCTGCTATGTGGTGCGGTATTATCCCGTGTTGACGCCGGGCAAGAGCAACTCGGTCGCCGCATACACTATTCTCAGAATGACTTGGTTGAGTACTCACCAGTCACAGAAAAGCATCTTACGGATGGCATGACAGTAAGAGAATTATGCAGTGCTGCCATAACCATGAGTGATAACACTGCTGCCAACTTACTTCTGACAACGATCGGAGGACCGAAGGAGCTAACCGCTTTTTTGCACAACATGGGGGATCATGTAACTCGCCTTGATCGTTGGGAACCGGAGCTGAATGAAGCCATACCAAACGACGAGCGTGACACCACGATGCCTGCAGCAATGGCAACAACGTTGCGCAAACTATTAACTGGCGAACTACTTACTCTAGCTTCCCGGCAACAATTAATAGACTGGATGGAGGCGGATAAAGTTGCAGGACCACTTCTGCGCTCGGCCCTTCCGGCTGGCTGGTTTATTGCTGATAAATCTGGAGCCGGTGAGCGTGGGTCTCGCGGTATCATTGCAGCACTGGGGCCAGATGGTAAGCCCTCCCGTATCGTAGTTATCTACACGACGGGGAGTCAGGCAACTATGGATGAACGAAATAGACAGATCGCTGAGATAGGTGCCTCACTGATTAAGCATTGGTAA	ATGAGTATTCAACATTTCCGTGTCGCCCTTATTCCCTTTTTTGCGGCATTTTGC...TAA	861	37	897	861.0	5967+	ATGAGTATTCAACATTTCCGTGTCGCCCTTATTCCCTTTTTTGCGGCATTTTGCCTTCCTGTTTTTGCTCACCCAGAAACGCTGGTGAAAGTAAAAGATGCTGAAGATCAGTTGGGTGCACGAGTGGGTTACATCGAACTGGATCTCAACAGCGGTAAGATCCTTGAGAGTTTTCGCCCCGAAGAACGTTTTCCAATGATGAGCACTTTTAAAGTTCTGCTATGTGGTGCGGTATTATCCCGTGTTGACGCCGGGCAAGAGCAACTCGGTCGCCGCATACACTATTCTCAGAATGACTTGGTTGAGTACTCACCAGTCACAGAAAAGCATCTTACGGATGGCATGACAGTAAGAGAATTATGCAGTGCTGCCATAACCATGAGTGATAACACTGCTGCCAACTTACTTCTGACAACGATCGGAGGACCGAAGGAGCTAACCGCTTTTTTGCACAACATGGGGGATCATGTAACTCGCCTTGATCGTTGGGAACCGGAGCTGAATGAAGCCATACCAAACGACGAGCGTGACACCACGATGCCTGCAGCAATGGCAACAACGTTGCGCAAACTATTAACTGGCGAACTACTTACTCTAGCTTCCCGGCAACAATTAATAGACTGGATGGAGGCGGATAAAGTTGCAGGACCACTTCTGCGCTCGGCCCTTCCGGCTGGCTGGTTTATTGCTGATAAATCTGGAGCCGGTGAGCGTGGGTCTCGCGGTATCATTGCAGCACTGGGGCCAGATGGTAAGCCCTCCCGTATCGTAGTTATCTACACGACGGGGAGTCAGGCAACTATGGATGAACGAAATAGACAGATCGCTGAGATAGGTGCCTCACTGATTAAGCATTGGTAA	ATGAGTATTCAACATTTCCGTGTCGCCCTTATTCCCTTTTTTGCGGCATTTTGC...TAA	861	5967	37	897	True	True	True
174	gb|DQ105529|+|0-861|ARO:3001013|TEM-146	ATGAGTATTCAACATTTCCGTGTCGCCCTTATTCCCTTTTTTGCGGCATTTTGC...TAA	861	(37) 5967+ (897)	37	897	ATGAGTATTCAACATTTCCGTGTCGCCCTTATTCCCTTTTTTGCGGCATTTTGCCTTCCTGTTTTTGCTCACCCAGAAACGCTGGTGAAAGTAAAAGATGCTGAAGATCAGTTGGGTGCACGAGTGGGTTACATCGAACTGGATCTCAACAGCGGTAAGATCCTTGAGAGTTTTCGCCCCGAAGAACGTTTTCCAATGATGAGCACTTTTAAAGTTCTGCTATGTGGTGCGGTATTATCCCGTGTTGACGCCGGGCAAGAGCAACTCGGTCGCCGCATACACTATTCTCAGAATGACTTGGTTGAGTACTCACCAGTCACAGAAAAGCATCTTACGGATGGCATGACAGTAAGAGAATTATGCAGTGCTGCCATAACCATGAGTGATAACACTGCTGCCAACTTACTTCTGACAACGATCGGAGGACCGAAGGAGCTAACCGCTTTTTTGCACAACATGGGGGATCATGTAACTCGCCTTGATCGTTGGGAACCGGAGCTGAATGAAGCCATACCAAACGACGAGCGTGACACCACGATGCCTGCAGCAATGGCAACAACGTTGCGCAAACTATTAACTGGCGAACTACTTACTCTAGCTTCCCGGCAACAATTAATAGACTGGATGGAGGCGGATAAAGTTGCAGGACCACTTCTGCGCTCGGCCCTTCCGGCTGGCTGGTTTATTGCTGATAAATCTGGAGCCGGTGAGCGTGGGTCTCGCGGTATCATTGCAGCACTGGGGCCAGATGGTAAGCCCTCCCGTATCGTAGTTATCTACACGACGGGGAGTCAGGCAACTATGGATGAACGAAATAGACAGATCGCTGAGATAGGTGCCTCACTGATTAAGCATTGGTAA	ATGAGTATTCAACATTTCCGTGTCGCCCTTATTCCCTTTTTTGCGGCATTTTGC...TAA	861	37	897	861.0	5967+	ATGAGTATTCAACATTTCCGTGTCGCCCTTATTCCCTTTTTTGCGGCATTTTGCCTTCCTGTTTTTGCTCACCCAGAAACGCTGGTGAAAGTAAAAGATGCTGAAGATCAGTTGGGTGCACGAGTGGGTTACATCGAACTGGATCTCAACAGCGGTAAGATCCTTGAGAGTTTTCGCCCCGAAGAACGTTTTCCAATGATGAGCACTTTTAAAGTTCTGCTATGTGGTGCGGTATTATCCCGTGTTGACGCCGGGCAAGAGCAACTCGGTCGCCGCATACACTATTCTCAGAATGACTTGGTTGAGTACTCACCAGTCACAGAAAAGCATCTTACGGATGGCATGACAGTAAGAGAATTATGCAGTGCTGCCATAACCATGAGTGATAACACTGCTGCCAACTTACTTCTGACAACGATCGGAGGACCGAAGGAGCTAACCGCTTTTTTGCACAACATGGGGGATCATGTAACTCGCCTTGATCGTTGGGAACCGGAGCTGAATGAAGCCATACCAAACGACGAGCGTGACACCACGATGCCTGCAGCAATGGCAACAACGTTGCGCAAACTATTAACTGGCGAACTACTTACTCTAGCTTCCCGGCAACAATTAATAGACTGGATGGAGGCGGATAAAGTTGCAGGACCACTTCTGCGCTCGGCCCTTCCGGCTGGCTGGTTTATTGCTGATAAATCTGGAGCCGGTGAGCGTGGGTCTCGCGGTATCATTGCAGCACTGGGGCCAGATGGTAAGCCCTCCCGTATCGTAGTTATCTACACGACGGGGAGTCAGGCAACTATGGATGAACGAAATAGACAGATCGCTGAGATAGGTGCCTCACTGATTAAGCATTGGTAA	ATGAGTATTCAACATTTCCGTGTCGCCCTTATTCCCTTTTTTGCGGCATTTTGC...TAA	861	5967	37	897	True	True	True
175	gb|DQ174304|+|4-865|ARO:3001119|SHV-64	ATGCGTTATATTCGCCTGTGTATTATCTCCCTGTTAGCCACCCTGCCGCTGGCG...TAA	861	(24) 5151- (884)	24	884	ATGCGTTATATTCGCCTGTGTATTATCTCCCTGTTAGCCACCCTGCCGCTGGCGGTACACGCCAGCCCGCAGCCGCTTGAGCAAATTAAACAAAGCGAAAGCCAGCTGTCGGGCCGCGTAGGCATGATAGAAATGGATCTGGCCAGCGGCCGCACGCTGACCGCCTGGCGCGCCGATGAACGCTTTCCCATGATGAGCACCTTTAAAGTAGTGCTCTGCGGCGCAGTGCTGGCGCGGGTGGATGCCGGTGACGAACAGCTGGAGCGAAAGATCCACTATCGCCAGCAGGATCTGGTGGACTACTCGCCGGTCAGCGAAAAACACCTTGCCGACGGCATGACGGTCGGCGAACTCTGCGCCGCCGCCATTACCATGAGCGATAACAGCGCCGCCAATCTGCTGCTGGCCACCGTCGGCGGCCCCGCAGGATTGACTGCCTTTTTGCGCCAGATCGGCGACAACGTCACCCGCCTTGACCGCTGGGAAACGGAACTGAATGAGGCGCTTCCCGGCGACGCCCGCGACACCACTACCCCGGCCAGCATGGCCGCGACCCTGCGCAAGCTGCTGACCAGCCAGCGTCTGAGCGCCCGTTCGCAACGGCAGCTGCTGCAGTGGATGGTGGACGATCGGGTCGCCGGACCGTTGATCCGCTCCGTGCTGCCGGCGGGCTGGTTTATCGCCGATAAGACCGGAGCTAGCAAGCGGGGTGCGCGCGGGATTGTCGCCCTGCTTGGCCCGAATAACAAAGCAGAGCGCATCGTGGTGATTTATCTGCGGGATACGCCGGCGAGCATGGCCGAGCGAAATCAGCAAATCGCCGGGATCGGCGCGGCGCTGATCGAGCACTGGCAACGCTAA	ATGCGTTATATTCGCCTGTGTATTATCTCCCTGTTAGCCACCCTGCCGCTGGCG...TAA	861	24	884	861.0	5151-	ATGCGTTATATTCGCCTGTGTATTATCTCCCTGTTAGCCACCCTGCCGCTGGCGGTACACGCCAGCCCGCAGCCGCTTGAGCAAATTAAACAAAGCGAAAGCCAGCTGTCGGGCCGCGTAGGCATGATAGAAATGGATCTGGCCAGCGGCCGCACGCTGACCGCCTGGCGCGCCGATGAACGCTTTCCCATGATGAGCACCTTTAAAGTAGTGCTCTGCGGCGCAGTGCTGGCGCGGGTGGATGCCGGTGACGAACAGCTGGAGCGAAAGATCCACTATCGCCAGCAGGATCTGGTGGACTACTCGCCGGTCAGCGAAAAACACCTTGCCGACGGCATGACGGTCGGCGAACTCTGCGCCGCCGCCATTACCATGAGCGATAACAGCGCCGCCAATCTGCTGCTGGCCACCGTCGGCGGCCCCGCAGGATTGACTGCCTTTTTGCGCCAGATCGGCGACAACGTCACCCGCCTTGACCGCTGGGAAACGGAACTGAATGAGGCGCTTCCCGGCGACGCCCGCGACACCACTACCCCGGCCAGCATGGCCGCGACCCTGCGCAAGCTGCTGACCAGCCAGCGTCTGAGCGCCCGTTCGCAACGGCAGCTGCTGCAGTGGATGGTGGACGATCGGGTCGCCGGACCGTTGATCCGCTCCGTGCTGCCGGCGGGCTGGTTTATCGCCGATAAGACCGGAGCTAGCAAGCGGGGTGCGCGCGGGATTGTCGCCCTGCTTGGCCCGAATAACAAAGCAGAGCGCATCGTGGTGATTTATCTGCGGGATACGCCGGCGAGCATGGCCGAGCGAAATCAGCAAATCGCCGGGATCGGCGCGGCGCTGATCGAGCACTGGCAACGCTAA	ATGCGTTATATTCGCCTGTGTATTATCTCCCTGTTAGCCACCCTGCCGCTGGCG...TAA	861	5151	24	884	True	True	True
176	gb|DQ174305|+|4-865|ARO:3001120|SHV-65	ATGCGTTATATTCGCCTGTGTATTATCTCCCTGTTAGCCACCCTGCCGCTGGCG...TAA	861	(24) 5151- (884)	24	884	ATGCGTTATATTCGCCTGTGTATTATCTCCCTGTTAGCCACCCTGCCGCTGGCGGTACACGCCAGCCCGCAGCCGCTTGAGCAAATTAAACAAAGCGAAAGCCAGCTGTCGGGCCGCGTAGGCATGATAGAAATGGATCTGGCCAGCGGCCGCACGCTGACCGCCTGGCGCGCCGATGAACGCTTTCCCATGATGAGCACCTTTAAAGTAGTGCTCTGCGGCGCAGTGCTGGCGCGGGTGGATGCCGGTGACGAACAGCTGGAGCGAAAGATCCACTATCGCCAGCAGGATCTGGTGGACTACTCGCCGGTCAGCGAAAAACACCTTGCCGACGGCATGACGGTCGGCGAACTCTGCGCCGCCGCCATTACCATGAGCGATAACAGCGCCGCCAATCTGCTGCTGGCCACCGTCGGCGGCCCCGCAGGATTGACTGCCTTTTTGCGCCAGATCGGCGACAACGTCACCCGCCTTGACCGCTGGGAAACGGAACTGAATGAGGCGCTTCCCGGCGACGCCCGCGACACCACTACCCCGGCCAGCATGGCCGCGACCCTGCGCAAGCTGCTGACCAGCCAGCGTCTGAGCGCCCGTTCGCAACGGCAGCTGCTGCAGTGGATGGTGGACGATCGGGTCGCCGGACCGTTGATCCGCTCCGTGCTGCCGGCGGGCTGGTTTATCGCCGATAAGACCGGAGCTAGCAAGCGGGGTGCGCGCGGGATTGTCGCCCTGCTTGGCCCGAATAACAAAGCAGAGCGCATCGTGGTGATTTATCTGCGGGATACGCCGGCGAGCATGGCCGAGCGAAATCAGCAAATCGCCGGGATCGGCGCGGCGCTGATCGAGCACTGGCAACGCTAA	ATGCGTTATATTCGCCTGTGTATTATCTCCCTGTTAGCCACCCTGCCGCTGGCG...TAA	861	24	884	861.0	5151-	ATGCGTTATATTCGCCTGTGTATTATCTCCCTGTTAGCCACCCTGCCGCTGGCGGTACACGCCAGCCCGCAGCCGCTTGAGCAAATTAAACAAAGCGAAAGCCAGCTGTCGGGCCGCGTAGGCATGATAGAAATGGATCTGGCCAGCGGCCGCACGCTGACCGCCTGGCGCGCCGATGAACGCTTTCCCATGATGAGCACCTTTAAAGTAGTGCTCTGCGGCGCAGTGCTGGCGCGGGTGGATGCCGGTGACGAACAGCTGGAGCGAAAGATCCACTATCGCCAGCAGGATCTGGTGGACTACTCGCCGGTCAGCGAAAAACACCTTGCCGACGGCATGACGGTCGGCGAACTCTGCGCCGCCGCCATTACCATGAGCGATAACAGCGCCGCCAATCTGCTGCTGGCCACCGTCGGCGGCCCCGCAGGATTGACTGCCTTTTTGCGCCAGATCGGCGACAACGTCACCCGCCTTGACCGCTGGGAAACGGAACTGAATGAGGCGCTTCCCGGCGACGCCCGCGACACCACTACCCCGGCCAGCATGGCCGCGACCCTGCGCAAGCTGCTGACCAGCCAGCGTCTGAGCGCCCGTTCGCAACGGCAGCTGCTGCAGTGGATGGTGGACGATCGGGTCGCCGGACCGTTGATCCGCTCCGTGCTGCCGGCGGGCTGGTTTATCGCCGATAAGACCGGAGCTAGCAAGCGGGGTGCGCGCGGGATTGTCGCCCTGCTTGGCCCGAATAACAAAGCAGAGCGCATCGTGGTGATTTATCTGCGGGATACGCCGGCGAGCATGGCCGAGCGAAATCAGCAAATCGCCGGGATCGGCGCGGCGCTGATCGAGCACTGGCAACGCTAA	ATGCGTTATATTCGCCTGTGTATTATCTCCCTGTTAGCCACCCTGCCGCTGGCG...TAA	861	5151	24	884	True	True	True
177	gb|DQ174306|+|4-865|ARO:3001121|SHV-66	ATGCGTTATATTCGCCTGTGTATTATCTCCCTGTTAGCCACCCTGCCGCTGGCG...TAA	861	(24) 5151- (884)	24	884	ATGCGTTATATTCGCCTGTGTATTATCTCCCTGTTAGCCACCCTGCCGCTGGCGGTACACGCCAGCCCGCAGCCGCTTGAGCAAATTAAACAAAGCGAAAGCCAGCTGTCGGGCCGCGTAGGCATGATAGAAATGGATCTGGCCAGCGGCCGCACGCTGACCGCCTGGCGCGCCGATGAACGCTTTCCCATGATGAGCACCTTTAAAGTAGTGCTCTGCGGCGCAGTGCTGGCGCGGGTGGATGCCGGTGACGAACAGCTGGAGCGAAAGATCCACTATCGCCAGCAGGATCTGGTGGACTACTCGCCGGTCAGCGAAAAACACCTTGCCGACGGCATGACGGTCGGCGAACTCTGCGCCGCCGCCATTACCATGAGCGATAACAGCGCCGCCAATCTGCTGCTGGCCACCGTCGGCGGCCCCGCAGGATTGACTGCCTTTTTGCGCCAGATCGGCGACAACGTCACCCGCCTTGACCGCTGGGAAACGGAACTGAATGAGGCGCTTCCCGGCGACGCCCGCGACACCACTACCCCGGCCAGCATGGCCGCGACCCTGCGCAAGCTGCTGACCAGCCAGCGTCTGAGCGCCCGTTCGCAACGGCAGCTGCTGCAGTGGATGGTGGACGATCGGGTCGCCGGACCGTTGATCCGCTCCGTGCTGCCGGCGGGCTGGTTTATCGCCGATAAGACCGGAGCTAGCAAGCGGGGTGCGCGCGGGATTGTCGCCCTGCTTGGCCCGAATAACAAAGCAGAGCGCATCGTGGTGATTTATCTGCGGGATACGCCGGCGAGCATGGCCGAGCGAAATCAGCAAATCGCCGGGATCGGCGCGGCGCTGATCGAGCACTGGCAACGCTAA	ATGCGTTATATTCGCCTGTGTATTATCTCCCTGTTAGCCACCCTGCCGCTGGCG...TAA	861	24	884	861.0	5151-	ATGCGTTATATTCGCCTGTGTATTATCTCCCTGTTAGCCACCCTGCCGCTGGCGGTACACGCCAGCCCGCAGCCGCTTGAGCAAATTAAACAAAGCGAAAGCCAGCTGTCGGGCCGCGTAGGCATGATAGAAATGGATCTGGCCAGCGGCCGCACGCTGACCGCCTGGCGCGCCGATGAACGCTTTCCCATGATGAGCACCTTTAAAGTAGTGCTCTGCGGCGCAGTGCTGGCGCGGGTGGATGCCGGTGACGAACAGCTGGAGCGAAAGATCCACTATCGCCAGCAGGATCTGGTGGACTACTCGCCGGTCAGCGAAAAACACCTTGCCGACGGCATGACGGTCGGCGAACTCTGCGCCGCCGCCATTACCATGAGCGATAACAGCGCCGCCAATCTGCTGCTGGCCACCGTCGGCGGCCCCGCAGGATTGACTGCCTTTTTGCGCCAGATCGGCGACAACGTCACCCGCCTTGACCGCTGGGAAACGGAACTGAATGAGGCGCTTCCCGGCGACGCCCGCGACACCACTACCCCGGCCAGCATGGCCGCGACCCTGCGCAAGCTGCTGACCAGCCAGCGTCTGAGCGCCCGTTCGCAACGGCAGCTGCTGCAGTGGATGGTGGACGATCGGGTCGCCGGACCGTTGATCCGCTCCGTGCTGCCGGCGGGCTGGTTTATCGCCGATAAGACCGGAGCTAGCAAGCGGGGTGCGCGCGGGATTGTCGCCCTGCTTGGCCCGAATAACAAAGCAGAGCGCATCGTGGTGATTTATCTGCGGGATACGCCGGCGAGCATGGCCGAGCGAAATCAGCAAATCGCCGGGATCGGCGCGGCGCTGATCGAGCACTGGCAACGCTAA	ATGCGTTATATTCGCCTGTGTATTATCTCCCTGTTAGCCACCCTGCCGCTGGCG...TAA	861	5151	24	884	True	True	True
178	gb|DQ174307|+|4-865|ARO:3001122|SHV-67	ATGCGTTATATTCGCCTGTGTATTATCTCCCTGTTAGCCACCCTGCCGCTGGCG...TAA	861	(24) 5151- (884)	24	884	ATGCGTTATATTCGCCTGTGTATTATCTCCCTGTTAGCCACCCTGCCGCTGGCGGTACACGCCAGCCCGCAGCCGCTTGAGCAAATTAAACAAAGCGAAAGCCAGCTGTCGGGCCGCGTAGGCATGATAGAAATGGATCTGGCCAGCGGCCGCACGCTGACCGCCTGGCGCGCCGATGAACGCTTTCCCATGATGAGCACCTTTAAAGTAGTGCTCTGCGGCGCAGTGCTGGCGCGGGTGGATGCCGGTGACGAACAGCTGGAGCGAAAGATCCACTATCGCCAGCAGGATCTGGTGGACTACTCGCCGGTCAGCGAAAAACACCTTGCCGACGGCATGACGGTCGGCGAACTCTGCGCCGCCGCCATTACCATGAGCGATAACAGCGCCGCCAATCTGCTGCTGGCCACCGTCGGCGGCCCCGCAGGATTGACTGCCTTTTTGCGCCAGATCGGCGACAACGTCACCCGCCTTGACCGCTGGGAAACGGAACTGAATGAGGCGCTTCCCGGCGACGCCCGCGACACCACTACCCCGGCCAGCATGGCCGCGACCCTGCGCAAGCTGCTGACCAGCCAGCGTCTGAGCGCCCGTTCGCAACGGCAGCTGCTGCAGTGGATGGTGGACGATCGGGTCGCCGGACCGTTGATCCGCTCCGTGCTGCCGGCGGGCTGGTTTATCGCCGATAAGACCGGAGCTAGCAAGCGGGGTGCGCGCGGGATTGTCGCCCTGCTTGGCCCGAATAACAAAGCAGAGCGCATCGTGGTGATTTATCTGCGGGATACGCCGGCGAGCATGGCCGAGCGAAATCAGCAAATCGCCGGGATCGGCGCGGCGCTGATCGAGCACTGGCAACGCTAA	ATGCGTTATATTCGCCTGTGTATTATCTCCCTGTTAGCCACCCTGCCGCTGGCG...TAA	861	1000	999	999.0	999	999	ATGCGTTATATTCGCCTGTGTATTATCTCCCTGTTAGCCACCCTGCCGCTGGCG...TAA	861	5151	24	884	False	True	False
179	gb|DQ174308|+|4-865|ARO:3001123|SHV-69	ATGCGTTATATTCGCCTGTGTATTATCTCCCTGTTAGCCACCCTGCCGCTGGCG...TAA	861	(24) 5151- (884)	24	884	ATGCGTTATATTCGCCTGTGTATTATCTCCCTGTTAGCCACCCTGCCGCTGGCGGTACACGCCAGCCCGCAGCCGCTTGAGCAAATTAAACAAAGCGAAAGCCAGCTGTCGGGCCGCGTAGGCATGATAGAAATGGATCTGGCCAGCGGCCGCACGCTGACCGCCTGGCGCGCCGATGAACGCTTTCCCATGATGAGCACCTTTAAAGTAGTGCTCTGCGGCGCAGTGCTGGCGCGGGTGGATGCCGGTGACGAACAGCTGGAGCGAAAGATCCACTATCGCCAGCAGGATCTGGTGGACTACTCGCCGGTCAGCGAAAAACACCTTGCCGACGGCATGACGGTCGGCGAACTCTGCGCCGCCGCCATTACCATGAGCGATAACAGCGCCGCCAATCTGCTGCTGGCCACCGTCGGCGGCCCCGCAGGATTGACTGCCTTTTTGCGCCAGATCGGCGACAACGTCACCCGCCTTGACCGCTGGGAAACGGAACTGAATGAGGCGCTTCCCGGCGACGCCCGCGACACCACTACCCCGGCCAGCATGGCCGCGACCCTGCGCAAGCTGCTGACCAGCCAGCGTCTGAGCGCCCGTTCGCAACGGCAGCTGCTGCAGTGGATGGTGGACGATCGGGTCGCCGGACCGTTGATCCGCTCCGTGCTGCCGGCGGGCTGGTTTATCGCCGATAAGACCGGAGCTAGCAAGCGGGGTGCGCGCGGGATTGTCGCCCTGCTTGGCCCGAATAACAAAGCAGAGCGCATCGTGGTGATTTATCTGCGGGATACGCCGGCGAGCATGGCCGAGCGAAATCAGCAAATCGCCGGGATCGGCGCGGCGCTGATCGAGCACTGGCAACGCTAA	ATGCGTTATATTCGCCTGTGTATTATCTCCCTGTTAGCCACCCTGCCGCTGGCG...TAA	861	1000	999	999.0	999	999	ATGCGTTATATTCGCCTGTGTATTATCTCCCTGTTAGCCACCCTGCCGCTGGCG...TAA	861	5151	24	884	False	True	False
180	gb|DQ193536|+|0-861|ARO:3001141|SHV-89	ATGCGTTATATTCGCCTGTGTATTATCTCCCTGTTAGCCACCCTGCCGCTGGCG...TAA	861	(24) 5151- (884)	24	884	ATGCGTTATATTCGCCTGTGTATTATCTCCCTGTTAGCCACCCTGCCGCTGGCGGTACACGCCAGCCCGCAGCCGCTTGAGCAAATTAAACAAAGCGAAAGCCAGCTGTCGGGCCGCGTAGGCATGATAGAAATGGATCTGGCCAGCGGCCGCACGCTGACCGCCTGGCGCGCCGATGAACGCTTTCCCATGATGAGCACCTTTAAAGTAGTGCTCTGCGGCGCAGTGCTGGCGCGGGTGGATGCCGGTGACGAACAGCTGGAGCGAAAGATCCACTATCGCCAGCAGGATCTGGTGGACTACTCGCCGGTCAGCGAAAAACACCTTGCCGACGGCATGACGGTCGGCGAACTCTGCGCCGCCGCCATTACCATGAGCGATAACAGCGCCGCCAATCTGCTGCTGGCCACCGTCGGCGGCCCCGCAGGATTGACTGCCTTTTTGCGCCAGATCGGCGACAACGTCACCCGCCTTGACCGCTGGGAAACGGAACTGAATGAGGCGCTTCCCGGCGACGCCCGCGACACCACTACCCCGGCCAGCATGGCCGCGACCCTGCGCAAGCTGCTGACCAGCCAGCGTCTGAGCGCCCGTTCGCAACGGCAGCTGCTGCAGTGGATGGTGGACGATCGGGTCGCCGGACCGTTGATCCGCTCCGTGCTGCCGGCGGGCTGGTTTATCGCCGATAAGACCGGAGCTAGCAAGCGGGGTGCGCGCGGGATTGTCGCCCTGCTTGGCCCGAATAACAAAGCAGAGCGCATCGTGGTGATTTATCTGCGGGATACGCCGGCGAGCATGGCCGAGCGAAATCAGCAAATCGCCGGGATCGGCGCGGCGCTGATCGAGCACTGGCAACGCTAA	ATGCGTTATATTCGCCTGTGTATTATCTCCCTGTTAGCCACCCTGCCGCTGGCG...TAA	861	1000	999	999.0	999	999	ATGCGTTATATTCGCCTGTGTATTATCTCCCTGTTAGCCACCCTGCCGCTGGCG...TAA	861	5151	24	884	False	True	False
181	gb|DQ279850|+|0-861|ARO:3001014|TEM-147	ATGAGTATTCAACATTTCCGTGTCGCCCTTATTCCCTTTTTTGCGGCATTTTGC...TAA	861	(37) 5967+ (897)	37	897	ATGAGTATTCAACATTTCCGTGTCGCCCTTATTCCCTTTTTTGCGGCATTTTGCCTTCCTGTTTTTGCTCACCCAGAAACGCTGGTGAAAGTAAAAGATGCTGAAGATCAGTTGGGTGCACGAGTGGGTTACATCGAACTGGATCTCAACAGCGGTAAGATCCTTGAGAGTTTTCGCCCCGAAGAACGTTTTCCAATGATGAGCACTTTTAAAGTTCTGCTATGTGGTGCGGTATTATCCCGTGTTGACGCCGGGCAAGAGCAACTCGGTCGCCGCATACACTATTCTCAGAATGACTTGGTTGAGTACTCACCAGTCACAGAAAAGCATCTTACGGATGGCATGACAGTAAGAGAATTATGCAGTGCTGCCATAACCATGAGTGATAACACTGCTGCCAACTTACTTCTGACAACGATCGGAGGACCGAAGGAGCTAACCGCTTTTTTGCACAACATGGGGGATCATGTAACTCGCCTTGATCGTTGGGAACCGGAGCTGAATGAAGCCATACCAAACGACGAGCGTGACACCACGATGCCTGCAGCAATGGCAACAACGTTGCGCAAACTATTAACTGGCGAACTACTTACTCTAGCTTCCCGGCAACAATTAATAGACTGGATGGAGGCGGATAAAGTTGCAGGACCACTTCTGCGCTCGGCCCTTCCGGCTGGCTGGTTTATTGCTGATAAATCTGGAGCCGGTGAGCGTGGGTCTCGCGGTATCATTGCAGCACTGGGGCCAGATGGTAAGCCCTCCCGTATCGTAGTTATCTACACGACGGGGAGTCAGGCAACTATGGATGAACGAAATAGACAGATCGCTGAGATAGGTGCCTCACTGATTAAGCATTGGTAA	ATGAGTATTCAACATTTCCGTGTCGCCCTTATTCCCTTTTTTGCGGCATTTTGC...TAA	861	37	897	861.0	5967+	ATGAGTATTCAACATTTCCGTGTCGCCCTTATTCCCTTTTTTGCGGCATTTTGCCTTCCTGTTTTTGCTCACCCAGAAACGCTGGTGAAAGTAAAAGATGCTGAAGATCAGTTGGGTGCACGAGTGGGTTACATCGAACTGGATCTCAACAGCGGTAAGATCCTTGAGAGTTTTCGCCCCGAAGAACGTTTTCCAATGATGAGCACTTTTAAAGTTCTGCTATGTGGTGCGGTATTATCCCGTGTTGACGCCGGGCAAGAGCAACTCGGTCGCCGCATACACTATTCTCAGAATGACTTGGTTGAGTACTCACCAGTCACAGAAAAGCATCTTACGGATGGCATGACAGTAAGAGAATTATGCAGTGCTGCCATAACCATGAGTGATAACACTGCTGCCAACTTACTTCTGACAACGATCGGAGGACCGAAGGAGCTAACCGCTTTTTTGCACAACATGGGGGATCATGTAACTCGCCTTGATCGTTGGGAACCGGAGCTGAATGAAGCCATACCAAACGACGAGCGTGACACCACGATGCCTGCAGCAATGGCAACAACGTTGCGCAAACTATTAACTGGCGAACTACTTACTCTAGCTTCCCGGCAACAATTAATAGACTGGATGGAGGCGGATAAAGTTGCAGGACCACTTCTGCGCTCGGCCCTTCCGGCTGGCTGGTTTATTGCTGATAAATCTGGAGCCGGTGAGCGTGGGTCTCGCGGTATCATTGCAGCACTGGGGCCAGATGGTAAGCCCTCCCGTATCGTAGTTATCTACACGACGGGGAGTCAGGCAACTATGGATGAACGAAATAGACAGATCGCTGAGATAGGTGCCTCACTGATTAAGCATTGGTAA	ATGAGTATTCAACATTTCCGTGTCGCCCTTATTCCCTTTTTTGCGGCATTTTGC...TAA	861	5967	37	897	True	True	True
182	gb|DQ286729|+|0-861|ARO:3000924|TEM-55	ATGAGTATTCAACATTTCCGTGTCGCCCTTATTCCCTTTTTTGCGGCATTTTGC...TAA	861	(37) 5967+ (897)	37	897	ATGAGTATTCAACATTTCCGTGTCGCCCTTATTCCCTTTTTTGCGGCATTTTGCCTTCCTGTTTTTGCTCACCCAGAAACGCTGGTGAAAGTAAAAGATGCTGAAGATCAGTTGGGTGCACGAGTGGGTTACATCGAACTGGATCTCAACAGCGGTAAGATCCTTGAGAGTTTTCGCCCCGAAGAACGTTTTCCAATGATGAGCACTTTTAAAGTTCTGCTATGTGGTGCGGTATTATCCCGTGTTGACGCCGGGCAAGAGCAACTCGGTCGCCGCATACACTATTCTCAGAATGACTTGGTTGAGTACTCACCAGTCACAGAAAAGCATCTTACGGATGGCATGACAGTAAGAGAATTATGCAGTGCTGCCATAACCATGAGTGATAACACTGCTGCCAACTTACTTCTGACAACGATCGGAGGACCGAAGGAGCTAACCGCTTTTTTGCACAACATGGGGGATCATGTAACTCGCCTTGATCGTTGGGAACCGGAGCTGAATGAAGCCATACCAAACGACGAGCGTGACACCACGATGCCTGCAGCAATGGCAACAACGTTGCGCAAACTATTAACTGGCGAACTACTTACTCTAGCTTCCCGGCAACAATTAATAGACTGGATGGAGGCGGATAAAGTTGCAGGACCACTTCTGCGCTCGGCCCTTCCGGCTGGCTGGTTTATTGCTGATAAATCTGGAGCCGGTGAGCGTGGGTCTCGCGGTATCATTGCAGCACTGGGGCCAGATGGTAAGCCCTCCCGTATCGTAGTTATCTACACGACGGGGAGTCAGGCAACTATGGATGAACGAAATAGACAGATCGCTGAGATAGGTGCCTCACTGATTAAGCATTGGTAA	ATGAGTATTCAACATTTCCGTGTCGCCCTTATTCCCTTTTTTGCGGCATTTTGC...TAA	861	1000	999	999.0	999	999	ATGAGTATTCAACATTTCCGTGTCGCCCTTATTCCCTTTTTTGCGGCATTTTGC...TAA	861	5967	37	897	False	True	False
183	gb|DQ303918|+|0-600|ARO:3002547|AAC(6')-Ib-cr	ATGAGCAACGCAAAAACAAAGTTAGGCATCACAAAGTACAGCATCGTGACCAAC...TAA	600	(56) 7593+ (642)	56	642	AAACAAAGTTAGGCATCACAAAGTACAGCATCGTGACCAACAGCAACGATTCCGTCACACTGCGCCTCATGACTGAGCATGACCTTGCGATGCTCTATGAGTGGCTAAATCGATCTCATATCGTCGAGTGGTGGGGCGGAGAAGAAGCACGCCCGACACTTGCTGACGTACAGGAACAGTACTTGCCAAGCGTTTTAGCGCAAGAGTCCGTCACTCCATACATTGCAATGCTGAATGGAGAGCCGATTGGGTATGCCCAGTCGTACGTTGCTCTTGGAAGCGGGGACGGATGGTGGGAAGAAGAAACCGATCCAGGAGTACGCGGAATAGACCAGTTACTGGCGAATGCATCACAACTGGGCAAAGGCTTGGGAACCAAGCTGGTTCGAGCTCTGGTTGAGTTGCTGTTCAATGATCCCGAGGTCACCAAGATCCAAACGGACCCGTCGCCGAGCAACTTGCGAGCGATCCGATGCTACGAGAAAGCGGGGTTTGAGAGGCAAGGTACCGTAACCACCCCAGATGGTCCAGCCGTGTACATGGTTCAAACACGCCAGGCATTCGAGCGAACACGCAGTGTTGCCTAA	ATGAGCAACGCAAAAACAAAGTTAGGCATCACAAAGTACAGCATCGTGACCAAC...TAA	600	47	642	600.0	7593+	AACATTTCCAAACAAAGTTAGGCATCACAAAGTACAGCATCGTGACCAACAGCAACGATTCCGTCACACTGCGCCTCATGACTGAGCATGACCTTGCGATGCTCTATGAGTGGCTAAATCGATCTCATATCGTCGAGTGGTGGGGCGGAGAAGAAGCACGCCCGACACTTGCTGACGTACAGGAACAGTACTTGCCAAGCGTTTTAGCGCAAGAGTCCGTCACTCCATACATTGCAATGCTGAATGGAGAGCCGATTGGGTATGCCCAGTCGTACGTTGCTCTTGGAAGCGGGGACGGATGGTGGGAAGAAGAAACCGATCCAGGAGTACGCGGAATAGACCAGTTACTGGCGAATGCATCACAACTGGGCAAAGGCTTGGGAACCAAGCTGGTTCGAGCTCTGGTTGAGTTGCTGTTCAATGATCCCGAGGTCACCAAGATCCAAACGGACCCGTCGCCGAGCAACTTGCGAGCGATCCGATGCTACGAGAAAGCGGGGTTTGAGAGGCAAGGTACCGTAACCACCCCAGATGGTCCAGCCGTGTACATGGTTCAAACACGCCAGGCATTCGAGCGAACACGCAGTGTTGCCTAA	ATGAGCAACGCAAAAACAAAGTTAGGCATCACAAAGTACAGCATCGTGACCAAC...TAA	600	7593	56	642	False	True	False
184	gb|DQ322460|+|15-876|ARO:3001139|SHV-85	ATGCGTTATATTCGCCTGTGTATTATCTCCCTGTTAGCCACCATGCCGCTGGCG...TAA	861	(24) 5151- (884)	24	884	ATGCGTTATATTCGCCTGTGTATTATCTCCCTGTTAGCCACCCTGCCGCTGGCGGTACACGCCAGCCCGCAGCCGCTTGAGCAAATTAAACAAAGCGAAAGCCAGCTGTCGGGCCGCGTAGGCATGATAGAAATGGATCTGGCCAGCGGCCGCACGCTGACCGCCTGGCGCGCCGATGAACGCTTTCCCATGATGAGCACCTTTAAAGTAGTGCTCTGCGGCGCAGTGCTGGCGCGGGTGGATGCCGGTGACGAACAGCTGGAGCGAAAGATCCACTATCGCCAGCAGGATCTGGTGGACTACTCGCCGGTCAGCGAAAAACACCTTGCCGACGGCATGACGGTCGGCGAACTCTGCGCCGCCGCCATTACCATGAGCGATAACAGCGCCGCCAATCTGCTGCTGGCCACCGTCGGCGGCCCCGCAGGATTGACTGCCTTTTTGCGCCAGATCGGCGACAACGTCACCCGCCTTGACCGCTGGGAAACGGAACTGAATGAGGCGCTTCCCGGCGACGCCCGCGACACCACTACCCCGGCCAGCATGGCCGCGACCCTGCGCAAGCTGCTGACCAGCCAGCGTCTGAGCGCCCGTTCGCAACGGCAGCTGCTGCAGTGGATGGTGGACGATCGGGTCGCCGGACCGTTGATCCGCTCCGTGCTGCCGGCGGGCTGGTTTATCGCCGATAAGACCGGAGCTAGCAAGCGGGGTGCGCGCGGGATTGTCGCCCTGCTTGGCCCGAATAACAAAGCAGAGCGCATCGTGGTGATTTATCTGCGGGATACGCCGGCGAGCATGGCCGAGCGAAATCAGCAAATCGCCGGGATCGGCGCGGCGCTGATCGAGCACTGGCAACGCTAA	ATGCGTTATATTCGCCTGTGTATTATCTCCCTGTTAGCCACCATGCCGCTGGCG...TAA	861	1000	999	999.0	999	999	ATGCGTTATATTCGCCTGTGTATTATCTCCCTGTTAGCCACCATGCCGCTGGCG...TAA	861	5151	24	884	False	True	False
185	gb|DQ328802|+|0-861|ARO:3001140|SHV-86	ATGCGTTTTATTCGCCTGTGTATTATCTCCCTGTTAGCCACCCTGCCGCTGGCG...TAA	861	(24) 5151- (884)	24	884	ATGCGTTATATTCGCCTGTGTATTATCTCCCTGTTAGCCACCCTGCCGCTGGCGGTACACGCCAGCCCGCAGCCGCTTGAGCAAATTAAACAAAGCGAAAGCCAGCTGTCGGGCCGCGTAGGCATGATAGAAATGGATCTGGCCAGCGGCCGCACGCTGACCGCCTGGCGCGCCGATGAACGCTTTCCCATGATGAGCACCTTTAAAGTAGTGCTCTGCGGCGCAGTGCTGGCGCGGGTGGATGCCGGTGACGAACAGCTGGAGCGAAAGATCCACTATCGCCAGCAGGATCTGGTGGACTACTCGCCGGTCAGCGAAAAACACCTTGCCGACGGCATGACGGTCGGCGAACTCTGCGCCGCCGCCATTACCATGAGCGATAACAGCGCCGCCAATCTGCTGCTGGCCACCGTCGGCGGCCCCGCAGGATTGACTGCCTTTTTGCGCCAGATCGGCGACAACGTCACCCGCCTTGACCGCTGGGAAACGGAACTGAATGAGGCGCTTCCCGGCGACGCCCGCGACACCACTACCCCGGCCAGCATGGCCGCGACCCTGCGCAAGCTGCTGACCAGCCAGCGTCTGAGCGCCCGTTCGCAACGGCAGCTGCTGCAGTGGATGGTGGACGATCGGGTCGCCGGACCGTTGATCCGCTCCGTGCTGCCGGCGGGCTGGTTTATCGCCGATAAGACCGGAGCTAGCAAGCGGGGTGCGCGCGGGATTGTCGCCCTGCTTGGCCCGAATAACAAAGCAGAGCGCATCGTGGTGATTTATCTGCGGGATACGCCGGCGAGCATGGCCGAGCGAAATCAGCAAATCGCCGGGATCGGCGCGGCGCTGATCGAGCACTGGCAACGCTAA	ATGCGTTTTATTCGCCTGTGTATTATCTCCCTGTTAGCCACCCTGCCGCTGGCG...TAA	861	1000	999	999.0	999	999	ATGCGTTTTATTCGCCTGTGTATTATCTCCCTGTTAGCCACCCTGCCGCTGGCG...TAA	861	5151	24	884	False	True	False
186	gb|DQ369751|+|0-861|ARO:3001016|TEM-149	ATGAGTATTCAACATTTCCGTGTCGCCCTTATTCCCTTTTTTGCGGCATTTTGC...TAA	861	(37) 5967+ (897)	37	897	ATGAGTATTCAACATTTCCGTGTCGCCCTTATTCCCTTTTTTGCGGCATTTTGCCTTCCTGTTTTTGCTCACCCAGAAACGCTGGTGAAAGTAAAAGATGCTGAAGATCAGTTGGGTGCACGAGTGGGTTACATCGAACTGGATCTCAACAGCGGTAAGATCCTTGAGAGTTTTCGCCCCGAAGAACGTTTTCCAATGATGAGCACTTTTAAAGTTCTGCTATGTGGTGCGGTATTATCCCGTGTTGACGCCGGGCAAGAGCAACTCGGTCGCCGCATACACTATTCTCAGAATGACTTGGTTGAGTACTCACCAGTCACAGAAAAGCATCTTACGGATGGCATGACAGTAAGAGAATTATGCAGTGCTGCCATAACCATGAGTGATAACACTGCTGCCAACTTACTTCTGACAACGATCGGAGGACCGAAGGAGCTAACCGCTTTTTTGCACAACATGGGGGATCATGTAACTCGCCTTGATCGTTGGGAACCGGAGCTGAATGAAGCCATACCAAACGACGAGCGTGACACCACGATGCCTGCAGCAATGGCAACAACGTTGCGCAAACTATTAACTGGCGAACTACTTACTCTAGCTTCCCGGCAACAATTAATAGACTGGATGGAGGCGGATAAAGTTGCAGGACCACTTCTGCGCTCGGCCCTTCCGGCTGGCTGGTTTATTGCTGATAAATCTGGAGCCGGTGAGCGTGGGTCTCGCGGTATCATTGCAGCACTGGGGCCAGATGGTAAGCCCTCCCGTATCGTAGTTATCTACACGACGGGGAGTCAGGCAACTATGGATGAACGAAATAGACAGATCGCTGAGATAGGTGCCTCACTGATTAAGCATTGGTAA	ATGAGTATTCAACATTTCCGTGTCGCCCTTATTCCCTTTTTTGCGGCATTTTGC...TAA	861	37	897	861.0	5967+	ATGAGTATTCAACATTTCCGTGTCGCCCTTATTCCCTTTTTTGCGGCATTTTGCCTTCCTGTTTTTGCTCACCCAGAAACGCTGGTGAAAGTAAAAGATGCTGAAGATCAGTTGGGTGCACGAGTGGGTTACATCGAACTGGATCTCAACAGCGGTAAGATCCTTGAGAGTTTTCGCCCCGAAGAACGTTTTCCAATGATGAGCACTTTTAAAGTTCTGCTATGTGGTGCGGTATTATCCCGTGTTGACGCCGGGCAAGAGCAACTCGGTCGCCGCATACACTATTCTCAGAATGACTTGGTTGAGTACTCACCAGTCACAGAAAAGCATCTTACGGATGGCATGACAGTAAGAGAATTATGCAGTGCTGCCATAACCATGAGTGATAACACTGCTGCCAACTTACTTCTGACAACGATCGGAGGACCGAAGGAGCTAACCGCTTTTTTGCACAACATGGGGGATCATGTAACTCGCCTTGATCGTTGGGAACCGGAGCTGAATGAAGCCATACCAAACGACGAGCGTGACACCACGATGCCTGCAGCAATGGCAACAACGTTGCGCAAACTATTAACTGGCGAACTACTTACTCTAGCTTCCCGGCAACAATTAATAGACTGGATGGAGGCGGATAAAGTTGCAGGACCACTTCTGCGCTCGGCCCTTCCGGCTGGCTGGTTTATTGCTGATAAATCTGGAGCCGGTGAGCGTGGGTCTCGCGGTATCATTGCAGCACTGGGGCCAGATGGTAAGCCCTCCCGTATCGTAGTTATCTACACGACGGGGAGTCAGGCAACTATGGATGAACGAAATAGACAGATCGCTGAGATAGGTGCCTCACTGATTAAGCATTGGTAA	ATGAGTATTCAACATTTCCGTGTCGCCCTTATTCCCTTTTTTGCGGCATTTTGC...TAA	861	5967	37	897	True	True	True
187	gb|DQ388882|+|0-861|ARO:3001005|TEM-142	ATGAGTATTCAACATTTCCGTGTCGCCCTTATTCCCTTTTTTGCGGCATTTTGC...TAA	861	(37) 5967+ (897)	37	897	ATGAGTATTCAACATTTCCGTGTCGCCCTTATTCCCTTTTTTGCGGCATTTTGCCTTCCTGTTTTTGCTCACCCAGAAACGCTGGTGAAAGTAAAAGATGCTGAAGATCAGTTGGGTGCACGAGTGGGTTACATCGAACTGGATCTCAACAGCGGTAAGATCCTTGAGAGTTTTCGCCCCGAAGAACGTTTTCCAATGATGAGCACTTTTAAAGTTCTGCTATGTGGTGCGGTATTATCCCGTGTTGACGCCGGGCAAGAGCAACTCGGTCGCCGCATACACTATTCTCAGAATGACTTGGTTGAGTACTCACCAGTCACAGAAAAGCATCTTACGGATGGCATGACAGTAAGAGAATTATGCAGTGCTGCCATAACCATGAGTGATAACACTGCTGCCAACTTACTTCTGACAACGATCGGAGGACCGAAGGAGCTAACCGCTTTTTTGCACAACATGGGGGATCATGTAACTCGCCTTGATCGTTGGGAACCGGAGCTGAATGAAGCCATACCAAACGACGAGCGTGACACCACGATGCCTGCAGCAATGGCAACAACGTTGCGCAAACTATTAACTGGCGAACTACTTACTCTAGCTTCCCGGCAACAATTAATAGACTGGATGGAGGCGGATAAAGTTGCAGGACCACTTCTGCGCTCGGCCCTTCCGGCTGGCTGGTTTATTGCTGATAAATCTGGAGCCGGTGAGCGTGGGTCTCGCGGTATCATTGCAGCACTGGGGCCAGATGGTAAGCCCTCCCGTATCGTAGTTATCTACACGACGGGGAGTCAGGCAACTATGGATGAACGAAATAGACAGATCGCTGAGATAGGTGCCTCACTGATTAAGCATTGGTAA	ATGAGTATTCAACATTTCCGTGTCGCCCTTATTCCCTTTTTTGCGGCATTTTGC...TAA	861	37	897	861.0	5967+	ATGAGTATTCAACATTTCCGTGTCGCCCTTATTCCCTTTTTTGCGGCATTTTGCCTTCCTGTTTTTGCTCACCCAGAAACGCTGGTGAAAGTAAAAGATGCTGAAGATCAGTTGGGTGCACGAGTGGGTTACATCGAACTGGATCTCAACAGCGGTAAGATCCTTGAGAGTTTTCGCCCCGAAGAACGTTTTCCAATGATGAGCACTTTTAAAGTTCTGCTATGTGGTGCGGTATTATCCCGTGTTGACGCCGGGCAAGAGCAACTCGGTCGCCGCATACACTATTCTCAGAATGACTTGGTTGAGTACTCACCAGTCACAGAAAAGCATCTTACGGATGGCATGACAGTAAGAGAATTATGCAGTGCTGCCATAACCATGAGTGATAACACTGCTGCCAACTTACTTCTGACAACGATCGGAGGACCGAAGGAGCTAACCGCTTTTTTGCACAACATGGGGGATCATGTAACTCGCCTTGATCGTTGGGAACCGGAGCTGAATGAAGCCATACCAAACGACGAGCGTGACACCACGATGCCTGCAGCAATGGCAACAACGTTGCGCAAACTATTAACTGGCGAACTACTTACTCTAGCTTCCCGGCAACAATTAATAGACTGGATGGAGGCGGATAAAGTTGCAGGACCACTTCTGCGCTCGGCCCTTCCGGCTGGCTGGTTTATTGCTGATAAATCTGGAGCCGGTGAGCGTGGGTCTCGCGGTATCATTGCAGCACTGGGGCCAGATGGTAAGCCCTCCCGTATCGTAGTTATCTACACGACGGGGAGTCAGGCAACTATGGATGAACGAAATAGACAGATCGCTGAGATAGGTGCCTCACTGATTAAGCATTGGTAA	ATGAGTATTCAACATTTCCGTGTCGCCCTTATTCCCTTTTTTGCGGCATTTTGC...TAA	861	5967	37	897	True	True	True
188	gb|DQ393783|+|1799-2591|ARO:3002615|aadA15	ATGAGGGAAGCGGTGATCGCCGAAGTATCGACTCAACTATCAGAGGTAGTTGGC...TGA	792	{(712) 7593+ (1498) , (1688) 7591+ (2479)}	{712, 1688}	{1498, 2479}	{ATGAGGGAAGCGGTGATCGCCGAAGTATCGACTCAACTATCAGAGGTAGTTGGCGTCATCGAGCGCCATCTCGAACCGACGTTGCTGGCCGTACATTTGTACGGCTCCGCAGTGGATGGCGGCCTGAAGCCACACAGTGATATTGATTTGCTGGTTACGGTGACCGTAAGGCTTGATGAAACAACGCGGCGAGCTTTGATCAACGACCTTTTGGAAACTTCGGCTTCCCCTGGAGAGAGCGAGATTCTCCGCGCTGTAGAAGTCACCATTGTTGTGCACGACGACATCATTCCGTGGCGTTATCCAGCTAAGCGCGAACTGCAATTTGGAGAATGGCAGCGCAATGACATTCTTGCAGGTATCTTCGAGCCAGCCACGATCGACATTGATCTGGCTATCTTGCTGACAAAAGCAAGAGAACATAGCGTTGCCTTGGTAGGTCCAGCGGCGGAGGAACTCTTTGATCCGGTTCCTGAACAGGATCTATTTGAGGCGCTAAATGAAACCTTAACGCTATGGAACTCGCCGCCCGACTGGGCTGGCGATGAGCGAAATGTAGTGCTTACGTTGTCCCGCATTTGGTACAGCGCAGTAACCGGCAAAATCGCGCCGAAGGATGTCGCTGCCGACTGGGCAATGGAGCGCCTGCCGGCCCAGTATCAGCCCGTCATACTTGAAGCTAGGCAGGCTTATCTTGGACAAGAAGATCGCTTGGCCTCGCGCGCAGATCAGTTGGAAGAATTTGTTCACTACGTGAAAGGCGAGATCACCAAGGTAGTCGGCAAAT, ATGAGGGTAGCGGTGACCATCGAAATTTCGAACCAACTATCAGAGGTGCTAAGCGTCATTGAGCGCCATCTGGAATCAACGTTGCTGGCCGTGCATTTGTACGGCTCCGCAGTGGATGGCGGCCTGAAGCCATACAGCGATATTGATTTGTTGGTTACTGTGGCCGTAAAGCTTGATGAAACGACGCGGCGAGCATTGCTCAATGACCTTATGGAGGCTTCGGCTTTCCCTGGCGAGAGCGAGACGCTCCGCGCTATAGAAGTCACCCTTGTCGTGCATGACGACATCATCCCGTGGCGTTATCCGGCTAAGCGCGAGCTGCAATTTGGAGAATGGCAGCGCAATGACATTCTTGCGGGTATCTTCGAGCCAGCCATGATCGACATTGATCTAGCTATCCTGCTTACAAAAGCAAGAGAACATAGCGTTGCCTTGGTAGGTCCGGCAGCGGAGGAATTCTTTGACCCGGTTCCTGAACAGGATCTATTCGAGGCGCTGAGGGAAACCTTGAAGCTATGGAACTCGCAGCCCGACTGGGCCGGCGATGAGCGAAATGTAGTGCTTACGTTGTCCCGCATTTGGTACAGCGCAATAACCGGCAAAATCGCGCCGAAGGATGTCGCTGCCGACTGGGCAATAAAACGCCTACCTGCCCAGTATCAGCCCGTCTTACTTGAAGCTAAGCAAGCTTATCTGGGACAAAAAGAAGATCACTTGGCCTCACGCGCAGATCACTTGGAAGAATTTATTCGCTTTGTGAAAGGCGAGATCATCAAGTCAGTTGGTAAATGA}	ATGAGGGAAGCGGTGATCGCCGAAGTATCGACTCAACTATCAGAGGTAGTTGGC...TGA	792	712	1499	792.0	7593+	ATGAGGGAAGCGGTGATCGCCGAAGTATCGACTCAACTATCAGAGGTAGTTGGCGTCATCGAGCGCCATCTCGAACCGACGTTGCTGGCCGTACATTTGTACGGCTCCGCAGTGGATGGCGGCCTGAAGCCACACAGTGATATTGATTTGCTGGTTACGGTGACCGTAAGGCTTGATGAAACAACGCGGCGAGCTTTGATCAACGACCTTTTGGAAACTTCGGCTTCCCCTGGAGAGAGCGAGATTCTCCGCGCTGTAGAAGTCACCATTGTTGTGCACGACGACATCATTCCGTGGCGTTATCCAGCTAAGCGCGAACTGCAATTTGGAGAATGGCAGCGCAATGACATTCTTGCAGGTATCTTCGAGCCAGCCACGATCGACATTGATCTGGCTATCTTGCTGACAAAAGCAAGAGAACATAGCGTTGCCTTGGTAGGTCCAGCGGCGGAGGAACTCTTTGATCCGGTTCCTGAACAGGATCTATTTGAGGCGCTAAATGAAACCTTAACGCTATGGAACTCGCCGCCCGACTGGGCTGGCGATGAGCGAAATGTAGTGCTTACGTTGTCCCGCATTTGGTACAGCGCAGTAACCGGCAAAATCGCGCCGAAGGATGTCGCTGCCGACTGGGCAATGGAGCGCCTGCCGGCCCAGTATCAGCCCGTCATACTTGAAGCTAGGCAGGCTTATCTTGGACAAGAAGATCGCTTGGCCTCGCGCGCAGATCAGTTGGAAGAATTTGTTCACTACGTGAAAGGCGAGATCACCAAGGTAGTCGGCAAATA	ATGAGGGAAGCGGTGATCGCCGAAGTATCGACTCAACTATCAGAGGTAGTTGGC...TGA	792	7593	712	1498	False	False	False
189	gb|DQ677333|+|0-780|ARO:3002621|aadA24	GTGACCATCGAAATTTCGAACCAACTATCAGAGGTGCTAAGCGTCATTGAGCGC...TAA	780	{(732) 7593+ (1500) , (1700) 7591+ (2477)}	{732, 1700}	{1500, 2477}	{CGAAGTATCGACTCAACTATCAGAGGTAGTTGGCGTCATCGAGCGCCATCTCGAACCGACGTTGCTGGCCGTACATTTGTACGGCTCCGCAGTGGATGGCGGCCTGAAGCCACACAGTGATATTGATTTGCTGGTTACGGTGACCGTAAGGCTTGATGAAACAACGCGGCGAGCTTTGATCAACGACCTTTTGGAAACTTCGGCTTCCCCTGGAGAGAGCGAGATTCTCCGCGCTGTAGAAGTCACCATTGTTGTGCACGACGACATCATTCCGTGGCGTTATCCAGCTAAGCGCGAACTGCAATTTGGAGAATGGCAGCGCAATGACATTCTTGCAGGTATCTTCGAGCCAGCCACGATCGACATTGATCTGGCTATCTTGCTGACAAAAGCAAGAGAACATAGCGTTGCCTTGGTAGGTCCAGCGGCGGAGGAACTCTTTGATCCGGTTCCTGAACAGGATCTATTTGAGGCGCTAAATGAAACCTTAACGCTATGGAACTCGCCGCCCGACTGGGCTGGCGATGAGCGAAATGTAGTGCTTACGTTGTCCCGCATTTGGTACAGCGCAGTAACCGGCAAAATCGCGCCGAAGGATGTCGCTGCCGACTGGGCAATGGAGCGCCTGCCGGCCCAGTATCAGCCCGTCATACTTGAAGCTAGGCAGGCTTATCTTGGACAAGAAGATCGCTTGGCCTCGCGCGCAGATCAGTTGGAAGAATTTGTTCACTACGTGAAAGGCGAGATCACCAAGGTAGTCGGCAAATAA, GTGACCATCGAAATTTCGAACCAACTATCAGAGGTGCTAAGCGTCATTGAGCGCCATCTGGAATCAACGTTGCTGGCCGTGCATTTGTACGGCTCCGCAGTGGATGGCGGCCTGAAGCCATACAGCGATATTGATTTGTTGGTTACTGTGGCCGTAAAGCTTGATGAAACGACGCGGCGAGCATTGCTCAATGACCTTATGGAGGCTTCGGCTTTCCCTGGCGAGAGCGAGACGCTCCGCGCTATAGAAGTCACCCTTGTCGTGCATGACGACATCATCCCGTGGCGTTATCCGGCTAAGCGCGAGCTGCAATTTGGAGAATGGCAGCGCAATGACATTCTTGCGGGTATCTTCGAGCCAGCCATGATCGACATTGATCTAGCTATCCTGCTTACAAAAGCAAGAGAACATAGCGTTGCCTTGGTAGGTCCGGCAGCGGAGGAATTCTTTGACCCGGTTCCTGAACAGGATCTATTCGAGGCGCTGAGGGAAACCTTGAAGCTATGGAACTCGCAGCCCGACTGGGCCGGCGATGAGCGAAATGTAGTGCTTACGTTGTCCCGCATTTGGTACAGCGCAATAACCGGCAAAATCGCGCCGAAGGATGTCGCTGCCGACTGGGCAATAAAACGCCTACCTGCCCAGTATCAGCCCGTCTTACTTGAAGCTAAGCAAGCTTATCTGGGACAAAAAGAAGATCACTTGGCCTCACGCGCAGATCACTTGGAAGAATTTATTCGCTTTGTGAAAGGCGAGATCATCAAGTCAGTTGGTAAAT}	GTGACCATCGAAATTTCGAACCAACTATCAGAGGTGCTAAGCGTCATTGAGCGC...TAA	780	724	1500	780.0	7593+	GTGATCGCCGAAGTATCGACTCAACTATCAGAGGTAGTTGGCGTCATCGAGCGCCATCTCGAACCGACGTTGCTGGCCGTACATTTGTACGGCTCCGCAGTGGATGGCGGCCTGAAGCCACACAGTGATATTGATTTGCTGGTTACGGTGACCGTAAGGCTTGATGAAACAACGCGGCGAGCTTTGATCAACGACCTTTTGGAAACTTCGGCTTCCCCTGGAGAGAGCGAGATTCTCCGCGCTGTAGAAGTCACCATTGTTGTGCACGACGACATCATTCCGTGGCGTTATCCAGCTAAGCGCGAACTGCAATTTGGAGAATGGCAGCGCAATGACATTCTTGCAGGTATCTTCGAGCCAGCCACGATCGACATTGATCTGGCTATCTTGCTGACAAAAGCAAGAGAACATAGCGTTGCCTTGGTAGGTCCAGCGGCGGAGGAACTCTTTGATCCGGTTCCTGAACAGGATCTATTTGAGGCGCTAAATGAAACCTTAACGCTATGGAACTCGCCGCCCGACTGGGCTGGCGATGAGCGAAATGTAGTGCTTACGTTGTCCCGCATTTGGTACAGCGCAGTAACCGGCAAAATCGCGCCGAAGGATGTCGCTGCCGACTGGGCAATGGAGCGCCTGCCGGCCCAGTATCAGCCCGTCATACTTGAAGCTAGGCAGGCTTATCTTGGACAAGAAGATCGCTTGGCCTCGCGCGCAGATCAGTTGGAAGAATTTGTTCACTACGTGAAAGGCGAGATCACCAAGGTAGTCGGCAAATAA	GTGACCATCGAAATTTCGAACCAACTATCAGAGGTGCTAAGCGTCATTGAGCGC...TAA	780	7593	732	1500	False	False	False
190	gb|DQ679961|+|114-975|ARO:3001021|TEM-155	ATGAGTATTCAACATTTCCGTGTCGCCCTTATTCCCTTTTTTGCGGCATTTTGC...TAA	861	(37) 5967+ (897)	37	897	ATGAGTATTCAACATTTCCGTGTCGCCCTTATTCCCTTTTTTGCGGCATTTTGCCTTCCTGTTTTTGCTCACCCAGAAACGCTGGTGAAAGTAAAAGATGCTGAAGATCAGTTGGGTGCACGAGTGGGTTACATCGAACTGGATCTCAACAGCGGTAAGATCCTTGAGAGTTTTCGCCCCGAAGAACGTTTTCCAATGATGAGCACTTTTAAAGTTCTGCTATGTGGTGCGGTATTATCCCGTGTTGACGCCGGGCAAGAGCAACTCGGTCGCCGCATACACTATTCTCAGAATGACTTGGTTGAGTACTCACCAGTCACAGAAAAGCATCTTACGGATGGCATGACAGTAAGAGAATTATGCAGTGCTGCCATAACCATGAGTGATAACACTGCTGCCAACTTACTTCTGACAACGATCGGAGGACCGAAGGAGCTAACCGCTTTTTTGCACAACATGGGGGATCATGTAACTCGCCTTGATCGTTGGGAACCGGAGCTGAATGAAGCCATACCAAACGACGAGCGTGACACCACGATGCCTGCAGCAATGGCAACAACGTTGCGCAAACTATTAACTGGCGAACTACTTACTCTAGCTTCCCGGCAACAATTAATAGACTGGATGGAGGCGGATAAAGTTGCAGGACCACTTCTGCGCTCGGCCCTTCCGGCTGGCTGGTTTATTGCTGATAAATCTGGAGCCGGTGAGCGTGGGTCTCGCGGTATCATTGCAGCACTGGGGCCAGATGGTAAGCCCTCCCGTATCGTAGTTATCTACACGACGGGGAGTCAGGCAACTATGGATGAACGAAATAGACAGATCGCTGAGATAGGTGCCTCACTGATTAAGCATTGGTAA	ATGAGTATTCAACATTTCCGTGTCGCCCTTATTCCCTTTTTTGCGGCATTTTGC...TAA	861	37	897	861.0	5967+	ATGAGTATTCAACATTTCCGTGTCGCCCTTATTCCCTTTTTTGCGGCATTTTGCCTTCCTGTTTTTGCTCACCCAGAAACGCTGGTGAAAGTAAAAGATGCTGAAGATCAGTTGGGTGCACGAGTGGGTTACATCGAACTGGATCTCAACAGCGGTAAGATCCTTGAGAGTTTTCGCCCCGAAGAACGTTTTCCAATGATGAGCACTTTTAAAGTTCTGCTATGTGGTGCGGTATTATCCCGTGTTGACGCCGGGCAAGAGCAACTCGGTCGCCGCATACACTATTCTCAGAATGACTTGGTTGAGTACTCACCAGTCACAGAAAAGCATCTTACGGATGGCATGACAGTAAGAGAATTATGCAGTGCTGCCATAACCATGAGTGATAACACTGCTGCCAACTTACTTCTGACAACGATCGGAGGACCGAAGGAGCTAACCGCTTTTTTGCACAACATGGGGGATCATGTAACTCGCCTTGATCGTTGGGAACCGGAGCTGAATGAAGCCATACCAAACGACGAGCGTGACACCACGATGCCTGCAGCAATGGCAACAACGTTGCGCAAACTATTAACTGGCGAACTACTTACTCTAGCTTCCCGGCAACAATTAATAGACTGGATGGAGGCGGATAAAGTTGCAGGACCACTTCTGCGCTCGGCCCTTCCGGCTGGCTGGTTTATTGCTGATAAATCTGGAGCCGGTGAGCGTGGGTCTCGCGGTATCATTGCAGCACTGGGGCCAGATGGTAAGCCCTCCCGTATCGTAGTTATCTACACGACGGGGAGTCAGGCAACTATGGATGAACGAAATAGACAGATCGCTGAGATAGGTGCCTCACTGATTAAGCATTGGTAA	ATGAGTATTCAACATTTCCGTGTCGCCCTTATTCCCTTTTTTGCGGCATTTTGC...TAA	861	5967	37	897	True	True	True
191	gb|DQ834728|+|205-1066|ARO:3001019|TEM-152	ATGAGTATTCAACATTTCCGTGTCGCCCTTATTCCCTTTTTTGCGGCATTTTGC...TAA	861	(37) 5967+ (897)	37	897	ATGAGTATTCAACATTTCCGTGTCGCCCTTATTCCCTTTTTTGCGGCATTTTGCCTTCCTGTTTTTGCTCACCCAGAAACGCTGGTGAAAGTAAAAGATGCTGAAGATCAGTTGGGTGCACGAGTGGGTTACATCGAACTGGATCTCAACAGCGGTAAGATCCTTGAGAGTTTTCGCCCCGAAGAACGTTTTCCAATGATGAGCACTTTTAAAGTTCTGCTATGTGGTGCGGTATTATCCCGTGTTGACGCCGGGCAAGAGCAACTCGGTCGCCGCATACACTATTCTCAGAATGACTTGGTTGAGTACTCACCAGTCACAGAAAAGCATCTTACGGATGGCATGACAGTAAGAGAATTATGCAGTGCTGCCATAACCATGAGTGATAACACTGCTGCCAACTTACTTCTGACAACGATCGGAGGACCGAAGGAGCTAACCGCTTTTTTGCACAACATGGGGGATCATGTAACTCGCCTTGATCGTTGGGAACCGGAGCTGAATGAAGCCATACCAAACGACGAGCGTGACACCACGATGCCTGCAGCAATGGCAACAACGTTGCGCAAACTATTAACTGGCGAACTACTTACTCTAGCTTCCCGGCAACAATTAATAGACTGGATGGAGGCGGATAAAGTTGCAGGACCACTTCTGCGCTCGGCCCTTCCGGCTGGCTGGTTTATTGCTGATAAATCTGGAGCCGGTGAGCGTGGGTCTCGCGGTATCATTGCAGCACTGGGGCCAGATGGTAAGCCCTCCCGTATCGTAGTTATCTACACGACGGGGAGTCAGGCAACTATGGATGAACGAAATAGACAGATCGCTGAGATAGGTGCCTCACTGATTAAGCATTGGTAA	ATGAGTATTCAACATTTCCGTGTCGCCCTTATTCCCTTTTTTGCGGCATTTTGC...TAA	861	37	897	861.0	5967+	ATGAGTATTCAACATTTCCGTGTCGCCCTTATTCCCTTTTTTGCGGCATTTTGCCTTCCTGTTTTTGCTCACCCAGAAACGCTGGTGAAAGTAAAAGATGCTGAAGATCAGTTGGGTGCACGAGTGGGTTACATCGAACTGGATCTCAACAGCGGTAAGATCCTTGAGAGTTTTCGCCCCGAAGAACGTTTTCCAATGATGAGCACTTTTAAAGTTCTGCTATGTGGTGCGGTATTATCCCGTGTTGACGCCGGGCAAGAGCAACTCGGTCGCCGCATACACTATTCTCAGAATGACTTGGTTGAGTACTCACCAGTCACAGAAAAGCATCTTACGGATGGCATGACAGTAAGAGAATTATGCAGTGCTGCCATAACCATGAGTGATAACACTGCTGCCAACTTACTTCTGACAACGATCGGAGGACCGAAGGAGCTAACCGCTTTTTTGCACAACATGGGGGATCATGTAACTCGCCTTGATCGTTGGGAACCGGAGCTGAATGAAGCCATACCAAACGACGAGCGTGACACCACGATGCCTGCAGCAATGGCAACAACGTTGCGCAAACTATTAACTGGCGAACTACTTACTCTAGCTTCCCGGCAACAATTAATAGACTGGATGGAGGCGGATAAAGTTGCAGGACCACTTCTGCGCTCGGCCCTTCCGGCTGGCTGGTTTATTGCTGATAAATCTGGAGCCGGTGAGCGTGGGTCTCGCGGTATCATTGCAGCACTGGGGCCAGATGGTAAGCCCTCCCGTATCGTAGTTATCTACACGACGGGGAGTCAGGCAACTATGGATGAACGAAATAGACAGATCGCTGAGATAGGTGCCTCACTGATTAAGCATTGGTAA	ATGAGTATTCAACATTTCCGTGTCGCCCTTATTCCCTTTTTTGCGGCATTTTGC...TAA	861	5967	37	897	True	True	True
192	gb|DQ834729|+|205-1066|ARO:3001018|TEM-151	ATGAGTATTCAACATTTCCGTGTCGCCCTTATTCCCTTTTTTGCGGCATTTTGC...TAA	861	(37) 5967+ (897)	37	897	ATGAGTATTCAACATTTCCGTGTCGCCCTTATTCCCTTTTTTGCGGCATTTTGCCTTCCTGTTTTTGCTCACCCAGAAACGCTGGTGAAAGTAAAAGATGCTGAAGATCAGTTGGGTGCACGAGTGGGTTACATCGAACTGGATCTCAACAGCGGTAAGATCCTTGAGAGTTTTCGCCCCGAAGAACGTTTTCCAATGATGAGCACTTTTAAAGTTCTGCTATGTGGTGCGGTATTATCCCGTGTTGACGCCGGGCAAGAGCAACTCGGTCGCCGCATACACTATTCTCAGAATGACTTGGTTGAGTACTCACCAGTCACAGAAAAGCATCTTACGGATGGCATGACAGTAAGAGAATTATGCAGTGCTGCCATAACCATGAGTGATAACACTGCTGCCAACTTACTTCTGACAACGATCGGAGGACCGAAGGAGCTAACCGCTTTTTTGCACAACATGGGGGATCATGTAACTCGCCTTGATCGTTGGGAACCGGAGCTGAATGAAGCCATACCAAACGACGAGCGTGACACCACGATGCCTGCAGCAATGGCAACAACGTTGCGCAAACTATTAACTGGCGAACTACTTACTCTAGCTTCCCGGCAACAATTAATAGACTGGATGGAGGCGGATAAAGTTGCAGGACCACTTCTGCGCTCGGCCCTTCCGGCTGGCTGGTTTATTGCTGATAAATCTGGAGCCGGTGAGCGTGGGTCTCGCGGTATCATTGCAGCACTGGGGCCAGATGGTAAGCCCTCCCGTATCGTAGTTATCTACACGACGGGGAGTCAGGCAACTATGGATGAACGAAATAGACAGATCGCTGAGATAGGTGCCTCACTGATTAAGCATTGGTAA	ATGAGTATTCAACATTTCCGTGTCGCCCTTATTCCCTTTTTTGCGGCATTTTGC...TAA	861	37	897	861.0	5967+	ATGAGTATTCAACATTTCCGTGTCGCCCTTATTCCCTTTTTTGCGGCATTTTGCCTTCCTGTTTTTGCTCACCCAGAAACGCTGGTGAAAGTAAAAGATGCTGAAGATCAGTTGGGTGCACGAGTGGGTTACATCGAACTGGATCTCAACAGCGGTAAGATCCTTGAGAGTTTTCGCCCCGAAGAACGTTTTCCAATGATGAGCACTTTTAAAGTTCTGCTATGTGGTGCGGTATTATCCCGTGTTGACGCCGGGCAAGAGCAACTCGGTCGCCGCATACACTATTCTCAGAATGACTTGGTTGAGTACTCACCAGTCACAGAAAAGCATCTTACGGATGGCATGACAGTAAGAGAATTATGCAGTGCTGCCATAACCATGAGTGATAACACTGCTGCCAACTTACTTCTGACAACGATCGGAGGACCGAAGGAGCTAACCGCTTTTTTGCACAACATGGGGGATCATGTAACTCGCCTTGATCGTTGGGAACCGGAGCTGAATGAAGCCATACCAAACGACGAGCGTGACACCACGATGCCTGCAGCAATGGCAACAACGTTGCGCAAACTATTAACTGGCGAACTACTTACTCTAGCTTCCCGGCAACAATTAATAGACTGGATGGAGGCGGATAAAGTTGCAGGACCACTTCTGCGCTCGGCCCTTCCGGCTGGCTGGTTTATTGCTGATAAATCTGGAGCCGGTGAGCGTGGGTCTCGCGGTATCATTGCAGCACTGGGGCCAGATGGTAAGCCCTCCCGTATCGTAGTTATCTACACGACGGGGAGTCAGGCAACTATGGATGAACGAAATAGACAGATCGCTGAGATAGGTGCCTCACTGATTAAGCATTGGTAA	ATGAGTATTCAACATTTCCGTGTCGCCCTTATTCCCTTTTTTGCGGCATTTTGC...TAA	861	5967	37	897	True	True	True
193	gb|DQ836922|+|0-861|ARO:3001144|SHV-92	ATGCGTTATATTCGCCTGTGTATTATCTCCCTGTTAGCCACCCTGCCGCTGGCG...TAA	861	(24) 5151- (884)	24	884	ATGCGTTATATTCGCCTGTGTATTATCTCCCTGTTAGCCACCCTGCCGCTGGCGGTACACGCCAGCCCGCAGCCGCTTGAGCAAATTAAACAAAGCGAAAGCCAGCTGTCGGGCCGCGTAGGCATGATAGAAATGGATCTGGCCAGCGGCCGCACGCTGACCGCCTGGCGCGCCGATGAACGCTTTCCCATGATGAGCACCTTTAAAGTAGTGCTCTGCGGCGCAGTGCTGGCGCGGGTGGATGCCGGTGACGAACAGCTGGAGCGAAAGATCCACTATCGCCAGCAGGATCTGGTGGACTACTCGCCGGTCAGCGAAAAACACCTTGCCGACGGCATGACGGTCGGCGAACTCTGCGCCGCCGCCATTACCATGAGCGATAACAGCGCCGCCAATCTGCTGCTGGCCACCGTCGGCGGCCCCGCAGGATTGACTGCCTTTTTGCGCCAGATCGGCGACAACGTCACCCGCCTTGACCGCTGGGAAACGGAACTGAATGAGGCGCTTCCCGGCGACGCCCGCGACACCACTACCCCGGCCAGCATGGCCGCGACCCTGCGCAAGCTGCTGACCAGCCAGCGTCTGAGCGCCCGTTCGCAACGGCAGCTGCTGCAGTGGATGGTGGACGATCGGGTCGCCGGACCGTTGATCCGCTCCGTGCTGCCGGCGGGCTGGTTTATCGCCGATAAGACCGGAGCTAGCAAGCGGGGTGCGCGCGGGATTGTCGCCCTGCTTGGCCCGAATAACAAAGCAGAGCGCATCGTGGTGATTTATCTGCGGGATACGCCGGCGAGCATGGCCGAGCGAAATCAGCAAATCGCCGGGATCGGCGCGGCGCTGATCGAGCACTGGCAACGCTAA	ATGCGTTATATTCGCCTGTGTATTATCTCCCTGTTAGCCACCCTGCCGCTGGCG...TAA	861	1000	999	999.0	999	999	ATGCGTTATATTCGCCTGTGTATTATCTCCCTGTTAGCCACCCTGCCGCTGGCG...TAA	861	5151	24	884	False	True	False
194	gb|DQ909059|+|0-861|ARO:3001023|TEM-157	ATGAGTATTCAACATTTCCGAGTCGCCCTTATTCCCTTTTTTGCGGCATTTTGC...TAA	861	(37) 5967+ (897)	37	897	ATGAGTATTCAACATTTCCGTGTCGCCCTTATTCCCTTTTTTGCGGCATTTTGCCTTCCTGTTTTTGCTCACCCAGAAACGCTGGTGAAAGTAAAAGATGCTGAAGATCAGTTGGGTGCACGAGTGGGTTACATCGAACTGGATCTCAACAGCGGTAAGATCCTTGAGAGTTTTCGCCCCGAAGAACGTTTTCCAATGATGAGCACTTTTAAAGTTCTGCTATGTGGTGCGGTATTATCCCGTGTTGACGCCGGGCAAGAGCAACTCGGTCGCCGCATACACTATTCTCAGAATGACTTGGTTGAGTACTCACCAGTCACAGAAAAGCATCTTACGGATGGCATGACAGTAAGAGAATTATGCAGTGCTGCCATAACCATGAGTGATAACACTGCTGCCAACTTACTTCTGACAACGATCGGAGGACCGAAGGAGCTAACCGCTTTTTTGCACAACATGGGGGATCATGTAACTCGCCTTGATCGTTGGGAACCGGAGCTGAATGAAGCCATACCAAACGACGAGCGTGACACCACGATGCCTGCAGCAATGGCAACAACGTTGCGCAAACTATTAACTGGCGAACTACTTACTCTAGCTTCCCGGCAACAATTAATAGACTGGATGGAGGCGGATAAAGTTGCAGGACCACTTCTGCGCTCGGCCCTTCCGGCTGGCTGGTTTATTGCTGATAAATCTGGAGCCGGTGAGCGTGGGTCTCGCGGTATCATTGCAGCACTGGGGCCAGATGGTAAGCCCTCCCGTATCGTAGTTATCTACACGACGGGGAGTCAGGCAACTATGGATGAACGAAATAGACAGATCGCTGAGATAGGTGCCTCACTGATTAAGCATTGGTAA	ATGAGTATTCAACATTTCCGAGTCGCCCTTATTCCCTTTTTTGCGGCATTTTGC...TAA	861	37	897	861.0	5967+	ATGAGTATTCAACATTTCCGTGTCGCCCTTATTCCCTTTTTTGCGGCATTTTGCCTTCCTGTTTTTGCTCACCCAGAAACGCTGGTGAAAGTAAAAGATGCTGAAGATCAGTTGGGTGCACGAGTGGGTTACATCGAACTGGATCTCAACAGCGGTAAGATCCTTGAGAGTTTTCGCCCCGAAGAACGTTTTCCAATGATGAGCACTTTTAAAGTTCTGCTATGTGGTGCGGTATTATCCCGTGTTGACGCCGGGCAAGAGCAACTCGGTCGCCGCATACACTATTCTCAGAATGACTTGGTTGAGTACTCACCAGTCACAGAAAAGCATCTTACGGATGGCATGACAGTAAGAGAATTATGCAGTGCTGCCATAACCATGAGTGATAACACTGCTGCCAACTTACTTCTGACAACGATCGGAGGACCGAAGGAGCTAACCGCTTTTTTGCACAACATGGGGGATCATGTAACTCGCCTTGATCGTTGGGAACCGGAGCTGAATGAAGCCATACCAAACGACGAGCGTGACACCACGATGCCTGCAGCAATGGCAACAACGTTGCGCAAACTATTAACTGGCGAACTACTTACTCTAGCTTCCCGGCAACAATTAATAGACTGGATGGAGGCGGATAAAGTTGCAGGACCACTTCTGCGCTCGGCCCTTCCGGCTGGCTGGTTTATTGCTGATAAATCTGGAGCCGGTGAGCGTGGGTCTCGCGGTATCATTGCAGCACTGGGGCCAGATGGTAAGCCCTCCCGTATCGTAGTTATCTACACGACGGGGAGTCAGGCAACTATGGATGAACGAAATAGACAGATCGCTGAGATAGGTGCCTCACTGATTAAGCATTGGTAA	ATGAGTATTCAACATTTCCGAGTCGCCCTTATTCCCTTTTTTGCGGCATTTTGC...TAA	861	5967	37	897	True	True	True
195	gb|EF136376|+|0-861|ARO:3001025|TEM-159	ATGAGTATTCAACATTTCCGTGTCGCCCTTATTCCCTTTTTTGCGGCATTTTGC...TAA	861	(37) 5967+ (897)	37	897	ATGAGTATTCAACATTTCCGTGTCGCCCTTATTCCCTTTTTTGCGGCATTTTGCCTTCCTGTTTTTGCTCACCCAGAAACGCTGGTGAAAGTAAAAGATGCTGAAGATCAGTTGGGTGCACGAGTGGGTTACATCGAACTGGATCTCAACAGCGGTAAGATCCTTGAGAGTTTTCGCCCCGAAGAACGTTTTCCAATGATGAGCACTTTTAAAGTTCTGCTATGTGGTGCGGTATTATCCCGTGTTGACGCCGGGCAAGAGCAACTCGGTCGCCGCATACACTATTCTCAGAATGACTTGGTTGAGTACTCACCAGTCACAGAAAAGCATCTTACGGATGGCATGACAGTAAGAGAATTATGCAGTGCTGCCATAACCATGAGTGATAACACTGCTGCCAACTTACTTCTGACAACGATCGGAGGACCGAAGGAGCTAACCGCTTTTTTGCACAACATGGGGGATCATGTAACTCGCCTTGATCGTTGGGAACCGGAGCTGAATGAAGCCATACCAAACGACGAGCGTGACACCACGATGCCTGCAGCAATGGCAACAACGTTGCGCAAACTATTAACTGGCGAACTACTTACTCTAGCTTCCCGGCAACAATTAATAGACTGGATGGAGGCGGATAAAGTTGCAGGACCACTTCTGCGCTCGGCCCTTCCGGCTGGCTGGTTTATTGCTGATAAATCTGGAGCCGGTGAGCGTGGGTCTCGCGGTATCATTGCAGCACTGGGGCCAGATGGTAAGCCCTCCCGTATCGTAGTTATCTACACGACGGGGAGTCAGGCAACTATGGATGAACGAAATAGACAGATCGCTGAGATAGGTGCCTCACTGATTAAGCATTGGTAA	ATGAGTATTCAACATTTCCGTGTCGCCCTTATTCCCTTTTTTGCGGCATTTTGC...TAA	861	37	897	861.0	5967+	ATGAGTATTCAACATTTCCGTGTCGCCCTTATTCCCTTTTTTGCGGCATTTTGCCTTCCTGTTTTTGCTCACCCAGAAACGCTGGTGAAAGTAAAAGATGCTGAAGATCAGTTGGGTGCACGAGTGGGTTACATCGAACTGGATCTCAACAGCGGTAAGATCCTTGAGAGTTTTCGCCCCGAAGAACGTTTTCCAATGATGAGCACTTTTAAAGTTCTGCTATGTGGTGCGGTATTATCCCGTGTTGACGCCGGGCAAGAGCAACTCGGTCGCCGCATACACTATTCTCAGAATGACTTGGTTGAGTACTCACCAGTCACAGAAAAGCATCTTACGGATGGCATGACAGTAAGAGAATTATGCAGTGCTGCCATAACCATGAGTGATAACACTGCTGCCAACTTACTTCTGACAACGATCGGAGGACCGAAGGAGCTAACCGCTTTTTTGCACAACATGGGGGATCATGTAACTCGCCTTGATCGTTGGGAACCGGAGCTGAATGAAGCCATACCAAACGACGAGCGTGACACCACGATGCCTGCAGCAATGGCAACAACGTTGCGCAAACTATTAACTGGCGAACTACTTACTCTAGCTTCCCGGCAACAATTAATAGACTGGATGGAGGCGGATAAAGTTGCAGGACCACTTCTGCGCTCGGCCCTTCCGGCTGGCTGGTTTATTGCTGATAAATCTGGAGCCGGTGAGCGTGGGTCTCGCGGTATCATTGCAGCACTGGGGCCAGATGGTAAGCCCTCCCGTATCGTAGTTATCTACACGACGGGGAGTCAGGCAACTATGGATGAACGAAATAGACAGATCGCTGAGATAGGTGCCTCACTGATTAAGCATTGGTAA	ATGAGTATTCAACATTTCCGTGTCGCCCTTATTCCCTTTTTTGCGGCATTTTGC...TAA	861	5967	37	897	True	True	True
196	gb|EF136377|+|0-861|ARO:3001026|TEM-160	ATGAGTATTCAACATTTCCGTGTCGCCCTTATTCCCTTTTTTGCGGCATTTTGC...TAA	861	(37) 5967+ (897)	37	897	ATGAGTATTCAACATTTCCGTGTCGCCCTTATTCCCTTTTTTGCGGCATTTTGCCTTCCTGTTTTTGCTCACCCAGAAACGCTGGTGAAAGTAAAAGATGCTGAAGATCAGTTGGGTGCACGAGTGGGTTACATCGAACTGGATCTCAACAGCGGTAAGATCCTTGAGAGTTTTCGCCCCGAAGAACGTTTTCCAATGATGAGCACTTTTAAAGTTCTGCTATGTGGTGCGGTATTATCCCGTGTTGACGCCGGGCAAGAGCAACTCGGTCGCCGCATACACTATTCTCAGAATGACTTGGTTGAGTACTCACCAGTCACAGAAAAGCATCTTACGGATGGCATGACAGTAAGAGAATTATGCAGTGCTGCCATAACCATGAGTGATAACACTGCTGCCAACTTACTTCTGACAACGATCGGAGGACCGAAGGAGCTAACCGCTTTTTTGCACAACATGGGGGATCATGTAACTCGCCTTGATCGTTGGGAACCGGAGCTGAATGAAGCCATACCAAACGACGAGCGTGACACCACGATGCCTGCAGCAATGGCAACAACGTTGCGCAAACTATTAACTGGCGAACTACTTACTCTAGCTTCCCGGCAACAATTAATAGACTGGATGGAGGCGGATAAAGTTGCAGGACCACTTCTGCGCTCGGCCCTTCCGGCTGGCTGGTTTATTGCTGATAAATCTGGAGCCGGTGAGCGTGGGTCTCGCGGTATCATTGCAGCACTGGGGCCAGATGGTAAGCCCTCCCGTATCGTAGTTATCTACACGACGGGGAGTCAGGCAACTATGGATGAACGAAATAGACAGATCGCTGAGATAGGTGCCTCACTGATTAAGCATTGGTAA	ATGAGTATTCAACATTTCCGTGTCGCCCTTATTCCCTTTTTTGCGGCATTTTGC...TAA	861	37	897	861.0	5967+	ATGAGTATTCAACATTTCCGTGTCGCCCTTATTCCCTTTTTTGCGGCATTTTGCCTTCCTGTTTTTGCTCACCCAGAAACGCTGGTGAAAGTAAAAGATGCTGAAGATCAGTTGGGTGCACGAGTGGGTTACATCGAACTGGATCTCAACAGCGGTAAGATCCTTGAGAGTTTTCGCCCCGAAGAACGTTTTCCAATGATGAGCACTTTTAAAGTTCTGCTATGTGGTGCGGTATTATCCCGTGTTGACGCCGGGCAAGAGCAACTCGGTCGCCGCATACACTATTCTCAGAATGACTTGGTTGAGTACTCACCAGTCACAGAAAAGCATCTTACGGATGGCATGACAGTAAGAGAATTATGCAGTGCTGCCATAACCATGAGTGATAACACTGCTGCCAACTTACTTCTGACAACGATCGGAGGACCGAAGGAGCTAACCGCTTTTTTGCACAACATGGGGGATCATGTAACTCGCCTTGATCGTTGGGAACCGGAGCTGAATGAAGCCATACCAAACGACGAGCGTGACACCACGATGCCTGCAGCAATGGCAACAACGTTGCGCAAACTATTAACTGGCGAACTACTTACTCTAGCTTCCCGGCAACAATTAATAGACTGGATGGAGGCGGATAAAGTTGCAGGACCACTTCTGCGCTCGGCCCTTCCGGCTGGCTGGTTTATTGCTGATAAATCTGGAGCCGGTGAGCGTGGGTCTCGCGGTATCATTGCAGCACTGGGGCCAGATGGTAAGCCCTCCCGTATCGTAGTTATCTACACGACGGGGAGTCAGGCAACTATGGATGAACGAAATAGACAGATCGCTGAGATAGGTGCCTCACTGATTAAGCATTGGTAA	ATGAGTATTCAACATTTCCGTGTCGCCCTTATTCCCTTTTTTGCGGCATTTTGC...TAA	861	5967	37	897	True	True	True
197	gb|EF373969|+|0-861|ARO:3001145|SHV-93	ATGCGTTATATTCGCCTGTGTATTATCTCCCTGTTAGCCACCCTGCCGCTGGCG...TAA	861	(24) 5151- (884)	24	884	ATGCGTTATATTCGCCTGTGTATTATCTCCCTGTTAGCCACCCTGCCGCTGGCGGTACACGCCAGCCCGCAGCCGCTTGAGCAAATTAAACAAAGCGAAAGCCAGCTGTCGGGCCGCGTAGGCATGATAGAAATGGATCTGGCCAGCGGCCGCACGCTGACCGCCTGGCGCGCCGATGAACGCTTTCCCATGATGAGCACCTTTAAAGTAGTGCTCTGCGGCGCAGTGCTGGCGCGGGTGGATGCCGGTGACGAACAGCTGGAGCGAAAGATCCACTATCGCCAGCAGGATCTGGTGGACTACTCGCCGGTCAGCGAAAAACACCTTGCCGACGGCATGACGGTCGGCGAACTCTGCGCCGCCGCCATTACCATGAGCGATAACAGCGCCGCCAATCTGCTGCTGGCCACCGTCGGCGGCCCCGCAGGATTGACTGCCTTTTTGCGCCAGATCGGCGACAACGTCACCCGCCTTGACCGCTGGGAAACGGAACTGAATGAGGCGCTTCCCGGCGACGCCCGCGACACCACTACCCCGGCCAGCATGGCCGCGACCCTGCGCAAGCTGCTGACCAGCCAGCGTCTGAGCGCCCGTTCGCAACGGCAGCTGCTGCAGTGGATGGTGGACGATCGGGTCGCCGGACCGTTGATCCGCTCCGTGCTGCCGGCGGGCTGGTTTATCGCCGATAAGACCGGAGCTAGCAAGCGGGGTGCGCGCGGGATTGTCGCCCTGCTTGGCCCGAATAACAAAGCAGAGCGCATCGTGGTGATTTATCTGCGGGATACGCCGGCGAGCATGGCCGAGCGAAATCAGCAAATCGCCGGGATCGGCGCGGCGCTGATCGAGCACTGGCAACGCTAA	ATGCGTTATATTCGCCTGTGTATTATCTCCCTGTTAGCCACCCTGCCGCTGGCG...TAA	861	1000	999	999.0	999	999	ATGCGTTATATTCGCCTGTGTATTATCTCCCTGTTAGCCACCCTGCCGCTGGCG...TAA	861	5151	24	884	False	True	False
198	gb|EF373970|+|0-861|ARO:3001146|SHV-94	ATGCGTTATATTCGCCTGTGTATTATCTCCCTGTTAGCCACCCTGCCGCTGGCG...TAA	861	(24) 5151- (884)	24	884	ATGCGTTATATTCGCCTGTGTATTATCTCCCTGTTAGCCACCCTGCCGCTGGCGGTACACGCCAGCCCGCAGCCGCTTGAGCAAATTAAACAAAGCGAAAGCCAGCTGTCGGGCCGCGTAGGCATGATAGAAATGGATCTGGCCAGCGGCCGCACGCTGACCGCCTGGCGCGCCGATGAACGCTTTCCCATGATGAGCACCTTTAAAGTAGTGCTCTGCGGCGCAGTGCTGGCGCGGGTGGATGCCGGTGACGAACAGCTGGAGCGAAAGATCCACTATCGCCAGCAGGATCTGGTGGACTACTCGCCGGTCAGCGAAAAACACCTTGCCGACGGCATGACGGTCGGCGAACTCTGCGCCGCCGCCATTACCATGAGCGATAACAGCGCCGCCAATCTGCTGCTGGCCACCGTCGGCGGCCCCGCAGGATTGACTGCCTTTTTGCGCCAGATCGGCGACAACGTCACCCGCCTTGACCGCTGGGAAACGGAACTGAATGAGGCGCTTCCCGGCGACGCCCGCGACACCACTACCCCGGCCAGCATGGCCGCGACCCTGCGCAAGCTGCTGACCAGCCAGCGTCTGAGCGCCCGTTCGCAACGGCAGCTGCTGCAGTGGATGGTGGACGATCGGGTCGCCGGACCGTTGATCCGCTCCGTGCTGCCGGCGGGCTGGTTTATCGCCGATAAGACCGGAGCTAGCAAGCGGGGTGCGCGCGGGATTGTCGCCCTGCTTGGCCCGAATAACAAAGCAGAGCGCATCGTGGTGATTTATCTGCGGGATACGCCGGCGAGCATGGCCGAGCGAAATCAGCAAATCGCCGGGATCGGCGCGGCGCTGATCGAGCACTGGCAACGCTAA	ATGCGTTATATTCGCCTGTGTATTATCTCCCTGTTAGCCACCCTGCCGCTGGCG...TAA	861	1000	999	999.0	999	999	ATGCGTTATATTCGCCTGTGTATTATCTCCCTGTTAGCCACCCTGCCGCTGGCG...TAA	861	5151	24	884	False	True	False
199	gb|EF373971|+|0-861|ARO:3001148|SHV-96	ATGCGTTATATTCGCCTGTGTATTATCTCCCTGTTAGCCACCCTGCCGCTGGCG...TAA	861	(24) 5151- (884)	24	884	ATGCGTTATATTCGCCTGTGTATTATCTCCCTGTTAGCCACCCTGCCGCTGGCGGTACACGCCAGCCCGCAGCCGCTTGAGCAAATTAAACAAAGCGAAAGCCAGCTGTCGGGCCGCGTAGGCATGATAGAAATGGATCTGGCCAGCGGCCGCACGCTGACCGCCTGGCGCGCCGATGAACGCTTTCCCATGATGAGCACCTTTAAAGTAGTGCTCTGCGGCGCAGTGCTGGCGCGGGTGGATGCCGGTGACGAACAGCTGGAGCGAAAGATCCACTATCGCCAGCAGGATCTGGTGGACTACTCGCCGGTCAGCGAAAAACACCTTGCCGACGGCATGACGGTCGGCGAACTCTGCGCCGCCGCCATTACCATGAGCGATAACAGCGCCGCCAATCTGCTGCTGGCCACCGTCGGCGGCCCCGCAGGATTGACTGCCTTTTTGCGCCAGATCGGCGACAACGTCACCCGCCTTGACCGCTGGGAAACGGAACTGAATGAGGCGCTTCCCGGCGACGCCCGCGACACCACTACCCCGGCCAGCATGGCCGCGACCCTGCGCAAGCTGCTGACCAGCCAGCGTCTGAGCGCCCGTTCGCAACGGCAGCTGCTGCAGTGGATGGTGGACGATCGGGTCGCCGGACCGTTGATCCGCTCCGTGCTGCCGGCGGGCTGGTTTATCGCCGATAAGACCGGAGCTAGCAAGCGGGGTGCGCGCGGGATTGTCGCCCTGCTTGGCCCGAATAACAAAGCAGAGCGCATCGTGGTGATTTATCTGCGGGATACGCCGGCGAGCATGGCCGAGCGAAATCAGCAAATCGCCGGGATCGGCGCGGCGCTGATCGAGCACTGGCAACGCTAA	ATGCGTTATATTCGCCTGTGTATTATCTCCCTGTTAGCCACCCTGCCGCTGGCG...TAA	861	24	884	861.0	5151-	ATGCGTTATATTCGCCTGTGTATTATCTCCCTGTTAGCCACCCTGCCGCTGGCGGTACACGCCAGCCCGCAGCCGCTTGAGCAAATTAAACAAAGCGAAAGCCAGCTGTCGGGCCGCGTAGGCATGATAGAAATGGATCTGGCCAGCGGCCGCACGCTGACCGCCTGGCGCGCCGATGAACGCTTTCCCATGATGAGCACCTTTAAAGTAGTGCTCTGCGGCGCAGTGCTGGCGCGGGTGGATGCCGGTGACGAACAGCTGGAGCGAAAGATCCACTATCGCCAGCAGGATCTGGTGGACTACTCGCCGGTCAGCGAAAAACACCTTGCCGACGGCATGACGGTCGGCGAACTCTGCGCCGCCGCCATTACCATGAGCGATAACAGCGCCGCCAATCTGCTGCTGGCCACCGTCGGCGGCCCCGCAGGATTGACTGCCTTTTTGCGCCAGATCGGCGACAACGTCACCCGCCTTGACCGCTGGGAAACGGAACTGAATGAGGCGCTTCCCGGCGACGCCCGCGACACCACTACCCCGGCCAGCATGGCCGCGACCCTGCGCAAGCTGCTGACCAGCCAGCGTCTGAGCGCCCGTTCGCAACGGCAGCTGCTGCAGTGGATGGTGGACGATCGGGTCGCCGGACCGTTGATCCGCTCCGTGCTGCCGGCGGGCTGGTTTATCGCCGATAAGACCGGAGCTAGCAAGCGGGGTGCGCGCGGGATTGTCGCCCTGCTTGGCCCGAATAACAAAGCAGAGCGCATCGTGGTGATTTATCTGCGGGATACGCCGGCGAGCATGGCCGAGCGAAATCAGCAAATCGCCGGGATCGGCGCGGCGCTGATCGAGCACTGGCAACGCTAA	ATGCGTTATATTCGCCTGTGTATTATCTCCCTGTTAGCCACCCTGCCGCTGGCG...TAA	861	5151	24	884	True	True	True
200	gb|EF373972|+|0-861|ARO:3001147|SHV-95	ATGCGTTATATTCGCCTGTGTATTATCTCCCTGTTAGCCACCCTGCCGCTGGCG...TAA	861	(24) 5151- (884)	24	884	ATGCGTTATATTCGCCTGTGTATTATCTCCCTGTTAGCCACCCTGCCGCTGGCGGTACACGCCAGCCCGCAGCCGCTTGAGCAAATTAAACAAAGCGAAAGCCAGCTGTCGGGCCGCGTAGGCATGATAGAAATGGATCTGGCCAGCGGCCGCACGCTGACCGCCTGGCGCGCCGATGAACGCTTTCCCATGATGAGCACCTTTAAAGTAGTGCTCTGCGGCGCAGTGCTGGCGCGGGTGGATGCCGGTGACGAACAGCTGGAGCGAAAGATCCACTATCGCCAGCAGGATCTGGTGGACTACTCGCCGGTCAGCGAAAAACACCTTGCCGACGGCATGACGGTCGGCGAACTCTGCGCCGCCGCCATTACCATGAGCGATAACAGCGCCGCCAATCTGCTGCTGGCCACCGTCGGCGGCCCCGCAGGATTGACTGCCTTTTTGCGCCAGATCGGCGACAACGTCACCCGCCTTGACCGCTGGGAAACGGAACTGAATGAGGCGCTTCCCGGCGACGCCCGCGACACCACTACCCCGGCCAGCATGGCCGCGACCCTGCGCAAGCTGCTGACCAGCCAGCGTCTGAGCGCCCGTTCGCAACGGCAGCTGCTGCAGTGGATGGTGGACGATCGGGTCGCCGGACCGTTGATCCGCTCCGTGCTGCCGGCGGGCTGGTTTATCGCCGATAAGACCGGAGCTAGCAAGCGGGGTGCGCGCGGGATTGTCGCCCTGCTTGGCCCGAATAACAAAGCAGAGCGCATCGTGGTGATTTATCTGCGGGATACGCCGGCGAGCATGGCCGAGCGAAATCAGCAAATCGCCGGGATCGGCGCGGCGCTGATCGAGCACTGGCAACGCTAA	ATGCGTTATATTCGCCTGTGTATTATCTCCCTGTTAGCCACCCTGCCGCTGGCG...TAA	861	24	884	861.0	5151-	ATGCGTTATATTCGCCTGTGTATTATCTCCCTGTTAGCCACCCTGCCGCTGGCGGTACACGCCAGCCCGCAGCCGCTTGAGCAAATTAAACAAAGCGAAAGCCAGCTGTCGGGCCGCGTAGGCATGATAGAAATGGATCTGGCCAGCGGCCGCACGCTGACCGCCTGGCGCGCCGATGAACGCTTTCCCATGATGAGCACCTTTAAAGTAGTGCTCTGCGGCGCAGTGCTGGCGCGGGTGGATGCCGGTGACGAACAGCTGGAGCGAAAGATCCACTATCGCCAGCAGGATCTGGTGGACTACTCGCCGGTCAGCGAAAAACACCTTGCCGACGGCATGACGGTCGGCGAACTCTGCGCCGCCGCCATTACCATGAGCGATAACAGCGCCGCCAATCTGCTGCTGGCCACCGTCGGCGGCCCCGCAGGATTGACTGCCTTTTTGCGCCAGATCGGCGACAACGTCACCCGCCTTGACCGCTGGGAAACGGAACTGAATGAGGCGCTTCCCGGCGACGCCCGCGACACCACTACCCCGGCCAGCATGGCCGCGACCCTGCGCAAGCTGCTGACCAGCCAGCGTCTGAGCGCCCGTTCGCAACGGCAGCTGCTGCAGTGGATGGTGGACGATCGGGTCGCCGGACCGTTGATCCGCTCCGTGCTGCCGGCGGGCTGGTTTATCGCCGATAAGACCGGAGCTAGCAAGCGGGGTGCGCGCGGGATTGTCGCCCTGCTTGGCCCGAATAACAAAGCAGAGCGCATCGTGGTGATTTATCTGCGGGATACGCCGGCGAGCATGGCCGAGCGAAATCAGCAAATCGCCGGGATCGGCGCGGCGCTGATCGAGCACTGGCAACGCTAA	ATGCGTTATATTCGCCTGTGTATTATCTCCCTGTTAGCCACCCTGCCGCTGGCG...TAA	861	5151	24	884	True	True	True
201	gb|EF373973|+|0-861|ARO:3001149|SHV-97	ATGCGTTATATTCGCCTGTGTATTATCTCCCTGTTAGCCACCCTGCCGCTGGCG...TAA	861	(24) 5151- (884)	24	884	ATGCGTTATATTCGCCTGTGTATTATCTCCCTGTTAGCCACCCTGCCGCTGGCGGTACACGCCAGCCCGCAGCCGCTTGAGCAAATTAAACAAAGCGAAAGCCAGCTGTCGGGCCGCGTAGGCATGATAGAAATGGATCTGGCCAGCGGCCGCACGCTGACCGCCTGGCGCGCCGATGAACGCTTTCCCATGATGAGCACCTTTAAAGTAGTGCTCTGCGGCGCAGTGCTGGCGCGGGTGGATGCCGGTGACGAACAGCTGGAGCGAAAGATCCACTATCGCCAGCAGGATCTGGTGGACTACTCGCCGGTCAGCGAAAAACACCTTGCCGACGGCATGACGGTCGGCGAACTCTGCGCCGCCGCCATTACCATGAGCGATAACAGCGCCGCCAATCTGCTGCTGGCCACCGTCGGCGGCCCCGCAGGATTGACTGCCTTTTTGCGCCAGATCGGCGACAACGTCACCCGCCTTGACCGCTGGGAAACGGAACTGAATGAGGCGCTTCCCGGCGACGCCCGCGACACCACTACCCCGGCCAGCATGGCCGCGACCCTGCGCAAGCTGCTGACCAGCCAGCGTCTGAGCGCCCGTTCGCAACGGCAGCTGCTGCAGTGGATGGTGGACGATCGGGTCGCCGGACCGTTGATCCGCTCCGTGCTGCCGGCGGGCTGGTTTATCGCCGATAAGACCGGAGCTAGCAAGCGGGGTGCGCGCGGGATTGTCGCCCTGCTTGGCCCGAATAACAAAGCAGAGCGCATCGTGGTGATTTATCTGCGGGATACGCCGGCGAGCATGGCCGAGCGAAATCAGCAAATCGCCGGGATCGGCGCGGCGCTGATCGAGCACTGGCAACGCTAA	ATGCGTTATATTCGCCTGTGTATTATCTCCCTGTTAGCCACCCTGCCGCTGGCG...TAA	861	24	884	861.0	5151-	ATGCGTTATATTCGCCTGTGTATTATCTCCCTGTTAGCCACCCTGCCGCTGGCGGTACACGCCAGCCCGCAGCCGCTTGAGCAAATTAAACAAAGCGAAAGCCAGCTGTCGGGCCGCGTAGGCATGATAGAAATGGATCTGGCCAGCGGCCGCACGCTGACCGCCTGGCGCGCCGATGAACGCTTTCCCATGATGAGCACCTTTAAAGTAGTGCTCTGCGGCGCAGTGCTGGCGCGGGTGGATGCCGGTGACGAACAGCTGGAGCGAAAGATCCACTATCGCCAGCAGGATCTGGTGGACTACTCGCCGGTCAGCGAAAAACACCTTGCCGACGGCATGACGGTCGGCGAACTCTGCGCCGCCGCCATTACCATGAGCGATAACAGCGCCGCCAATCTGCTGCTGGCCACCGTCGGCGGCCCCGCAGGATTGACTGCCTTTTTGCGCCAGATCGGCGACAACGTCACCCGCCTTGACCGCTGGGAAACGGAACTGAATGAGGCGCTTCCCGGCGACGCCCGCGACACCACTACCCCGGCCAGCATGGCCGCGACCCTGCGCAAGCTGCTGACCAGCCAGCGTCTGAGCGCCCGTTCGCAACGGCAGCTGCTGCAGTGGATGGTGGACGATCGGGTCGCCGGACCGTTGATCCGCTCCGTGCTGCCGGCGGGCTGGTTTATCGCCGATAAGACCGGAGCTAGCAAGCGGGGTGCGCGCGGGATTGTCGCCCTGCTTGGCCCGAATAACAAAGCAGAGCGCATCGTGGTGATTTATCTGCGGGATACGCCGGCGAGCATGGCCGAGCGAAATCAGCAAATCGCCGGGATCGGCGCGGCGCTGATCGAGCACTGGCAACGCTAA	ATGCGTTATATTCGCCTGTGTATTATCTCCCTGTTAGCCACCCTGCCGCTGGCG...TAA	861	5151	24	884	True	True	True
202	gb|EF468463|+|66-927|ARO:3001028|TEM-162	ATGAGTATTCAACATTTCCGTGTCGCCCTTATTCCCTTTTTTGCGGCTTTTTGC...TAA	861	(37) 5967+ (897)	37	897	ATGAGTATTCAACATTTCCGTGTCGCCCTTATTCCCTTTTTTGCGGCATTTTGCCTTCCTGTTTTTGCTCACCCAGAAACGCTGGTGAAAGTAAAAGATGCTGAAGATCAGTTGGGTGCACGAGTGGGTTACATCGAACTGGATCTCAACAGCGGTAAGATCCTTGAGAGTTTTCGCCCCGAAGAACGTTTTCCAATGATGAGCACTTTTAAAGTTCTGCTATGTGGTGCGGTATTATCCCGTGTTGACGCCGGGCAAGAGCAACTCGGTCGCCGCATACACTATTCTCAGAATGACTTGGTTGAGTACTCACCAGTCACAGAAAAGCATCTTACGGATGGCATGACAGTAAGAGAATTATGCAGTGCTGCCATAACCATGAGTGATAACACTGCTGCCAACTTACTTCTGACAACGATCGGAGGACCGAAGGAGCTAACCGCTTTTTTGCACAACATGGGGGATCATGTAACTCGCCTTGATCGTTGGGAACCGGAGCTGAATGAAGCCATACCAAACGACGAGCGTGACACCACGATGCCTGCAGCAATGGCAACAACGTTGCGCAAACTATTAACTGGCGAACTACTTACTCTAGCTTCCCGGCAACAATTAATAGACTGGATGGAGGCGGATAAAGTTGCAGGACCACTTCTGCGCTCGGCCCTTCCGGCTGGCTGGTTTATTGCTGATAAATCTGGAGCCGGTGAGCGTGGGTCTCGCGGTATCATTGCAGCACTGGGGCCAGATGGTAAGCCCTCCCGTATCGTAGTTATCTACACGACGGGGAGTCAGGCAACTATGGATGAACGAAATAGACAGATCGCTGAGATAGGTGCCTCACTGATTAAGCATTGGTAA	ATGAGTATTCAACATTTCCGTGTCGCCCTTATTCCCTTTTTTGCGGCTTTTTGC...TAA	861	37	897	861.0	5967+	ATGAGTATTCAACATTTCCGTGTCGCCCTTATTCCCTTTTTTGCGGCATTTTGCCTTCCTGTTTTTGCTCACCCAGAAACGCTGGTGAAAGTAAAAGATGCTGAAGATCAGTTGGGTGCACGAGTGGGTTACATCGAACTGGATCTCAACAGCGGTAAGATCCTTGAGAGTTTTCGCCCCGAAGAACGTTTTCCAATGATGAGCACTTTTAAAGTTCTGCTATGTGGTGCGGTATTATCCCGTGTTGACGCCGGGCAAGAGCAACTCGGTCGCCGCATACACTATTCTCAGAATGACTTGGTTGAGTACTCACCAGTCACAGAAAAGCATCTTACGGATGGCATGACAGTAAGAGAATTATGCAGTGCTGCCATAACCATGAGTGATAACACTGCTGCCAACTTACTTCTGACAACGATCGGAGGACCGAAGGAGCTAACCGCTTTTTTGCACAACATGGGGGATCATGTAACTCGCCTTGATCGTTGGGAACCGGAGCTGAATGAAGCCATACCAAACGACGAGCGTGACACCACGATGCCTGCAGCAATGGCAACAACGTTGCGCAAACTATTAACTGGCGAACTACTTACTCTAGCTTCCCGGCAACAATTAATAGACTGGATGGAGGCGGATAAAGTTGCAGGACCACTTCTGCGCTCGGCCCTTCCGGCTGGCTGGTTTATTGCTGATAAATCTGGAGCCGGTGAGCGTGGGTCTCGCGGTATCATTGCAGCACTGGGGCCAGATGGTAAGCCCTCCCGTATCGTAGTTATCTACACGACGGGGAGTCAGGCAACTATGGATGAACGAAATAGACAGATCGCTGAGATAGGTGCCTCACTGATTAAGCATTGGTAA	ATGAGTATTCAACATTTCCGTGTCGCCCTTATTCCCTTTTTTGCGGCTTTTTGC...TAA	861	5967	37	897	True	True	True
203	gb|EF534736|+|213-1074|ARO:3001024|TEM-158	ATGAGTATTCAACATTTTCGTGTCGCCCTTATTCCCTTTTTTGCGGCATTTTGC...TAA	861	(37) 5967+ (897)	37	897	ATGAGTATTCAACATTTCCGTGTCGCCCTTATTCCCTTTTTTGCGGCATTTTGCCTTCCTGTTTTTGCTCACCCAGAAACGCTGGTGAAAGTAAAAGATGCTGAAGATCAGTTGGGTGCACGAGTGGGTTACATCGAACTGGATCTCAACAGCGGTAAGATCCTTGAGAGTTTTCGCCCCGAAGAACGTTTTCCAATGATGAGCACTTTTAAAGTTCTGCTATGTGGTGCGGTATTATCCCGTGTTGACGCCGGGCAAGAGCAACTCGGTCGCCGCATACACTATTCTCAGAATGACTTGGTTGAGTACTCACCAGTCACAGAAAAGCATCTTACGGATGGCATGACAGTAAGAGAATTATGCAGTGCTGCCATAACCATGAGTGATAACACTGCTGCCAACTTACTTCTGACAACGATCGGAGGACCGAAGGAGCTAACCGCTTTTTTGCACAACATGGGGGATCATGTAACTCGCCTTGATCGTTGGGAACCGGAGCTGAATGAAGCCATACCAAACGACGAGCGTGACACCACGATGCCTGCAGCAATGGCAACAACGTTGCGCAAACTATTAACTGGCGAACTACTTACTCTAGCTTCCCGGCAACAATTAATAGACTGGATGGAGGCGGATAAAGTTGCAGGACCACTTCTGCGCTCGGCCCTTCCGGCTGGCTGGTTTATTGCTGATAAATCTGGAGCCGGTGAGCGTGGGTCTCGCGGTATCATTGCAGCACTGGGGCCAGATGGTAAGCCCTCCCGTATCGTAGTTATCTACACGACGGGGAGTCAGGCAACTATGGATGAACGAAATAGACAGATCGCTGAGATAGGTGCCTCACTGATTAAGCATTGGTAA	ATGAGTATTCAACATTTTCGTGTCGCCCTTATTCCCTTTTTTGCGGCATTTTGC...TAA	861	37	897	861.0	5967+	ATGAGTATTCAACATTTCCGTGTCGCCCTTATTCCCTTTTTTGCGGCATTTTGCCTTCCTGTTTTTGCTCACCCAGAAACGCTGGTGAAAGTAAAAGATGCTGAAGATCAGTTGGGTGCACGAGTGGGTTACATCGAACTGGATCTCAACAGCGGTAAGATCCTTGAGAGTTTTCGCCCCGAAGAACGTTTTCCAATGATGAGCACTTTTAAAGTTCTGCTATGTGGTGCGGTATTATCCCGTGTTGACGCCGGGCAAGAGCAACTCGGTCGCCGCATACACTATTCTCAGAATGACTTGGTTGAGTACTCACCAGTCACAGAAAAGCATCTTACGGATGGCATGACAGTAAGAGAATTATGCAGTGCTGCCATAACCATGAGTGATAACACTGCTGCCAACTTACTTCTGACAACGATCGGAGGACCGAAGGAGCTAACCGCTTTTTTGCACAACATGGGGGATCATGTAACTCGCCTTGATCGTTGGGAACCGGAGCTGAATGAAGCCATACCAAACGACGAGCGTGACACCACGATGCCTGCAGCAATGGCAACAACGTTGCGCAAACTATTAACTGGCGAACTACTTACTCTAGCTTCCCGGCAACAATTAATAGACTGGATGGAGGCGGATAAAGTTGCAGGACCACTTCTGCGCTCGGCCCTTCCGGCTGGCTGGTTTATTGCTGATAAATCTGGAGCCGGTGAGCGTGGGTCTCGCGGTATCATTGCAGCACTGGGGCCAGATGGTAAGCCCTCCCGTATCGTAGTTATCTACACGACGGGGAGTCAGGCAACTATGGATGAACGAAATAGACAGATCGCTGAGATAGGTGCCTCACTGATTAAGCATTGGTAA	ATGAGTATTCAACATTTTCGTGTCGCCCTTATTCCCTTTTTTGCGGCATTTTGC...TAA	861	5967	37	897	True	True	True
204	gb|EU024485|+|0-861|ARO:3001151|SHV-102	ATGCGTTATATTCGCCTGTGTATTATCTCCCTGTTAGCCACCCTGCCGCTGGCG...TAA	861	(24) 5151- (884)	24	884	ATGCGTTATATTCGCCTGTGTATTATCTCCCTGTTAGCCACCCTGCCGCTGGCGGTACACGCCAGCCCGCAGCCGCTTGAGCAAATTAAACAAAGCGAAAGCCAGCTGTCGGGCCGCGTAGGCATGATAGAAATGGATCTGGCCAGCGGCCGCACGCTGACCGCCTGGCGCGCCGATGAACGCTTTCCCATGATGAGCACCTTTAAAGTAGTGCTCTGCGGCGCAGTGCTGGCGCGGGTGGATGCCGGTGACGAACAGCTGGAGCGAAAGATCCACTATCGCCAGCAGGATCTGGTGGACTACTCGCCGGTCAGCGAAAAACACCTTGCCGACGGCATGACGGTCGGCGAACTCTGCGCCGCCGCCATTACCATGAGCGATAACAGCGCCGCCAATCTGCTGCTGGCCACCGTCGGCGGCCCCGCAGGATTGACTGCCTTTTTGCGCCAGATCGGCGACAACGTCACCCGCCTTGACCGCTGGGAAACGGAACTGAATGAGGCGCTTCCCGGCGACGCCCGCGACACCACTACCCCGGCCAGCATGGCCGCGACCCTGCGCAAGCTGCTGACCAGCCAGCGTCTGAGCGCCCGTTCGCAACGGCAGCTGCTGCAGTGGATGGTGGACGATCGGGTCGCCGGACCGTTGATCCGCTCCGTGCTGCCGGCGGGCTGGTTTATCGCCGATAAGACCGGAGCTAGCAAGCGGGGTGCGCGCGGGATTGTCGCCCTGCTTGGCCCGAATAACAAAGCAGAGCGCATCGTGGTGATTTATCTGCGGGATACGCCGGCGAGCATGGCCGAGCGAAATCAGCAAATCGCCGGGATCGGCGCGGCGCTGATCGAGCACTGGCAACGCTAA	ATGCGTTATATTCGCCTGTGTATTATCTCCCTGTTAGCCACCCTGCCGCTGGCG...TAA	861	24	884	861.0	5151-	ATGCGTTATATTCGCCTGTGTATTATCTCCCTGTTAGCCACCCTGCCGCTGGCGGTACACGCCAGCCCGCAGCCGCTTGAGCAAATTAAACAAAGCGAAAGCCAGCTGTCGGGCCGCGTAGGCATGATAGAAATGGATCTGGCCAGCGGCCGCACGCTGACCGCCTGGCGCGCCGATGAACGCTTTCCCATGATGAGCACCTTTAAAGTAGTGCTCTGCGGCGCAGTGCTGGCGCGGGTGGATGCCGGTGACGAACAGCTGGAGCGAAAGATCCACTATCGCCAGCAGGATCTGGTGGACTACTCGCCGGTCAGCGAAAAACACCTTGCCGACGGCATGACGGTCGGCGAACTCTGCGCCGCCGCCATTACCATGAGCGATAACAGCGCCGCCAATCTGCTGCTGGCCACCGTCGGCGGCCCCGCAGGATTGACTGCCTTTTTGCGCCAGATCGGCGACAACGTCACCCGCCTTGACCGCTGGGAAACGGAACTGAATGAGGCGCTTCCCGGCGACGCCCGCGACACCACTACCCCGGCCAGCATGGCCGCGACCCTGCGCAAGCTGCTGACCAGCCAGCGTCTGAGCGCCCGTTCGCAACGGCAGCTGCTGCAGTGGATGGTGGACGATCGGGTCGCCGGACCGTTGATCCGCTCCGTGCTGCCGGCGGGCTGGTTTATCGCCGATAAGACCGGAGCTAGCAAGCGGGGTGCGCGCGGGATTGTCGCCCTGCTTGGCCCGAATAACAAAGCAGAGCGCATCGTGGTGATTTATCTGCGGGATACGCCGGCGAGCATGGCCGAGCGAAATCAGCAAATCGCCGGGATCGGCGCGGCGCTGATCGAGCACTGGCAACGCTAA	ATGCGTTATATTCGCCTGTGTATTATCTCCCTGTTAGCCACCCTGCCGCTGGCG...TAA	861	5151	24	884	True	True	True
205	gb|EU032604|+|0-861|ARO:3001152|SHV-103	ATGCGTTATATTCGCCTGTGTATTATCTCCCTGTTAGCCACCCTGCCGCTGGCG...TAA	861	(24) 5151- (884)	24	884	ATGCGTTATATTCGCCTGTGTATTATCTCCCTGTTAGCCACCCTGCCGCTGGCGGTACACGCCAGCCCGCAGCCGCTTGAGCAAATTAAACAAAGCGAAAGCCAGCTGTCGGGCCGCGTAGGCATGATAGAAATGGATCTGGCCAGCGGCCGCACGCTGACCGCCTGGCGCGCCGATGAACGCTTTCCCATGATGAGCACCTTTAAAGTAGTGCTCTGCGGCGCAGTGCTGGCGCGGGTGGATGCCGGTGACGAACAGCTGGAGCGAAAGATCCACTATCGCCAGCAGGATCTGGTGGACTACTCGCCGGTCAGCGAAAAACACCTTGCCGACGGCATGACGGTCGGCGAACTCTGCGCCGCCGCCATTACCATGAGCGATAACAGCGCCGCCAATCTGCTGCTGGCCACCGTCGGCGGCCCCGCAGGATTGACTGCCTTTTTGCGCCAGATCGGCGACAACGTCACCCGCCTTGACCGCTGGGAAACGGAACTGAATGAGGCGCTTCCCGGCGACGCCCGCGACACCACTACCCCGGCCAGCATGGCCGCGACCCTGCGCAAGCTGCTGACCAGCCAGCGTCTGAGCGCCCGTTCGCAACGGCAGCTGCTGCAGTGGATGGTGGACGATCGGGTCGCCGGACCGTTGATCCGCTCCGTGCTGCCGGCGGGCTGGTTTATCGCCGATAAGACCGGAGCTAGCAAGCGGGGTGCGCGCGGGATTGTCGCCCTGCTTGGCCCGAATAACAAAGCAGAGCGCATCGTGGTGATTTATCTGCGGGATACGCCGGCGAGCATGGCCGAGCGAAATCAGCAAATCGCCGGGATCGGCGCGGCGCTGATCGAGCACTGGCAACGCTAA	ATGCGTTATATTCGCCTGTGTATTATCTCCCTGTTAGCCACCCTGCCGCTGGCG...TAA	861	24	884	861.0	5151-	ATGCGTTATATTCGCCTGTGTATTATCTCCCTGTTAGCCACCCTGCCGCTGGCGGTACACGCCAGCCCGCAGCCGCTTGAGCAAATTAAACAAAGCGAAAGCCAGCTGTCGGGCCGCGTAGGCATGATAGAAATGGATCTGGCCAGCGGCCGCACGCTGACCGCCTGGCGCGCCGATGAACGCTTTCCCATGATGAGCACCTTTAAAGTAGTGCTCTGCGGCGCAGTGCTGGCGCGGGTGGATGCCGGTGACGAACAGCTGGAGCGAAAGATCCACTATCGCCAGCAGGATCTGGTGGACTACTCGCCGGTCAGCGAAAAACACCTTGCCGACGGCATGACGGTCGGCGAACTCTGCGCCGCCGCCATTACCATGAGCGATAACAGCGCCGCCAATCTGCTGCTGGCCACCGTCGGCGGCCCCGCAGGATTGACTGCCTTTTTGCGCCAGATCGGCGACAACGTCACCCGCCTTGACCGCTGGGAAACGGAACTGAATGAGGCGCTTCCCGGCGACGCCCGCGACACCACTACCCCGGCCAGCATGGCCGCGACCCTGCGCAAGCTGCTGACCAGCCAGCGTCTGAGCGCCCGTTCGCAACGGCAGCTGCTGCAGTGGATGGTGGACGATCGGGTCGCCGGACCGTTGATCCGCTCCGTGCTGCCGGCGGGCTGGTTTATCGCCGATAAGACCGGAGCTAGCAAGCGGGGTGCGCGCGGGATTGTCGCCCTGCTTGGCCCGAATAACAAAGCAGAGCGCATCGTGGTGATTTATCTGCGGGATACGCCGGCGAGCATGGCCGAGCGAAATCAGCAAATCGCCGGGATCGGCGCGGCGCTGATCGAGCACTGGCAACGCTAA	ATGCGTTATATTCGCCTGTGTATTATCTCCCTGTTAGCCACCCTGCCGCTGGCG...TAA	861	5151	24	884	True	True	True
206	gb|EU085533|+|0-519|ARO:3002591|AAC(6')-Ib-Suzhou	ATGACTGAGCATGACCTTGCGATGCTCTATGAGTGGCTAAATCGATCTCATATC...TAA	519	(124) 7593+ (642)	124	642	ATGACTGAGCATGACCTTGCGATGCTCTATGAGTGGCTAAATCGATCTCATATCGTCGAGTGGTGGGGCGGAGAAGAAGCACGCCCGACACTTGCTGACGTACAGGAACAGTACTTGCCAAGCGTTTTAGCGCAAGAGTCCGTCACTCCATACATTGCAATGCTGAATGGAGAGCCGATTGGGTATGCCCAGTCGTACGTTGCTCTTGGAAGCGGGGACGGATGGTGGGAAGAAGAAACCGATCCAGGAGTACGCGGAATAGACCAGTTACTGGCGAATGCATCACAACTGGGCAAAGGCTTGGGAACCAAGCTGGTTCGAGCTCTGGTTGAGTTGCTGTTCAATGATCCCGAGGTCACCAAGATCCAAACGGACCCGTCGCCGAGCAACTTGCGAGCGATCCGATGCTACGAGAAAGCGGGGTTTGAGAGGCAAGGTACCGTAACCACCCCAGATGGTCCAGCCGTGTACATGGTTCAAACACGCCAGGCATTCGAGCGAACACGCAGTGTTGCCTAA	ATGACTGAGCATGACCTTGCGATGCTCTATGAGTGGCTAAATCGATCTCATATC...TAA	519	124	642	519.0	7593+	ATGACTGAGCATGACCTTGCGATGCTCTATGAGTGGCTAAATCGATCTCATATCGTCGAGTGGTGGGGCGGAGAAGAAGCACGCCCGACACTTGCTGACGTACAGGAACAGTACTTGCCAAGCGTTTTAGCGCAAGAGTCCGTCACTCCATACATTGCAATGCTGAATGGAGAGCCGATTGGGTATGCCCAGTCGTACGTTGCTCTTGGAAGCGGGGACGGATGGTGGGAAGAAGAAACCGATCCAGGAGTACGCGGAATAGACCAGTTACTGGCGAATGCATCACAACTGGGCAAAGGCTTGGGAACCAAGCTGGTTCGAGCTCTGGTTGAGTTGCTGTTCAATGATCCCGAGGTCACCAAGATCCAAACGGACCCGTCGCCGAGCAACTTGCGAGCGATCCGATGCTACGAGAAAGCGGGGTTTGAGAGGCAAGGTACCGTAACCACCCCAGATGGTCCAGCCGTGTACATGGTTCAAACACGCCAGGCATTCGAGCGAACACGCAGTGTTGCCTAA	ATGACTGAGCATGACCTTGCGATGCTCTATGAGTGGCTAAATCGATCTCATATC...TAA	519	7593	124	642	True	True	True
207	gb|EU155018|+|0-861|ARO:3001150|SHV-101	ATGCGTTATATTCGCCTGTGTATTATCTCCCTGTTAGCCACCCTGCCGCTGGCG...TAA	861	(24) 5151- (884)	24	884	ATGCGTTATATTCGCCTGTGTATTATCTCCCTGTTAGCCACCCTGCCGCTGGCGGTACACGCCAGCCCGCAGCCGCTTGAGCAAATTAAACAAAGCGAAAGCCAGCTGTCGGGCCGCGTAGGCATGATAGAAATGGATCTGGCCAGCGGCCGCACGCTGACCGCCTGGCGCGCCGATGAACGCTTTCCCATGATGAGCACCTTTAAAGTAGTGCTCTGCGGCGCAGTGCTGGCGCGGGTGGATGCCGGTGACGAACAGCTGGAGCGAAAGATCCACTATCGCCAGCAGGATCTGGTGGACTACTCGCCGGTCAGCGAAAAACACCTTGCCGACGGCATGACGGTCGGCGAACTCTGCGCCGCCGCCATTACCATGAGCGATAACAGCGCCGCCAATCTGCTGCTGGCCACCGTCGGCGGCCCCGCAGGATTGACTGCCTTTTTGCGCCAGATCGGCGACAACGTCACCCGCCTTGACCGCTGGGAAACGGAACTGAATGAGGCGCTTCCCGGCGACGCCCGCGACACCACTACCCCGGCCAGCATGGCCGCGACCCTGCGCAAGCTGCTGACCAGCCAGCGTCTGAGCGCCCGTTCGCAACGGCAGCTGCTGCAGTGGATGGTGGACGATCGGGTCGCCGGACCGTTGATCCGCTCCGTGCTGCCGGCGGGCTGGTTTATCGCCGATAAGACCGGAGCTAGCAAGCGGGGTGCGCGCGGGATTGTCGCCCTGCTTGGCCCGAATAACAAAGCAGAGCGCATCGTGGTGATTTATCTGCGGGATACGCCGGCGAGCATGGCCGAGCGAAATCAGCAAATCGCCGGGATCGGCGCGGCGCTGATCGAGCACTGGCAACGCTAA	ATGCGTTATATTCGCCTGTGTATTATCTCCCTGTTAGCCACCCTGCCGCTGGCG...TAA	861	24	884	861.0	5151-	ATGCGTTATATTCGCCTGTGTATTATCTCCCTGTTAGCCACCCTGCCGCTGGCGGTACACGCCAGCCCGCAGCCGCTTGAGCAAATTAAACAAAGCGAAAGCCAGCTGTCGGGCCGCGTAGGCATGATAGAAATGGATCTGGCCAGCGGCCGCACGCTGACCGCCTGGCGCGCCGATGAACGCTTTCCCATGATGAGCACCTTTAAAGTAGTGCTCTGCGGCGCAGTGCTGGCGCGGGTGGATGCCGGTGACGAACAGCTGGAGCGAAAGATCCACTATCGCCAGCAGGATCTGGTGGACTACTCGCCGGTCAGCGAAAAACACCTTGCCGACGGCATGACGGTCGGCGAACTCTGCGCCGCCGCCATTACCATGAGCGATAACAGCGCCGCCAATCTGCTGCTGGCCACCGTCGGCGGCCCCGCAGGATTGACTGCCTTTTTGCGCCAGATCGGCGACAACGTCACCCGCCTTGACCGCTGGGAAACGGAACTGAATGAGGCGCTTCCCGGCGACGCCCGCGACACCACTACCCCGGCCAGCATGGCCGCGACCCTGCGCAAGCTGCTGACCAGCCAGCGTCTGAGCGCCCGTTCGCAACGGCAGCTGCTGCAGTGGATGGTGGACGATCGGGTCGCCGGACCGTTGATCCGCTCCGTGCTGCCGGCGGGCTGGTTTATCGCCGATAAGACCGGAGCTAGCAAGCGGGGTGCGCGCGGGATTGTCGCCCTGCTTGGCCCGAATAACAAAGCAGAGCGCATCGTGGTGATTTATCTGCGGGATACGCCGGCGAGCATGGCCGAGCGAAATCAGCAAATCGCCGGGATCGGCGCGGCGCTGATCGAGCACTGGCAACGCTAA	ATGCGTTATATTCGCCTGTGTATTATCTCCCTGTTAGCCACCCTGCCGCTGGCG...TAA	861	5151	24	884	True	True	True
208	gb|EU274580|+|214-1075|ARO:3001030|TEM-164	ATGAGTATTCAACATTTTCGTGTCGCCCTTATTCCCTTTTTTGCGGCATTTTGC...TAA	861	(37) 5967+ (897)	37	897	ATGAGTATTCAACATTTCCGTGTCGCCCTTATTCCCTTTTTTGCGGCATTTTGCCTTCCTGTTTTTGCTCACCCAGAAACGCTGGTGAAAGTAAAAGATGCTGAAGATCAGTTGGGTGCACGAGTGGGTTACATCGAACTGGATCTCAACAGCGGTAAGATCCTTGAGAGTTTTCGCCCCGAAGAACGTTTTCCAATGATGAGCACTTTTAAAGTTCTGCTATGTGGTGCGGTATTATCCCGTGTTGACGCCGGGCAAGAGCAACTCGGTCGCCGCATACACTATTCTCAGAATGACTTGGTTGAGTACTCACCAGTCACAGAAAAGCATCTTACGGATGGCATGACAGTAAGAGAATTATGCAGTGCTGCCATAACCATGAGTGATAACACTGCTGCCAACTTACTTCTGACAACGATCGGAGGACCGAAGGAGCTAACCGCTTTTTTGCACAACATGGGGGATCATGTAACTCGCCTTGATCGTTGGGAACCGGAGCTGAATGAAGCCATACCAAACGACGAGCGTGACACCACGATGCCTGCAGCAATGGCAACAACGTTGCGCAAACTATTAACTGGCGAACTACTTACTCTAGCTTCCCGGCAACAATTAATAGACTGGATGGAGGCGGATAAAGTTGCAGGACCACTTCTGCGCTCGGCCCTTCCGGCTGGCTGGTTTATTGCTGATAAATCTGGAGCCGGTGAGCGTGGGTCTCGCGGTATCATTGCAGCACTGGGGCCAGATGGTAAGCCCTCCCGTATCGTAGTTATCTACACGACGGGGAGTCAGGCAACTATGGATGAACGAAATAGACAGATCGCTGAGATAGGTGCCTCACTGATTAAGCATTGGTAA	ATGAGTATTCAACATTTTCGTGTCGCCCTTATTCCCTTTTTTGCGGCATTTTGC...TAA	861	37	897	861.0	5967+	ATGAGTATTCAACATTTCCGTGTCGCCCTTATTCCCTTTTTTGCGGCATTTTGCCTTCCTGTTTTTGCTCACCCAGAAACGCTGGTGAAAGTAAAAGATGCTGAAGATCAGTTGGGTGCACGAGTGGGTTACATCGAACTGGATCTCAACAGCGGTAAGATCCTTGAGAGTTTTCGCCCCGAAGAACGTTTTCCAATGATGAGCACTTTTAAAGTTCTGCTATGTGGTGCGGTATTATCCCGTGTTGACGCCGGGCAAGAGCAACTCGGTCGCCGCATACACTATTCTCAGAATGACTTGGTTGAGTACTCACCAGTCACAGAAAAGCATCTTACGGATGGCATGACAGTAAGAGAATTATGCAGTGCTGCCATAACCATGAGTGATAACACTGCTGCCAACTTACTTCTGACAACGATCGGAGGACCGAAGGAGCTAACCGCTTTTTTGCACAACATGGGGGATCATGTAACTCGCCTTGATCGTTGGGAACCGGAGCTGAATGAAGCCATACCAAACGACGAGCGTGACACCACGATGCCTGCAGCAATGGCAACAACGTTGCGCAAACTATTAACTGGCGAACTACTTACTCTAGCTTCCCGGCAACAATTAATAGACTGGATGGAGGCGGATAAAGTTGCAGGACCACTTCTGCGCTCGGCCCTTCCGGCTGGCTGGTTTATTGCTGATAAATCTGGAGCCGGTGAGCGTGGGTCTCGCGGTATCATTGCAGCACTGGGGCCAGATGGTAAGCCCTCCCGTATCGTAGTTATCTACACGACGGGGAGTCAGGCAACTATGGATGAACGAAATAGACAGATCGCTGAGATAGGTGCCTCACTGATTAAGCATTGGTAA	ATGAGTATTCAACATTTTCGTGTCGCCCTTATTCCCTTTTTTGCGGCATTTTGC...TAA	861	5967	37	897	True	True	True
209	gb|EU274581|+|0-861|ARO:3001153|SHV-104	TTGCGTTATATTCGCCTGTGTATTATCTCCCTGTTAGCCACCCTGCCGCTGGCG...TAA	861	(25) 5151- (884)	25	884	TGCGTTATATTCGCCTGTGTATTATCTCCCTGTTAGCCACCCTGCCGCTGGCGGTACACGCCAGCCCGCAGCCGCTTGAGCAAATTAAACAAAGCGAAAGCCAGCTGTCGGGCCGCGTAGGCATGATAGAAATGGATCTGGCCAGCGGCCGCACGCTGACCGCCTGGCGCGCCGATGAACGCTTTCCCATGATGAGCACCTTTAAAGTAGTGCTCTGCGGCGCAGTGCTGGCGCGGGTGGATGCCGGTGACGAACAGCTGGAGCGAAAGATCCACTATCGCCAGCAGGATCTGGTGGACTACTCGCCGGTCAGCGAAAAACACCTTGCCGACGGCATGACGGTCGGCGAACTCTGCGCCGCCGCCATTACCATGAGCGATAACAGCGCCGCCAATCTGCTGCTGGCCACCGTCGGCGGCCCCGCAGGATTGACTGCCTTTTTGCGCCAGATCGGCGACAACGTCACCCGCCTTGACCGCTGGGAAACGGAACTGAATGAGGCGCTTCCCGGCGACGCCCGCGACACCACTACCCCGGCCAGCATGGCCGCGACCCTGCGCAAGCTGCTGACCAGCCAGCGTCTGAGCGCCCGTTCGCAACGGCAGCTGCTGCAGTGGATGGTGGACGATCGGGTCGCCGGACCGTTGATCCGCTCCGTGCTGCCGGCGGGCTGGTTTATCGCCGATAAGACCGGAGCTAGCAAGCGGGGTGCGCGCGGGATTGTCGCCCTGCTTGGCCCGAATAACAAAGCAGAGCGCATCGTGGTGATTTATCTGCGGGATACGCCGGCGAGCATGGCCGAGCGAAATCAGCAAATCGCCGGGATCGGCGCGGCGCTGATCGAGCACTGGCAACGCTAA	TTGCGTTATATTCGCCTGTGTATTATCTCCCTGTTAGCCACCCTGCCGCTGGCG...TAA	861	25	884	861.0	5151-	TGCGTTATATTCGCCTGTGTATTATCTCCCTGTTAGCCACCCTGCCGCTGGCGGTACACGCCAGCCCGCAGCCGCTTGAGCAAATTAAACAAAGCGAAAGCCAGCTGTCGGGCCGCGTAGGCATGATAGAAATGGATCTGGCCAGCGGCCGCACGCTGACCGCCTGGCGCGCCGATGAACGCTTTCCCATGATGAGCACCTTTAAAGTAGTGCTCTGCGGCGCAGTGCTGGCGCGGGTGGATGCCGGTGACGAACAGCTGGAGCGAAAGATCCACTATCGCCAGCAGGATCTGGTGGACTACTCGCCGGTCAGCGAAAAACACCTTGCCGACGGCATGACGGTCGGCGAACTCTGCGCCGCCGCCATTACCATGAGCGATAACAGCGCCGCCAATCTGCTGCTGGCCACCGTCGGCGGCCCCGCAGGATTGACTGCCTTTTTGCGCCAGATCGGCGACAACGTCACCCGCCTTGACCGCTGGGAAACGGAACTGAATGAGGCGCTTCCCGGCGACGCCCGCGACACCACTACCCCGGCCAGCATGGCCGCGACCCTGCGCAAGCTGCTGACCAGCCAGCGTCTGAGCGCCCGTTCGCAACGGCAGCTGCTGCAGTGGATGGTGGACGATCGGGTCGCCGGACCGTTGATCCGCTCCGTGCTGCCGGCGGGCTGGTTTATCGCCGATAAGACCGGAGCTAGCAAGCGGGGTGCGCGCGGGATTGTCGCCCTGCTTGGCCCGAATAACAAAGCAGAGCGCATCGTGGTGATTTATCTGCGGGATACGCCGGCGAGCATGGCCGAGCGAAATCAGCAAATCGCCGGGATCGGCGCGGCGCTGATCGAGCACTGGCAACGCTAA	TTGCGTTATATTCGCCTGTGTATTATCTCCCTGTTAGCCACCCTGCCGCTGGCG...TAA	861	5151	25	884	True	True	True
210	gb|EU342351|+|172-1033|ARO:3001118|SHV-63	ATGCGTTATATTCGCCTGTGTATTATCTCCCTGTTAGCCACCCTGCCGCTGGCG...TAA	861	(24) 5151- (884)	24	884	ATGCGTTATATTCGCCTGTGTATTATCTCCCTGTTAGCCACCCTGCCGCTGGCGGTACACGCCAGCCCGCAGCCGCTTGAGCAAATTAAACAAAGCGAAAGCCAGCTGTCGGGCCGCGTAGGCATGATAGAAATGGATCTGGCCAGCGGCCGCACGCTGACCGCCTGGCGCGCCGATGAACGCTTTCCCATGATGAGCACCTTTAAAGTAGTGCTCTGCGGCGCAGTGCTGGCGCGGGTGGATGCCGGTGACGAACAGCTGGAGCGAAAGATCCACTATCGCCAGCAGGATCTGGTGGACTACTCGCCGGTCAGCGAAAAACACCTTGCCGACGGCATGACGGTCGGCGAACTCTGCGCCGCCGCCATTACCATGAGCGATAACAGCGCCGCCAATCTGCTGCTGGCCACCGTCGGCGGCCCCGCAGGATTGACTGCCTTTTTGCGCCAGATCGGCGACAACGTCACCCGCCTTGACCGCTGGGAAACGGAACTGAATGAGGCGCTTCCCGGCGACGCCCGCGACACCACTACCCCGGCCAGCATGGCCGCGACCCTGCGCAAGCTGCTGACCAGCCAGCGTCTGAGCGCCCGTTCGCAACGGCAGCTGCTGCAGTGGATGGTGGACGATCGGGTCGCCGGACCGTTGATCCGCTCCGTGCTGCCGGCGGGCTGGTTTATCGCCGATAAGACCGGAGCTAGCAAGCGGGGTGCGCGCGGGATTGTCGCCCTGCTTGGCCCGAATAACAAAGCAGAGCGCATCGTGGTGATTTATCTGCGGGATACGCCGGCGAGCATGGCCGAGCGAAATCAGCAAATCGCCGGGATCGGCGCGGCGCTGATCGAGCACTGGCAACGCTAA	ATGCGTTATATTCGCCTGTGTATTATCTCCCTGTTAGCCACCCTGCCGCTGGCG...TAA	861	24	884	861.0	5151-	ATGCGTTATATTCGCCTGTGTATTATCTCCCTGTTAGCCACCCTGCCGCTGGCGGTACACGCCAGCCCGCAGCCGCTTGAGCAAATTAAACAAAGCGAAAGCCAGCTGTCGGGCCGCGTAGGCATGATAGAAATGGATCTGGCCAGCGGCCGCACGCTGACCGCCTGGCGCGCCGATGAACGCTTTCCCATGATGAGCACCTTTAAAGTAGTGCTCTGCGGCGCAGTGCTGGCGCGGGTGGATGCCGGTGACGAACAGCTGGAGCGAAAGATCCACTATCGCCAGCAGGATCTGGTGGACTACTCGCCGGTCAGCGAAAAACACCTTGCCGACGGCATGACGGTCGGCGAACTCTGCGCCGCCGCCATTACCATGAGCGATAACAGCGCCGCCAATCTGCTGCTGGCCACCGTCGGCGGCCCCGCAGGATTGACTGCCTTTTTGCGCCAGATCGGCGACAACGTCACCCGCCTTGACCGCTGGGAAACGGAACTGAATGAGGCGCTTCCCGGCGACGCCCGCGACACCACTACCCCGGCCAGCATGGCCGCGACCCTGCGCAAGCTGCTGACCAGCCAGCGTCTGAGCGCCCGTTCGCAACGGCAGCTGCTGCAGTGGATGGTGGACGATCGGGTCGCCGGACCGTTGATCCGCTCCGTGCTGCCGGCGGGCTGGTTTATCGCCGATAAGACCGGAGCTAGCAAGCGGGGTGCGCGCGGGATTGTCGCCCTGCTTGGCCCGAATAACAAAGCAGAGCGCATCGTGGTGATTTATCTGCGGGATACGCCGGCGAGCATGGCCGAGCGAAATCAGCAAATCGCCGGGATCGGCGCGGCGCTGATCGAGCACTGGCAACGCTAA	ATGCGTTATATTCGCCTGTGTATTATCTCCCTGTTAGCCACCCTGCCGCTGGCG...TAA	861	5151	24	884	True	True	True
211	gb|EU418913|+|16-877|ARO:3001158|SHV-109	ATGCGTTATATTCGCCGGTGTATTATCTCCCTGTTAGCCACCCTGCCGCTGGCG...TAA	861	(24) 5151- (884)	24	884	ATGCGTTATATTCGCCTGTGTATTATCTCCCTGTTAGCCACCCTGCCGCTGGCGGTACACGCCAGCCCGCAGCCGCTTGAGCAAATTAAACAAAGCGAAAGCCAGCTGTCGGGCCGCGTAGGCATGATAGAAATGGATCTGGCCAGCGGCCGCACGCTGACCGCCTGGCGCGCCGATGAACGCTTTCCCATGATGAGCACCTTTAAAGTAGTGCTCTGCGGCGCAGTGCTGGCGCGGGTGGATGCCGGTGACGAACAGCTGGAGCGAAAGATCCACTATCGCCAGCAGGATCTGGTGGACTACTCGCCGGTCAGCGAAAAACACCTTGCCGACGGCATGACGGTCGGCGAACTCTGCGCCGCCGCCATTACCATGAGCGATAACAGCGCCGCCAATCTGCTGCTGGCCACCGTCGGCGGCCCCGCAGGATTGACTGCCTTTTTGCGCCAGATCGGCGACAACGTCACCCGCCTTGACCGCTGGGAAACGGAACTGAATGAGGCGCTTCCCGGCGACGCCCGCGACACCACTACCCCGGCCAGCATGGCCGCGACCCTGCGCAAGCTGCTGACCAGCCAGCGTCTGAGCGCCCGTTCGCAACGGCAGCTGCTGCAGTGGATGGTGGACGATCGGGTCGCCGGACCGTTGATCCGCTCCGTGCTGCCGGCGGGCTGGTTTATCGCCGATAAGACCGGAGCTAGCAAGCGGGGTGCGCGCGGGATTGTCGCCCTGCTTGGCCCGAATAACAAAGCAGAGCGCATCGTGGTGATTTATCTGCGGGATACGCCGGCGAGCATGGCCGAGCGAAATCAGCAAATCGCCGGGATCGGCGCGGCGCTGATCGAGCACTGGCAACGCTAA	ATGCGTTATATTCGCCGGTGTATTATCTCCCTGTTAGCCACCCTGCCGCTGGCG...TAA	861	24	884	861.0	5151-	ATGCGTTATATTCGCCTGTGTATTATCTCCCTGTTAGCCACCCTGCCGCTGGCGGTACACGCCAGCCCGCAGCCGCTTGAGCAAATTAAACAAAGCGAAAGCCAGCTGTCGGGCCGCGTAGGCATGATAGAAATGGATCTGGCCAGCGGCCGCACGCTGACCGCCTGGCGCGCCGATGAACGCTTTCCCATGATGAGCACCTTTAAAGTAGTGCTCTGCGGCGCAGTGCTGGCGCGGGTGGATGCCGGTGACGAACAGCTGGAGCGAAAGATCCACTATCGCCAGCAGGATCTGGTGGACTACTCGCCGGTCAGCGAAAAACACCTTGCCGACGGCATGACGGTCGGCGAACTCTGCGCCGCCGCCATTACCATGAGCGATAACAGCGCCGCCAATCTGCTGCTGGCCACCGTCGGCGGCCCCGCAGGATTGACTGCCTTTTTGCGCCAGATCGGCGACAACGTCACCCGCCTTGACCGCTGGGAAACGGAACTGAATGAGGCGCTTCCCGGCGACGCCCGCGACACCACTACCCCGGCCAGCATGGCCGCGACCCTGCGCAAGCTGCTGACCAGCCAGCGTCTGAGCGCCCGTTCGCAACGGCAGCTGCTGCAGTGGATGGTGGACGATCGGGTCGCCGGACCGTTGATCCGCTCCGTGCTGCCGGCGGGCTGGTTTATCGCCGATAAGACCGGAGCTAGCAAGCGGGGTGCGCGCGGGATTGTCGCCCTGCTTGGCCCGAATAACAAAGCAGAGCGCATCGTGGTGATTTATCTGCGGGATACGCCGGCGAGCATGGCCGAGCGAAATCAGCAAATCGCCGGGATCGGCGCGGCGCTGATCGAGCACTGGCAACGCTAA	ATGCGTTATATTCGCCGGTGTATTATCTCCCTGTTAGCCACCCTGCCGCTGGCG...TAA	861	5151	24	884	True	True	True
212	gb|EU586041|+|0-861|ARO:3001112|SHV-56	ATGCGTTATATTCGCCTGTGTATTATCTCCCTGTTAGCCACCCTGCCGCTGGCG...TAA	861	(24) 5151- (884)	24	884	ATGCGTTATATTCGCCTGTGTATTATCTCCCTGTTAGCCACCCTGCCGCTGGCGGTACACGCCAGCCCGCAGCCGCTTGAGCAAATTAAACAAAGCGAAAGCCAGCTGTCGGGCCGCGTAGGCATGATAGAAATGGATCTGGCCAGCGGCCGCACGCTGACCGCCTGGCGCGCCGATGAACGCTTTCCCATGATGAGCACCTTTAAAGTAGTGCTCTGCGGCGCAGTGCTGGCGCGGGTGGATGCCGGTGACGAACAGCTGGAGCGAAAGATCCACTATCGCCAGCAGGATCTGGTGGACTACTCGCCGGTCAGCGAAAAACACCTTGCCGACGGCATGACGGTCGGCGAACTCTGCGCCGCCGCCATTACCATGAGCGATAACAGCGCCGCCAATCTGCTGCTGGCCACCGTCGGCGGCCCCGCAGGATTGACTGCCTTTTTGCGCCAGATCGGCGACAACGTCACCCGCCTTGACCGCTGGGAAACGGAACTGAATGAGGCGCTTCCCGGCGACGCCCGCGACACCACTACCCCGGCCAGCATGGCCGCGACCCTGCGCAAGCTGCTGACCAGCCAGCGTCTGAGCGCCCGTTCGCAACGGCAGCTGCTGCAGTGGATGGTGGACGATCGGGTCGCCGGACCGTTGATCCGCTCCGTGCTGCCGGCGGGCTGGTTTATCGCCGATAAGACCGGAGCTAGCAAGCGGGGTGCGCGCGGGATTGTCGCCCTGCTTGGCCCGAATAACAAAGCAGAGCGCATCGTGGTGATTTATCTGCGGGATACGCCGGCGAGCATGGCCGAGCGAAATCAGCAAATCGCCGGGATCGGCGCGGCGCTGATCGAGCACTGGCAACGCTAA	ATGCGTTATATTCGCCTGTGTATTATCTCCCTGTTAGCCACCCTGCCGCTGGCG...TAA	861	24	884	861.0	5151-	ATGCGTTATATTCGCCTGTGTATTATCTCCCTGTTAGCCACCCTGCCGCTGGCGGTACACGCCAGCCCGCAGCCGCTTGAGCAAATTAAACAAAGCGAAAGCCAGCTGTCGGGCCGCGTAGGCATGATAGAAATGGATCTGGCCAGCGGCCGCACGCTGACCGCCTGGCGCGCCGATGAACGCTTTCCCATGATGAGCACCTTTAAAGTAGTGCTCTGCGGCGCAGTGCTGGCGCGGGTGGATGCCGGTGACGAACAGCTGGAGCGAAAGATCCACTATCGCCAGCAGGATCTGGTGGACTACTCGCCGGTCAGCGAAAAACACCTTGCCGACGGCATGACGGTCGGCGAACTCTGCGCCGCCGCCATTACCATGAGCGATAACAGCGCCGCCAATCTGCTGCTGGCCACCGTCGGCGGCCCCGCAGGATTGACTGCCTTTTTGCGCCAGATCGGCGACAACGTCACCCGCCTTGACCGCTGGGAAACGGAACTGAATGAGGCGCTTCCCGGCGACGCCCGCGACACCACTACCCCGGCCAGCATGGCCGCGACCCTGCGCAAGCTGCTGACCAGCCAGCGTCTGAGCGCCCGTTCGCAACGGCAGCTGCTGCAGTGGATGGTGGACGATCGGGTCGCCGGACCGTTGATCCGCTCCGTGCTGCCGGCGGGCTGGTTTATCGCCGATAAGACCGGAGCTAGCAAGCGGGGTGCGCGCGGGATTGTCGCCCTGCTTGGCCCGAATAACAAAGCAGAGCGCATCGTGGTGATTTATCTGCGGGATACGCCGGCGAGCATGGCCGAGCGAAATCAGCAAATCGCCGGGATCGGCGCGGCGCTGATCGAGCACTGGCAACGCTAA	ATGCGTTATATTCGCCTGTGTATTATCTCCCTGTTAGCCACCCTGCCGCTGGCG...TAA	861	5151	24	884	True	True	True
213	gb|EU815939|+|0-861|ARO:3001029|TEM-163	ATGAGTATTCAACATTTCCGTGTCGCCCTTATTCCCTTTTTTGCGGCATTTTGC...TAA	861	(37) 5967+ (897)	37	897	ATGAGTATTCAACATTTCCGTGTCGCCCTTATTCCCTTTTTTGCGGCATTTTGCCTTCCTGTTTTTGCTCACCCAGAAACGCTGGTGAAAGTAAAAGATGCTGAAGATCAGTTGGGTGCACGAGTGGGTTACATCGAACTGGATCTCAACAGCGGTAAGATCCTTGAGAGTTTTCGCCCCGAAGAACGTTTTCCAATGATGAGCACTTTTAAAGTTCTGCTATGTGGTGCGGTATTATCCCGTGTTGACGCCGGGCAAGAGCAACTCGGTCGCCGCATACACTATTCTCAGAATGACTTGGTTGAGTACTCACCAGTCACAGAAAAGCATCTTACGGATGGCATGACAGTAAGAGAATTATGCAGTGCTGCCATAACCATGAGTGATAACACTGCTGCCAACTTACTTCTGACAACGATCGGAGGACCGAAGGAGCTAACCGCTTTTTTGCACAACATGGGGGATCATGTAACTCGCCTTGATCGTTGGGAACCGGAGCTGAATGAAGCCATACCAAACGACGAGCGTGACACCACGATGCCTGCAGCAATGGCAACAACGTTGCGCAAACTATTAACTGGCGAACTACTTACTCTAGCTTCCCGGCAACAATTAATAGACTGGATGGAGGCGGATAAAGTTGCAGGACCACTTCTGCGCTCGGCCCTTCCGGCTGGCTGGTTTATTGCTGATAAATCTGGAGCCGGTGAGCGTGGGTCTCGCGGTATCATTGCAGCACTGGGGCCAGATGGTAAGCCCTCCCGTATCGTAGTTATCTACACGACGGGGAGTCAGGCAACTATGGATGAACGAAATAGACAGATCGCTGAGATAGGTGCCTCACTGATTAAGCATTGGTAA	ATGAGTATTCAACATTTCCGTGTCGCCCTTATTCCCTTTTTTGCGGCATTTTGC...TAA	861	37	897	861.0	5967+	ATGAGTATTCAACATTTCCGTGTCGCCCTTATTCCCTTTTTTGCGGCATTTTGCCTTCCTGTTTTTGCTCACCCAGAAACGCTGGTGAAAGTAAAAGATGCTGAAGATCAGTTGGGTGCACGAGTGGGTTACATCGAACTGGATCTCAACAGCGGTAAGATCCTTGAGAGTTTTCGCCCCGAAGAACGTTTTCCAATGATGAGCACTTTTAAAGTTCTGCTATGTGGTGCGGTATTATCCCGTGTTGACGCCGGGCAAGAGCAACTCGGTCGCCGCATACACTATTCTCAGAATGACTTGGTTGAGTACTCACCAGTCACAGAAAAGCATCTTACGGATGGCATGACAGTAAGAGAATTATGCAGTGCTGCCATAACCATGAGTGATAACACTGCTGCCAACTTACTTCTGACAACGATCGGAGGACCGAAGGAGCTAACCGCTTTTTTGCACAACATGGGGGATCATGTAACTCGCCTTGATCGTTGGGAACCGGAGCTGAATGAAGCCATACCAAACGACGAGCGTGACACCACGATGCCTGCAGCAATGGCAACAACGTTGCGCAAACTATTAACTGGCGAACTACTTACTCTAGCTTCCCGGCAACAATTAATAGACTGGATGGAGGCGGATAAAGTTGCAGGACCACTTCTGCGCTCGGCCCTTCCGGCTGGCTGGTTTATTGCTGATAAATCTGGAGCCGGTGAGCGTGGGTCTCGCGGTATCATTGCAGCACTGGGGCCAGATGGTAAGCCCTCCCGTATCGTAGTTATCTACACGACGGGGAGTCAGGCAACTATGGATGAACGAAATAGACAGATCGCTGAGATAGGTGCCTCACTGATTAAGCATTGGTAA	ATGAGTATTCAACATTTCCGTGTCGCCCTTATTCCCTTTTTTGCGGCATTTTGC...TAA	861	5967	37	897	True	True	True
214	gb|FJ194944|+|46-907|ARO:3001154|SHV-105	ATGCGTTATTTTCGCCTGTGTATTATCTCCCTGTTAGCCACCCTGCCGCTGGCG...TAA	861	(24) 5151- (884)	24	884	ATGCGTTATATTCGCCTGTGTATTATCTCCCTGTTAGCCACCCTGCCGCTGGCGGTACACGCCAGCCCGCAGCCGCTTGAGCAAATTAAACAAAGCGAAAGCCAGCTGTCGGGCCGCGTAGGCATGATAGAAATGGATCTGGCCAGCGGCCGCACGCTGACCGCCTGGCGCGCCGATGAACGCTTTCCCATGATGAGCACCTTTAAAGTAGTGCTCTGCGGCGCAGTGCTGGCGCGGGTGGATGCCGGTGACGAACAGCTGGAGCGAAAGATCCACTATCGCCAGCAGGATCTGGTGGACTACTCGCCGGTCAGCGAAAAACACCTTGCCGACGGCATGACGGTCGGCGAACTCTGCGCCGCCGCCATTACCATGAGCGATAACAGCGCCGCCAATCTGCTGCTGGCCACCGTCGGCGGCCCCGCAGGATTGACTGCCTTTTTGCGCCAGATCGGCGACAACGTCACCCGCCTTGACCGCTGGGAAACGGAACTGAATGAGGCGCTTCCCGGCGACGCCCGCGACACCACTACCCCGGCCAGCATGGCCGCGACCCTGCGCAAGCTGCTGACCAGCCAGCGTCTGAGCGCCCGTTCGCAACGGCAGCTGCTGCAGTGGATGGTGGACGATCGGGTCGCCGGACCGTTGATCCGCTCCGTGCTGCCGGCGGGCTGGTTTATCGCCGATAAGACCGGAGCTAGCAAGCGGGGTGCGCGCGGGATTGTCGCCCTGCTTGGCCCGAATAACAAAGCAGAGCGCATCGTGGTGATTTATCTGCGGGATACGCCGGCGAGCATGGCCGAGCGAAATCAGCAAATCGCCGGGATCGGCGCGGCGCTGATCGAGCACTGGCAACGCTAA	ATGCGTTATTTTCGCCTGTGTATTATCTCCCTGTTAGCCACCCTGCCGCTGGCG...TAA	861	24	884	861.0	5151-	ATGCGTTATATTCGCCTGTGTATTATCTCCCTGTTAGCCACCCTGCCGCTGGCGGTACACGCCAGCCCGCAGCCGCTTGAGCAAATTAAACAAAGCGAAAGCCAGCTGTCGGGCCGCGTAGGCATGATAGAAATGGATCTGGCCAGCGGCCGCACGCTGACCGCCTGGCGCGCCGATGAACGCTTTCCCATGATGAGCACCTTTAAAGTAGTGCTCTGCGGCGCAGTGCTGGCGCGGGTGGATGCCGGTGACGAACAGCTGGAGCGAAAGATCCACTATCGCCAGCAGGATCTGGTGGACTACTCGCCGGTCAGCGAAAAACACCTTGCCGACGGCATGACGGTCGGCGAACTCTGCGCCGCCGCCATTACCATGAGCGATAACAGCGCCGCCAATCTGCTGCTGGCCACCGTCGGCGGCCCCGCAGGATTGACTGCCTTTTTGCGCCAGATCGGCGACAACGTCACCCGCCTTGACCGCTGGGAAACGGAACTGAATGAGGCGCTTCCCGGCGACGCCCGCGACACCACTACCCCGGCCAGCATGGCCGCGACCCTGCGCAAGCTGCTGACCAGCCAGCGTCTGAGCGCCCGTTCGCAACGGCAGCTGCTGCAGTGGATGGTGGACGATCGGGTCGCCGGACCGTTGATCCGCTCCGTGCTGCCGGCGGGCTGGTTTATCGCCGATAAGACCGGAGCTAGCAAGCGGGGTGCGCGCGGGATTGTCGCCCTGCTTGGCCCGAATAACAAAGCAGAGCGCATCGTGGTGATTTATCTGCGGGATACGCCGGCGAGCATGGCCGAGCGAAATCAGCAAATCGCCGGGATCGGCGCGGCGCTGATCGAGCACTGGCAACGCTAA	ATGCGTTATTTTCGCCTGTGTATTATCTCCCTGTTAGCCACCCTGCCGCTGGCG...TAA	861	5151	24	884	True	True	True
215	gb|FJ197316|+|0-861|ARO:3001032|TEM-166	ATGAGTATTCAACATTTTCGTGTCGCCCTTATTCCCTTTTTTGCGGCATTTTGC...TAA	861	(37) 5967+ (897)	37	897	ATGAGTATTCAACATTTCCGTGTCGCCCTTATTCCCTTTTTTGCGGCATTTTGCCTTCCTGTTTTTGCTCACCCAGAAACGCTGGTGAAAGTAAAAGATGCTGAAGATCAGTTGGGTGCACGAGTGGGTTACATCGAACTGGATCTCAACAGCGGTAAGATCCTTGAGAGTTTTCGCCCCGAAGAACGTTTTCCAATGATGAGCACTTTTAAAGTTCTGCTATGTGGTGCGGTATTATCCCGTGTTGACGCCGGGCAAGAGCAACTCGGTCGCCGCATACACTATTCTCAGAATGACTTGGTTGAGTACTCACCAGTCACAGAAAAGCATCTTACGGATGGCATGACAGTAAGAGAATTATGCAGTGCTGCCATAACCATGAGTGATAACACTGCTGCCAACTTACTTCTGACAACGATCGGAGGACCGAAGGAGCTAACCGCTTTTTTGCACAACATGGGGGATCATGTAACTCGCCTTGATCGTTGGGAACCGGAGCTGAATGAAGCCATACCAAACGACGAGCGTGACACCACGATGCCTGCAGCAATGGCAACAACGTTGCGCAAACTATTAACTGGCGAACTACTTACTCTAGCTTCCCGGCAACAATTAATAGACTGGATGGAGGCGGATAAAGTTGCAGGACCACTTCTGCGCTCGGCCCTTCCGGCTGGCTGGTTTATTGCTGATAAATCTGGAGCCGGTGAGCGTGGGTCTCGCGGTATCATTGCAGCACTGGGGCCAGATGGTAAGCCCTCCCGTATCGTAGTTATCTACACGACGGGGAGTCAGGCAACTATGGATGAACGAAATAGACAGATCGCTGAGATAGGTGCCTCACTGATTAAGCATTGGTAA	ATGAGTATTCAACATTTTCGTGTCGCCCTTATTCCCTTTTTTGCGGCATTTTGC...TAA	861	37	897	861.0	5967+	ATGAGTATTCAACATTTCCGTGTCGCCCTTATTCCCTTTTTTGCGGCATTTTGCCTTCCTGTTTTTGCTCACCCAGAAACGCTGGTGAAAGTAAAAGATGCTGAAGATCAGTTGGGTGCACGAGTGGGTTACATCGAACTGGATCTCAACAGCGGTAAGATCCTTGAGAGTTTTCGCCCCGAAGAACGTTTTCCAATGATGAGCACTTTTAAAGTTCTGCTATGTGGTGCGGTATTATCCCGTGTTGACGCCGGGCAAGAGCAACTCGGTCGCCGCATACACTATTCTCAGAATGACTTGGTTGAGTACTCACCAGTCACAGAAAAGCATCTTACGGATGGCATGACAGTAAGAGAATTATGCAGTGCTGCCATAACCATGAGTGATAACACTGCTGCCAACTTACTTCTGACAACGATCGGAGGACCGAAGGAGCTAACCGCTTTTTTGCACAACATGGGGGATCATGTAACTCGCCTTGATCGTTGGGAACCGGAGCTGAATGAAGCCATACCAAACGACGAGCGTGACACCACGATGCCTGCAGCAATGGCAACAACGTTGCGCAAACTATTAACTGGCGAACTACTTACTCTAGCTTCCCGGCAACAATTAATAGACTGGATGGAGGCGGATAAAGTTGCAGGACCACTTCTGCGCTCGGCCCTTCCGGCTGGCTGGTTTATTGCTGATAAATCTGGAGCCGGTGAGCGTGGGTCTCGCGGTATCATTGCAGCACTGGGGCCAGATGGTAAGCCCTCCCGTATCGTAGTTATCTACACGACGGGGAGTCAGGCAACTATGGATGAACGAAATAGACAGATCGCTGAGATAGGTGCCTCACTGATTAAGCATTGGTAA	ATGAGTATTCAACATTTTCGTGTCGCCCTTATTCCCTTTTTTGCGGCATTTTGC...TAA	861	5967	37	897	True	True	True
216	gb|FJ360884|+|213-1074|ARO:3001033|TEM-167	ATGAGTATTCAACATTTCCGTGTCGCCCTTATTCCCTTTTTTGCGGCATTTTGC...TAA	861	(37) 5967+ (897)	37	897	ATGAGTATTCAACATTTCCGTGTCGCCCTTATTCCCTTTTTTGCGGCATTTTGCCTTCCTGTTTTTGCTCACCCAGAAACGCTGGTGAAAGTAAAAGATGCTGAAGATCAGTTGGGTGCACGAGTGGGTTACATCGAACTGGATCTCAACAGCGGTAAGATCCTTGAGAGTTTTCGCCCCGAAGAACGTTTTCCAATGATGAGCACTTTTAAAGTTCTGCTATGTGGTGCGGTATTATCCCGTGTTGACGCCGGGCAAGAGCAACTCGGTCGCCGCATACACTATTCTCAGAATGACTTGGTTGAGTACTCACCAGTCACAGAAAAGCATCTTACGGATGGCATGACAGTAAGAGAATTATGCAGTGCTGCCATAACCATGAGTGATAACACTGCTGCCAACTTACTTCTGACAACGATCGGAGGACCGAAGGAGCTAACCGCTTTTTTGCACAACATGGGGGATCATGTAACTCGCCTTGATCGTTGGGAACCGGAGCTGAATGAAGCCATACCAAACGACGAGCGTGACACCACGATGCCTGCAGCAATGGCAACAACGTTGCGCAAACTATTAACTGGCGAACTACTTACTCTAGCTTCCCGGCAACAATTAATAGACTGGATGGAGGCGGATAAAGTTGCAGGACCACTTCTGCGCTCGGCCCTTCCGGCTGGCTGGTTTATTGCTGATAAATCTGGAGCCGGTGAGCGTGGGTCTCGCGGTATCATTGCAGCACTGGGGCCAGATGGTAAGCCCTCCCGTATCGTAGTTATCTACACGACGGGGAGTCAGGCAACTATGGATGAACGAAATAGACAGATCGCTGAGATAGGTGCCTCACTGATTAAGCATTGGTAA	ATGAGTATTCAACATTTCCGTGTCGCCCTTATTCCCTTTTTTGCGGCATTTTGC...TAA	861	37	897	861.0	5967+	ATGAGTATTCAACATTTCCGTGTCGCCCTTATTCCCTTTTTTGCGGCATTTTGCCTTCCTGTTTTTGCTCACCCAGAAACGCTGGTGAAAGTAAAAGATGCTGAAGATCAGTTGGGTGCACGAGTGGGTTACATCGAACTGGATCTCAACAGCGGTAAGATCCTTGAGAGTTTTCGCCCCGAAGAACGTTTTCCAATGATGAGCACTTTTAAAGTTCTGCTATGTGGTGCGGTATTATCCCGTGTTGACGCCGGGCAAGAGCAACTCGGTCGCCGCATACACTATTCTCAGAATGACTTGGTTGAGTACTCACCAGTCACAGAAAAGCATCTTACGGATGGCATGACAGTAAGAGAATTATGCAGTGCTGCCATAACCATGAGTGATAACACTGCTGCCAACTTACTTCTGACAACGATCGGAGGACCGAAGGAGCTAACCGCTTTTTTGCACAACATGGGGGATCATGTAACTCGCCTTGATCGTTGGGAACCGGAGCTGAATGAAGCCATACCAAACGACGAGCGTGACACCACGATGCCTGCAGCAATGGCAACAACGTTGCGCAAACTATTAACTGGCGAACTACTTACTCTAGCTTCCCGGCAACAATTAATAGACTGGATGGAGGCGGATAAAGTTGCAGGACCACTTCTGCGCTCGGCCCTTCCGGCTGGCTGGTTTATTGCTGATAAATCTGGAGCCGGTGAGCGTGGGTCTCGCGGTATCATTGCAGCACTGGGGCCAGATGGTAAGCCCTCCCGTATCGTAGTTATCTACACGACGGGGAGTCAGGCAACTATGGATGAACGAAATAGACAGATCGCTGAGATAGGTGCCTCACTGATTAAGCATTGGTAA	ATGAGTATTCAACATTTCCGTGTCGCCCTTATTCCCTTTTTTGCGGCATTTTGC...TAA	861	5967	37	897	True	True	True
217	gb|FJ381668|+|56-848|ARO:3002612|aadA12	ATGAGGGTAGCGGTGACCATCGAAATTTCGAACCAACTATCAGAGGTGCTAAGC...TGA	792	{(1688) 7591+ (2479) , (712) 7593+ (1498)}	{1688, 712}	{2479, 1498}	{ATGAGGGTAGCGGTGACCATCGAAATTTCGAACCAACTATCAGAGGTGCTAAGCGTCATTGAGCGCCATCTGGAATCAACGTTGCTGGCCGTGCATTTGTACGGCTCCGCAGTGGATGGCGGCCTGAAGCCATACAGCGATATTGATTTGTTGGTTACTGTGGCCGTAAAGCTTGATGAAACGACGCGGCGAGCATTGCTCAATGACCTTATGGAGGCTTCGGCTTTCCCTGGCGAGAGCGAGACGCTCCGCGCTATAGAAGTCACCCTTGTCGTGCATGACGACATCATCCCGTGGCGTTATCCGGCTAAGCGCGAGCTGCAATTTGGAGAATGGCAGCGCAATGACATTCTTGCGGGTATCTTCGAGCCAGCCATGATCGACATTGATCTAGCTATCCTGCTTACAAAAGCAAGAGAACATAGCGTTGCCTTGGTAGGTCCGGCAGCGGAGGAATTCTTTGACCCGGTTCCTGAACAGGATCTATTCGAGGCGCTGAGGGAAACCTTGAAGCTATGGAACTCGCAGCCCGACTGGGCCGGCGATGAGCGAAATGTAGTGCTTACGTTGTCCCGCATTTGGTACAGCGCAATAACCGGCAAAATCGCGCCGAAGGATGTCGCTGCCGACTGGGCAATAAAACGCCTACCTGCCCAGTATCAGCCCGTCTTACTTGAAGCTAAGCAAGCTTATCTGGGACAAAAAGAAGATCACTTGGCCTCACGCGCAGATCACTTGGAAGAATTTATTCGCTTTGTGAAAGGCGAGATCATCAAGTCAGTTGGTAAATGA, ATGAGGGAAGCGGTGATCGCCGAAGTATCGACTCAACTATCAGAGGTAGTTGGCGTCATCGAGCGCCATCTCGAACCGACGTTGCTGGCCGTACATTTGTACGGCTCCGCAGTGGATGGCGGCCTGAAGCCACACAGTGATATTGATTTGCTGGTTACGGTGACCGTAAGGCTTGATGAAACAACGCGGCGAGCTTTGATCAACGACCTTTTGGAAACTTCGGCTTCCCCTGGAGAGAGCGAGATTCTCCGCGCTGTAGAAGTCACCATTGTTGTGCACGACGACATCATTCCGTGGCGTTATCCAGCTAAGCGCGAACTGCAATTTGGAGAATGGCAGCGCAATGACATTCTTGCAGGTATCTTCGAGCCAGCCACGATCGACATTGATCTGGCTATCTTGCTGACAAAAGCAAGAGAACATAGCGTTGCCTTGGTAGGTCCAGCGGCGGAGGAACTCTTTGATCCGGTTCCTGAACAGGATCTATTTGAGGCGCTAAATGAAACCTTAACGCTATGGAACTCGCCGCCCGACTGGGCTGGCGATGAGCGAAATGTAGTGCTTACGTTGTCCCGCATTTGGTACAGCGCAGTAACCGGCAAAATCGCGCCGAAGGATGTCGCTGCCGACTGGGCAATGGAGCGCCTGCCGGCCCAGTATCAGCCCGTCATACTTGAAGCTAGGCAGGCTTATCTTGGACAAGAAGATCGCTTGGCCTCGCGCGCAGATCAGTTGGAAGAATTTGTTCACTACGTGAAAGGCGAGATCACCAAGGTAGTCGGCAAAT}	ATGAGGGTAGCGGTGACCATCGAAATTTCGAACCAACTATCAGAGGTGCTAAGC...TGA	792	1688	2479	792.0	7591+	ATGAGGGTAGCGGTGACCATCGAAATTTCGAACCAACTATCAGAGGTGCTAAGCGTCATTGAGCGCCATCTGGAATCAACGTTGCTGGCCGTGCATTTGTACGGCTCCGCAGTGGATGGCGGCCTGAAGCCATACAGCGATATTGATTTGTTGGTTACTGTGGCCGTAAAGCTTGATGAAACGACGCGGCGAGCATTGCTCAATGACCTTATGGAGGCTTCGGCTTTCCCTGGCGAGAGCGAGACGCTCCGCGCTATAGAAGTCACCCTTGTCGTGCATGACGACATCATCCCGTGGCGTTATCCGGCTAAGCGCGAGCTGCAATTTGGAGAATGGCAGCGCAATGACATTCTTGCGGGTATCTTCGAGCCAGCCATGATCGACATTGATCTAGCTATCCTGCTTACAAAAGCAAGAGAACATAGCGTTGCCTTGGTAGGTCCGGCAGCGGAGGAATTCTTTGACCCGGTTCCTGAACAGGATCTATTCGAGGCGCTGAGGGAAACCTTGAAGCTATGGAACTCGCAGCCCGACTGGGCCGGCGATGAGCGAAATGTAGTGCTTACGTTGTCCCGCATTTGGTACAGCGCAATAACCGGCAAAATCGCGCCGAAGGATGTCGCTGCCGACTGGGCAATAAAACGCCTACCTGCCCAGTATCAGCCCGTCTTACTTGAAGCTAAGCAAGCTTATCTGGGACAAAAAGAAGATCACTTGGCCTCACGCGCAGATCACTTGGAAGAATTTATTCGCTTTGTGAAAGGCGAGATCATCAAGTCAGTTGGTAAATGA	ATGAGGGTAGCGGTGACCATCGAAATTTCGAACCAACTATCAGAGGTGCTAAGC...TGA	792	7593	712	1498	False	False	False
218	gb|FJ405211|+|0-861|ARO:3000926|TEM-57	ATGAGTATTCAACATTTCCGTGTCGCCCTTATTCCCTTTTTTGCGGCATTTTGC...TAA	861	(37) 5967+ (897)	37	897	ATGAGTATTCAACATTTCCGTGTCGCCCTTATTCCCTTTTTTGCGGCATTTTGCCTTCCTGTTTTTGCTCACCCAGAAACGCTGGTGAAAGTAAAAGATGCTGAAGATCAGTTGGGTGCACGAGTGGGTTACATCGAACTGGATCTCAACAGCGGTAAGATCCTTGAGAGTTTTCGCCCCGAAGAACGTTTTCCAATGATGAGCACTTTTAAAGTTCTGCTATGTGGTGCGGTATTATCCCGTGTTGACGCCGGGCAAGAGCAACTCGGTCGCCGCATACACTATTCTCAGAATGACTTGGTTGAGTACTCACCAGTCACAGAAAAGCATCTTACGGATGGCATGACAGTAAGAGAATTATGCAGTGCTGCCATAACCATGAGTGATAACACTGCTGCCAACTTACTTCTGACAACGATCGGAGGACCGAAGGAGCTAACCGCTTTTTTGCACAACATGGGGGATCATGTAACTCGCCTTGATCGTTGGGAACCGGAGCTGAATGAAGCCATACCAAACGACGAGCGTGACACCACGATGCCTGCAGCAATGGCAACAACGTTGCGCAAACTATTAACTGGCGAACTACTTACTCTAGCTTCCCGGCAACAATTAATAGACTGGATGGAGGCGGATAAAGTTGCAGGACCACTTCTGCGCTCGGCCCTTCCGGCTGGCTGGTTTATTGCTGATAAATCTGGAGCCGGTGAGCGTGGGTCTCGCGGTATCATTGCAGCACTGGGGCCAGATGGTAAGCCCTCCCGTATCGTAGTTATCTACACGACGGGGAGTCAGGCAACTATGGATGAACGAAATAGACAGATCGCTGAGATAGGTGCCTCACTGATTAAGCATTGGTAA	ATGAGTATTCAACATTTCCGTGTCGCCCTTATTCCCTTTTTTGCGGCATTTTGC...TAA	861	1000	999	999.0	999	999	ATGAGTATTCAACATTTCCGTGTCGCCCTTATTCCCTTTTTTGCGGCATTTTGC...TAA	861	5967	37	897	False	True	False
219	gb|FJ460181|+|1790-2582|ARO:3002617|aadA17	ATGAGGGTAGCGGTGACCATCGAAATTTCGAACCAACTATCAGAGGTGCTAAGC...TGA	792	{(1688) 7591+ (2479) , (712) 7593+ (1498)}	{1688, 712}	{2479, 1498}	{ATGAGGGTAGCGGTGACCATCGAAATTTCGAACCAACTATCAGAGGTGCTAAGCGTCATTGAGCGCCATCTGGAATCAACGTTGCTGGCCGTGCATTTGTACGGCTCCGCAGTGGATGGCGGCCTGAAGCCATACAGCGATATTGATTTGTTGGTTACTGTGGCCGTAAAGCTTGATGAAACGACGCGGCGAGCATTGCTCAATGACCTTATGGAGGCTTCGGCTTTCCCTGGCGAGAGCGAGACGCTCCGCGCTATAGAAGTCACCCTTGTCGTGCATGACGACATCATCCCGTGGCGTTATCCGGCTAAGCGCGAGCTGCAATTTGGAGAATGGCAGCGCAATGACATTCTTGCGGGTATCTTCGAGCCAGCCATGATCGACATTGATCTAGCTATCCTGCTTACAAAAGCAAGAGAACATAGCGTTGCCTTGGTAGGTCCGGCAGCGGAGGAATTCTTTGACCCGGTTCCTGAACAGGATCTATTCGAGGCGCTGAGGGAAACCTTGAAGCTATGGAACTCGCAGCCCGACTGGGCCGGCGATGAGCGAAATGTAGTGCTTACGTTGTCCCGCATTTGGTACAGCGCAATAACCGGCAAAATCGCGCCGAAGGATGTCGCTGCCGACTGGGCAATAAAACGCCTACCTGCCCAGTATCAGCCCGTCTTACTTGAAGCTAAGCAAGCTTATCTGGGACAAAAAGAAGATCACTTGGCCTCACGCGCAGATCACTTGGAAGAATTTATTCGCTTTGTGAAAGGCGAGATCATCAAGTCAGTTGGTAAATGA, ATGAGGGAAGCGGTGATCGCCGAAGTATCGACTCAACTATCAGAGGTAGTTGGCGTCATCGAGCGCCATCTCGAACCGACGTTGCTGGCCGTACATTTGTACGGCTCCGCAGTGGATGGCGGCCTGAAGCCACACAGTGATATTGATTTGCTGGTTACGGTGACCGTAAGGCTTGATGAAACAACGCGGCGAGCTTTGATCAACGACCTTTTGGAAACTTCGGCTTCCCCTGGAGAGAGCGAGATTCTCCGCGCTGTAGAAGTCACCATTGTTGTGCACGACGACATCATTCCGTGGCGTTATCCAGCTAAGCGCGAACTGCAATTTGGAGAATGGCAGCGCAATGACATTCTTGCAGGTATCTTCGAGCCAGCCACGATCGACATTGATCTGGCTATCTTGCTGACAAAAGCAAGAGAACATAGCGTTGCCTTGGTAGGTCCAGCGGCGGAGGAACTCTTTGATCCGGTTCCTGAACAGGATCTATTTGAGGCGCTAAATGAAACCTTAACGCTATGGAACTCGCCGCCCGACTGGGCTGGCGATGAGCGAAATGTAGTGCTTACGTTGTCCCGCATTTGGTACAGCGCAGTAACCGGCAAAATCGCGCCGAAGGATGTCGCTGCCGACTGGGCAATGGAGCGCCTGCCGGCCCAGTATCAGCCCGTCATACTTGAAGCTAGGCAGGCTTATCTTGGACAAGAAGATCGCTTGGCCTCGCGCGCAGATCAGTTGGAAGAATTTGTTCACTACGTGAAAGGCGAGATCACCAAGGTAGTCGGCAAAT}	ATGAGGGTAGCGGTGACCATCGAAATTTCGAACCAACTATCAGAGGTGCTAAGC...TGA	792	1688	2479	792.0	7591+	ATGAGGGTAGCGGTGACCATCGAAATTTCGAACCAACTATCAGAGGTGCTAAGCGTCATTGAGCGCCATCTGGAATCAACGTTGCTGGCCGTGCATTTGTACGGCTCCGCAGTGGATGGCGGCCTGAAGCCATACAGCGATATTGATTTGTTGGTTACTGTGGCCGTAAAGCTTGATGAAACGACGCGGCGAGCATTGCTCAATGACCTTATGGAGGCTTCGGCTTTCCCTGGCGAGAGCGAGACGCTCCGCGCTATAGAAGTCACCCTTGTCGTGCATGACGACATCATCCCGTGGCGTTATCCGGCTAAGCGCGAGCTGCAATTTGGAGAATGGCAGCGCAATGACATTCTTGCGGGTATCTTCGAGCCAGCCATGATCGACATTGATCTAGCTATCCTGCTTACAAAAGCAAGAGAACATAGCGTTGCCTTGGTAGGTCCGGCAGCGGAGGAATTCTTTGACCCGGTTCCTGAACAGGATCTATTCGAGGCGCTGAGGGAAACCTTGAAGCTATGGAACTCGCAGCCCGACTGGGCCGGCGATGAGCGAAATGTAGTGCTTACGTTGTCCCGCATTTGGTACAGCGCAATAACCGGCAAAATCGCGCCGAAGGATGTCGCTGCCGACTGGGCAATAAAACGCCTACCTGCCCAGTATCAGCCCGTCTTACTTGAAGCTAAGCAAGCTTATCTGGGACAAAAAGAAGATCACTTGGCCTCACGCGCAGATCACTTGGAAGAATTTATTCGCTTTGTGAAAGGCGAGATCATCAAGTCAGTTGGTAAATGA	ATGAGGGTAGCGGTGACCATCGAAATTTCGAACCAACTATCAGAGGTGCTAAGC...TGA	792	7591	1688	2479	False	False	True
220	gb|FJ503047|+|0-519|ARO:3002592|AAC(6')-Ib-Hangzhou	ATGACTGAGCATGACCTTGTGATGCTCTATGAGTGGCTAAATCGATCTCATATC...TAA	519	(124) 7593+ (642)	124	642	ATGACTGAGCATGACCTTGCGATGCTCTATGAGTGGCTAAATCGATCTCATATCGTCGAGTGGTGGGGCGGAGAAGAAGCACGCCCGACACTTGCTGACGTACAGGAACAGTACTTGCCAAGCGTTTTAGCGCAAGAGTCCGTCACTCCATACATTGCAATGCTGAATGGAGAGCCGATTGGGTATGCCCAGTCGTACGTTGCTCTTGGAAGCGGGGACGGATGGTGGGAAGAAGAAACCGATCCAGGAGTACGCGGAATAGACCAGTTACTGGCGAATGCATCACAACTGGGCAAAGGCTTGGGAACCAAGCTGGTTCGAGCTCTGGTTGAGTTGCTGTTCAATGATCCCGAGGTCACCAAGATCCAAACGGACCCGTCGCCGAGCAACTTGCGAGCGATCCGATGCTACGAGAAAGCGGGGTTTGAGAGGCAAGGTACCGTAACCACCCCAGATGGTCCAGCCGTGTACATGGTTCAAACACGCCAGGCATTCGAGCGAACACGCAGTGTTGCCTAA	ATGACTGAGCATGACCTTGTGATGCTCTATGAGTGGCTAAATCGATCTCATATC...TAA	519	124	642	519.0	7593+	ATGACTGAGCATGACCTTGCGATGCTCTATGAGTGGCTAAATCGATCTCATATCGTCGAGTGGTGGGGCGGAGAAGAAGCACGCCCGACACTTGCTGACGTACAGGAACAGTACTTGCCAAGCGTTTTAGCGCAAGAGTCCGTCACTCCATACATTGCAATGCTGAATGGAGAGCCGATTGGGTATGCCCAGTCGTACGTTGCTCTTGGAAGCGGGGACGGATGGTGGGAAGAAGAAACCGATCCAGGAGTACGCGGAATAGACCAGTTACTGGCGAATGCATCACAACTGGGCAAAGGCTTGGGAACCAAGCTGGTTCGAGCTCTGGTTGAGTTGCTGTTCAATGATCCCGAGGTCACCAAGATCCAAACGGACCCGTCGCCGAGCAACTTGCGAGCGATCCGATGCTACGAGAAAGCGGGGTTTGAGAGGCAAGGTACCGTAACCACCCCAGATGGTCCAGCCGTGTACATGGTTCAAACACGCCAGGCATTCGAGCGAACACGCAGTGTTGCCTAA	ATGACTGAGCATGACCTTGTGATGCTCTATGAGTGGCTAAATCGATCTCATATC...TAA	519	7593	124	642	True	True	True
221	gb|FJ668814|+|76-937|ARO:3001059|SHV-1	ATGCGTTATATTCGCCTGTGTATTATCTCCCTGTTAGCCACCCTGCCGCTGGCG...TAA	861	(24) 5151- (884)	24	884	ATGCGTTATATTCGCCTGTGTATTATCTCCCTGTTAGCCACCCTGCCGCTGGCGGTACACGCCAGCCCGCAGCCGCTTGAGCAAATTAAACAAAGCGAAAGCCAGCTGTCGGGCCGCGTAGGCATGATAGAAATGGATCTGGCCAGCGGCCGCACGCTGACCGCCTGGCGCGCCGATGAACGCTTTCCCATGATGAGCACCTTTAAAGTAGTGCTCTGCGGCGCAGTGCTGGCGCGGGTGGATGCCGGTGACGAACAGCTGGAGCGAAAGATCCACTATCGCCAGCAGGATCTGGTGGACTACTCGCCGGTCAGCGAAAAACACCTTGCCGACGGCATGACGGTCGGCGAACTCTGCGCCGCCGCCATTACCATGAGCGATAACAGCGCCGCCAATCTGCTGCTGGCCACCGTCGGCGGCCCCGCAGGATTGACTGCCTTTTTGCGCCAGATCGGCGACAACGTCACCCGCCTTGACCGCTGGGAAACGGAACTGAATGAGGCGCTTCCCGGCGACGCCCGCGACACCACTACCCCGGCCAGCATGGCCGCGACCCTGCGCAAGCTGCTGACCAGCCAGCGTCTGAGCGCCCGTTCGCAACGGCAGCTGCTGCAGTGGATGGTGGACGATCGGGTCGCCGGACCGTTGATCCGCTCCGTGCTGCCGGCGGGCTGGTTTATCGCCGATAAGACCGGAGCTAGCAAGCGGGGTGCGCGCGGGATTGTCGCCCTGCTTGGCCCGAATAACAAAGCAGAGCGCATCGTGGTGATTTATCTGCGGGATACGCCGGCGAGCATGGCCGAGCGAAATCAGCAAATCGCCGGGATCGGCGCGGCGCTGATCGAGCACTGGCAACGCTAA	ATGCGTTATATTCGCCTGTGTATTATCTCCCTGTTAGCCACCCTGCCGCTGGCG...TAA	861	24	884	861.0	5151-	ATGCGTTATATTCGCCTGTGTATTATCTCCCTGTTAGCCACCCTGCCGCTGGCGGTACACGCCAGCCCGCAGCCGCTTGAGCAAATTAAACAAAGCGAAAGCCAGCTGTCGGGCCGCGTAGGCATGATAGAAATGGATCTGGCCAGCGGCCGCACGCTGACCGCCTGGCGCGCCGATGAACGCTTTCCCATGATGAGCACCTTTAAAGTAGTGCTCTGCGGCGCAGTGCTGGCGCGGGTGGATGCCGGTGACGAACAGCTGGAGCGAAAGATCCACTATCGCCAGCAGGATCTGGTGGACTACTCGCCGGTCAGCGAAAAACACCTTGCCGACGGCATGACGGTCGGCGAACTCTGCGCCGCCGCCATTACCATGAGCGATAACAGCGCCGCCAATCTGCTGCTGGCCACCGTCGGCGGCCCCGCAGGATTGACTGCCTTTTTGCGCCAGATCGGCGACAACGTCACCCGCCTTGACCGCTGGGAAACGGAACTGAATGAGGCGCTTCCCGGCGACGCCCGCGACACCACTACCCCGGCCAGCATGGCCGCGACCCTGCGCAAGCTGCTGACCAGCCAGCGTCTGAGCGCCCGTTCGCAACGGCAGCTGCTGCAGTGGATGGTGGACGATCGGGTCGCCGGACCGTTGATCCGCTCCGTGCTGCCGGCGGGCTGGTTTATCGCCGATAAGACCGGAGCTAGCAAGCGGGGTGCGCGCGGGATTGTCGCCCTGCTTGGCCCGAATAACAAAGCAGAGCGCATCGTGGTGATTTATCTGCGGGATACGCCGGCGAGCATGGCCGAGCGAAATCAGCAAATCGCCGGGATCGGCGCGGCGCTGATCGAGCACTGGCAACGCTAA	ATGCGTTATATTCGCCTGTGTATTATCTCCCTGTTAGCCACCCTGCCGCTGGCG...TAA	861	5151	24	884	True	True	True
222	gb|FJ807656|+|0-861|ARO:3001020|TEM-154	ATGAGTATTCAACATTTCCGTGTCGCCCTTATTCCCTTTTTTGCGGCATTTTGC...TAA	861	(37) 5967+ (897)	37	897	ATGAGTATTCAACATTTCCGTGTCGCCCTTATTCCCTTTTTTGCGGCATTTTGCCTTCCTGTTTTTGCTCACCCAGAAACGCTGGTGAAAGTAAAAGATGCTGAAGATCAGTTGGGTGCACGAGTGGGTTACATCGAACTGGATCTCAACAGCGGTAAGATCCTTGAGAGTTTTCGCCCCGAAGAACGTTTTCCAATGATGAGCACTTTTAAAGTTCTGCTATGTGGTGCGGTATTATCCCGTGTTGACGCCGGGCAAGAGCAACTCGGTCGCCGCATACACTATTCTCAGAATGACTTGGTTGAGTACTCACCAGTCACAGAAAAGCATCTTACGGATGGCATGACAGTAAGAGAATTATGCAGTGCTGCCATAACCATGAGTGATAACACTGCTGCCAACTTACTTCTGACAACGATCGGAGGACCGAAGGAGCTAACCGCTTTTTTGCACAACATGGGGGATCATGTAACTCGCCTTGATCGTTGGGAACCGGAGCTGAATGAAGCCATACCAAACGACGAGCGTGACACCACGATGCCTGCAGCAATGGCAACAACGTTGCGCAAACTATTAACTGGCGAACTACTTACTCTAGCTTCCCGGCAACAATTAATAGACTGGATGGAGGCGGATAAAGTTGCAGGACCACTTCTGCGCTCGGCCCTTCCGGCTGGCTGGTTTATTGCTGATAAATCTGGAGCCGGTGAGCGTGGGTCTCGCGGTATCATTGCAGCACTGGGGCCAGATGGTAAGCCCTCCCGTATCGTAGTTATCTACACGACGGGGAGTCAGGCAACTATGGATGAACGAAATAGACAGATCGCTGAGATAGGTGCCTCACTGATTAAGCATTGGTAA	ATGAGTATTCAACATTTCCGTGTCGCCCTTATTCCCTTTTTTGCGGCATTTTGC...TAA	861	37	897	861.0	5967+	ATGAGTATTCAACATTTCCGTGTCGCCCTTATTCCCTTTTTTGCGGCATTTTGCCTTCCTGTTTTTGCTCACCCAGAAACGCTGGTGAAAGTAAAAGATGCTGAAGATCAGTTGGGTGCACGAGTGGGTTACATCGAACTGGATCTCAACAGCGGTAAGATCCTTGAGAGTTTTCGCCCCGAAGAACGTTTTCCAATGATGAGCACTTTTAAAGTTCTGCTATGTGGTGCGGTATTATCCCGTGTTGACGCCGGGCAAGAGCAACTCGGTCGCCGCATACACTATTCTCAGAATGACTTGGTTGAGTACTCACCAGTCACAGAAAAGCATCTTACGGATGGCATGACAGTAAGAGAATTATGCAGTGCTGCCATAACCATGAGTGATAACACTGCTGCCAACTTACTTCTGACAACGATCGGAGGACCGAAGGAGCTAACCGCTTTTTTGCACAACATGGGGGATCATGTAACTCGCCTTGATCGTTGGGAACCGGAGCTGAATGAAGCCATACCAAACGACGAGCGTGACACCACGATGCCTGCAGCAATGGCAACAACGTTGCGCAAACTATTAACTGGCGAACTACTTACTCTAGCTTCCCGGCAACAATTAATAGACTGGATGGAGGCGGATAAAGTTGCAGGACCACTTCTGCGCTCGGCCCTTCCGGCTGGCTGGTTTATTGCTGATAAATCTGGAGCCGGTGAGCGTGGGTCTCGCGGTATCATTGCAGCACTGGGGCCAGATGGTAAGCCCTCCCGTATCGTAGTTATCTACACGACGGGGAGTCAGGCAACTATGGATGAACGAAATAGACAGATCGCTGAGATAGGTGCCTCACTGATTAAGCATTGGTAA	ATGAGTATTCAACATTTCCGTGTCGCCCTTATTCCCTTTTTTGCGGCATTTTGC...TAA	861	5967	37	897	True	True	True
223	gb|FJ854362|+|1702-2257|ARO:3002576|AAC(6')-Ib3	GTGACCAACAGCAACGATTCCGTCACACTGCGCCTCATGACTGAGCATGACCTT...TAA	555	(88) 7593+ (642)	88	642	GTGACCAACAGCAACGATTCCGTCACACTGCGCCTCATGACTGAGCATGACCTTGCGATGCTCTATGAGTGGCTAAATCGATCTCATATCGTCGAGTGGTGGGGCGGAGAAGAAGCACGCCCGACACTTGCTGACGTACAGGAACAGTACTTGCCAAGCGTTTTAGCGCAAGAGTCCGTCACTCCATACATTGCAATGCTGAATGGAGAGCCGATTGGGTATGCCCAGTCGTACGTTGCTCTTGGAAGCGGGGACGGATGGTGGGAAGAAGAAACCGATCCAGGAGTACGCGGAATAGACCAGTTACTGGCGAATGCATCACAACTGGGCAAAGGCTTGGGAACCAAGCTGGTTCGAGCTCTGGTTGAGTTGCTGTTCAATGATCCCGAGGTCACCAAGATCCAAACGGACCCGTCGCCGAGCAACTTGCGAGCGATCCGATGCTACGAGAAAGCGGGGTTTGAGAGGCAAGGTACCGTAACCACCCCAGATGGTCCAGCCGTGTACATGGTTCAAACACGCCAGGCATTCGAGCGAACACGCAGTGTTGCCTAA	GTGACCAACAGCAACGATTCCGTCACACTGCGCCTCATGACTGAGCATGACCTT...TAA	555	88	642	555.0	7593+	GTGACCAACAGCAACGATTCCGTCACACTGCGCCTCATGACTGAGCATGACCTTGCGATGCTCTATGAGTGGCTAAATCGATCTCATATCGTCGAGTGGTGGGGCGGAGAAGAAGCACGCCCGACACTTGCTGACGTACAGGAACAGTACTTGCCAAGCGTTTTAGCGCAAGAGTCCGTCACTCCATACATTGCAATGCTGAATGGAGAGCCGATTGGGTATGCCCAGTCGTACGTTGCTCTTGGAAGCGGGGACGGATGGTGGGAAGAAGAAACCGATCCAGGAGTACGCGGAATAGACCAGTTACTGGCGAATGCATCACAACTGGGCAAAGGCTTGGGAACCAAGCTGGTTCGAGCTCTGGTTGAGTTGCTGTTCAATGATCCCGAGGTCACCAAGATCCAAACGGACCCGTCGCCGAGCAACTTGCGAGCGATCCGATGCTACGAGAAAGCGGGGTTTGAGAGGCAAGGTACCGTAACCACCCCAGATGGTCCAGCCGTGTACATGGTTCAAACACGCCAGGCATTCGAGCGAACACGCAGTGTTGCCTAA	GTGACCAACAGCAACGATTCCGTCACACTGCGCCTCATGACTGAGCATGACCTT...TAA	555	7593	88	642	True	True	True
224	gb|FJ873740|+|0-858|ARO:3001035|TEM-169	ATGAGTATTCAACATTTCCGTGTCGCCCTTATTCCCTTTTTTGCGGCATTTTGC...TGG	858	(37) 5967+ (894)	37	894	ATGAGTATTCAACATTTCCGTGTCGCCCTTATTCCCTTTTTTGCGGCATTTTGCCTTCCTGTTTTTGCTCACCCAGAAACGCTGGTGAAAGTAAAAGATGCTGAAGATCAGTTGGGTGCACGAGTGGGTTACATCGAACTGGATCTCAACAGCGGTAAGATCCTTGAGAGTTTTCGCCCCGAAGAACGTTTTCCAATGATGAGCACTTTTAAAGTTCTGCTATGTGGTGCGGTATTATCCCGTGTTGACGCCGGGCAAGAGCAACTCGGTCGCCGCATACACTATTCTCAGAATGACTTGGTTGAGTACTCACCAGTCACAGAAAAGCATCTTACGGATGGCATGACAGTAAGAGAATTATGCAGTGCTGCCATAACCATGAGTGATAACACTGCTGCCAACTTACTTCTGACAACGATCGGAGGACCGAAGGAGCTAACCGCTTTTTTGCACAACATGGGGGATCATGTAACTCGCCTTGATCGTTGGGAACCGGAGCTGAATGAAGCCATACCAAACGACGAGCGTGACACCACGATGCCTGCAGCAATGGCAACAACGTTGCGCAAACTATTAACTGGCGAACTACTTACTCTAGCTTCCCGGCAACAATTAATAGACTGGATGGAGGCGGATAAAGTTGCAGGACCACTTCTGCGCTCGGCCCTTCCGGCTGGCTGGTTTATTGCTGATAAATCTGGAGCCGGTGAGCGTGGGTCTCGCGGTATCATTGCAGCACTGGGGCCAGATGGTAAGCCCTCCCGTATCGTAGTTATCTACACGACGGGGAGTCAGGCAACTATGGATGAACGAAATAGACAGATCGCTGAGATAGGTGCCTCACTGATTAAGCATTGG	ATGAGTATTCAACATTTCCGTGTCGCCCTTATTCCCTTTTTTGCGGCATTTTGC...TGG	858	37	894	858.0	5967+	ATGAGTATTCAACATTTCCGTGTCGCCCTTATTCCCTTTTTTGCGGCATTTTGCCTTCCTGTTTTTGCTCACCCAGAAACGCTGGTGAAAGTAAAAGATGCTGAAGATCAGTTGGGTGCACGAGTGGGTTACATCGAACTGGATCTCAACAGCGGTAAGATCCTTGAGAGTTTTCGCCCCGAAGAACGTTTTCCAATGATGAGCACTTTTAAAGTTCTGCTATGTGGTGCGGTATTATCCCGTGTTGACGCCGGGCAAGAGCAACTCGGTCGCCGCATACACTATTCTCAGAATGACTTGGTTGAGTACTCACCAGTCACAGAAAAGCATCTTACGGATGGCATGACAGTAAGAGAATTATGCAGTGCTGCCATAACCATGAGTGATAACACTGCTGCCAACTTACTTCTGACAACGATCGGAGGACCGAAGGAGCTAACCGCTTTTTTGCACAACATGGGGGATCATGTAACTCGCCTTGATCGTTGGGAACCGGAGCTGAATGAAGCCATACCAAACGACGAGCGTGACACCACGATGCCTGCAGCAATGGCAACAACGTTGCGCAAACTATTAACTGGCGAACTACTTACTCTAGCTTCCCGGCAACAATTAATAGACTGGATGGAGGCGGATAAAGTTGCAGGACCACTTCTGCGCTCGGCCCTTCCGGCTGGCTGGTTTATTGCTGATAAATCTGGAGCCGGTGAGCGTGGGTCTCGCGGTATCATTGCAGCACTGGGGCCAGATGGTAAGCCCTCCCGTATCGTAGTTATCTACACGACGGGGAGTCAGGCAACTATGGATGAACGAAATAGACAGATCGCTGAGATAGGTGCCTCACTGATTAAGCATTGG	ATGAGTATTCAACATTTCCGTGTCGCCCTTATTCCCTTTTTTGCGGCATTTTGC...TGG	858	5967	37	894	True	True	True
225	gb|FJ919776|+|208-1069|ARO:3001034|TEM-168	ATGAGTATTCAACATTTCCGTGTCGCCCTTATTCCCTTTTTTGCGGCATTTTGC...TAA	861	(37) 5967+ (897)	37	897	ATGAGTATTCAACATTTCCGTGTCGCCCTTATTCCCTTTTTTGCGGCATTTTGCCTTCCTGTTTTTGCTCACCCAGAAACGCTGGTGAAAGTAAAAGATGCTGAAGATCAGTTGGGTGCACGAGTGGGTTACATCGAACTGGATCTCAACAGCGGTAAGATCCTTGAGAGTTTTCGCCCCGAAGAACGTTTTCCAATGATGAGCACTTTTAAAGTTCTGCTATGTGGTGCGGTATTATCCCGTGTTGACGCCGGGCAAGAGCAACTCGGTCGCCGCATACACTATTCTCAGAATGACTTGGTTGAGTACTCACCAGTCACAGAAAAGCATCTTACGGATGGCATGACAGTAAGAGAATTATGCAGTGCTGCCATAACCATGAGTGATAACACTGCTGCCAACTTACTTCTGACAACGATCGGAGGACCGAAGGAGCTAACCGCTTTTTTGCACAACATGGGGGATCATGTAACTCGCCTTGATCGTTGGGAACCGGAGCTGAATGAAGCCATACCAAACGACGAGCGTGACACCACGATGCCTGCAGCAATGGCAACAACGTTGCGCAAACTATTAACTGGCGAACTACTTACTCTAGCTTCCCGGCAACAATTAATAGACTGGATGGAGGCGGATAAAGTTGCAGGACCACTTCTGCGCTCGGCCCTTCCGGCTGGCTGGTTTATTGCTGATAAATCTGGAGCCGGTGAGCGTGGGTCTCGCGGTATCATTGCAGCACTGGGGCCAGATGGTAAGCCCTCCCGTATCGTAGTTATCTACACGACGGGGAGTCAGGCAACTATGGATGAACGAAATAGACAGATCGCTGAGATAGGTGCCTCACTGATTAAGCATTGGTAA	ATGAGTATTCAACATTTCCGTGTCGCCCTTATTCCCTTTTTTGCGGCATTTTGC...TAA	861	37	897	861.0	5967+	ATGAGTATTCAACATTTCCGTGTCGCCCTTATTCCCTTTTTTGCGGCATTTTGCCTTCCTGTTTTTGCTCACCCAGAAACGCTGGTGAAAGTAAAAGATGCTGAAGATCAGTTGGGTGCACGAGTGGGTTACATCGAACTGGATCTCAACAGCGGTAAGATCCTTGAGAGTTTTCGCCCCGAAGAACGTTTTCCAATGATGAGCACTTTTAAAGTTCTGCTATGTGGTGCGGTATTATCCCGTGTTGACGCCGGGCAAGAGCAACTCGGTCGCCGCATACACTATTCTCAGAATGACTTGGTTGAGTACTCACCAGTCACAGAAAAGCATCTTACGGATGGCATGACAGTAAGAGAATTATGCAGTGCTGCCATAACCATGAGTGATAACACTGCTGCCAACTTACTTCTGACAACGATCGGAGGACCGAAGGAGCTAACCGCTTTTTTGCACAACATGGGGGATCATGTAACTCGCCTTGATCGTTGGGAACCGGAGCTGAATGAAGCCATACCAAACGACGAGCGTGACACCACGATGCCTGCAGCAATGGCAACAACGTTGCGCAAACTATTAACTGGCGAACTACTTACTCTAGCTTCCCGGCAACAATTAATAGACTGGATGGAGGCGGATAAAGTTGCAGGACCACTTCTGCGCTCGGCCCTTCCGGCTGGCTGGTTTATTGCTGATAAATCTGGAGCCGGTGAGCGTGGGTCTCGCGGTATCATTGCAGCACTGGGGCCAGATGGTAAGCCCTCCCGTATCGTAGTTATCTACACGACGGGGAGTCAGGCAACTATGGATGAACGAAATAGACAGATCGCTGAGATAGGTGCCTCACTGATTAAGCATTGGTAA	ATGAGTATTCAACATTTCCGTGTCGCCCTTATTCCCTTTTTTGCGGCATTTTGC...TAA	861	5967	37	897	True	True	True
226	gb|FN649414.1|+|2765050-2766355|ARO:3004611|Escherichia_coli_ampC1_beta-lactamase	ATGAAACGGACAATGCTCTATCTTTCTCTGCTGGCTGTTAGTTGTAGCGTCAGC...TAA	1305	(10685) 27823+ (11983)	10685	11983	ATGAAACGGACAATGCTCTATCTTTCTCTGCTGGCTGTCAGCTGTAGCGTCAGCGCCGCAAAATACCCTGTTCTGACAGAAAGTTCGCCAGAGAAGGCAGGGTTTAACGTCGAACGGCTTAATCAGATGGATCGCTGGATAAGCCAGCAAGTTGATGCCGGTTATCCCGGCGTAAACCTGCTGATTATAAAAGATAATCAGATTGTTTATCGCAAAGCCTGGGGCGCGGCGAAAAAGTACGATGGCAGCGCGTTAATGGCGCAGCCTGTAAAAGCCACCACCGGGACGCTGTATGATCTGGCCTCAAACACCAAGATGTACGCCACTAACTTCGCGCTGCAAAAGCTGATGAGCGAAGGCAAACTGCATCCTGACGATCGGATTGCGAAATATATTCCAGGGTTTGCCGACAGCCCGAACGATGCGATCAAAGGCAAAAACACGCTGCGGATTTCTGATCTGCTGCATCACAGCGGCGGTTTCCCGGCAGATCCGCAATACCCGAATAAAGCGGTCGCGGGCGCGTTATATTCCCAGGATAAAGGCCAGACGCTGGAGATGATCAAGCGCACGCCGCTGGAGTATCAGCCCGGCAGCAAGCATATCTACAGCGATGTCGATTATATGCTGCTTGGATTTATCGTCGAGTCGGTCACCGGTCAGCCGCTTGACCACTATGTTGAAGAGTCGATTTATCGCCCGCTCGGCCTGACGCATACGGTGTTTAATCCGCTGTTGAAAGGCTTTAAACCACAGCAAATTGCCGCCACGGAACTGAACGGCAATACCCGCGATGGCGTGATTCACTTCCCGAATATCCGCACCTCCACTCTCTGGGGTCAGGTGCACGATGAAAAAGCCTTTTATTCGATGGGCGGTGTTTCCGGGCACGCAGGTTTGTTTTCCAATACCGGCGATATTGCGGTGTTAATGCAAACGATGCTGAACGGCGGTGGCTATGGTGATGTGCAGCTGTTCAATGCAGAAACGGTGAAGATGTTCACCACCAGCTCTAAGGAAGATGCCACTTTTGGCCTTGGCTGGCGCGTGAATGGTAATGCCACCATGACGCCGACGTTTGGCACGCTGGCAAGCCCGCAAACCTACGGTCACACAGGTTGGACCGGGACGGTGACCGTTATCGATCCGGTGAATCATATGGCGATTGTGATGTTAAGCAACAAGCCACATTCGCCAGTTGCCGATCCACAAAAAAATCCCAATATGTTCGAAAGCGGTCAGCTACCGATTGCAACTTATGGTTGGGTAGTTGATCAGGTGTATGCGGCGTTAAAGCAG	ATGAAACGGACAATGCTCTATCTTTCTCTGCTGGCTGTTAGTTGTAGCGTCAGC...TAA	1305	1000	999	999.0	999	999	ATGAAACGGACAATGCTCTATCTTTCTCTGCTGGCTGTTAGTTGTAGCGTCAGC...TAA	1305	27823	10685	11989	False	False	False
227	gb|FN652295|+|0-861|ARO:3001042|TEM-177	ATGAGTATTAAACATTTCCGTGTCGCCCTTATTCCCTTTTTTGCGGCATTTTGC...TAA	861	(37) 5967+ (897)	37	897	ATGAGTATTCAACATTTCCGTGTCGCCCTTATTCCCTTTTTTGCGGCATTTTGCCTTCCTGTTTTTGCTCACCCAGAAACGCTGGTGAAAGTAAAAGATGCTGAAGATCAGTTGGGTGCACGAGTGGGTTACATCGAACTGGATCTCAACAGCGGTAAGATCCTTGAGAGTTTTCGCCCCGAAGAACGTTTTCCAATGATGAGCACTTTTAAAGTTCTGCTATGTGGTGCGGTATTATCCCGTGTTGACGCCGGGCAAGAGCAACTCGGTCGCCGCATACACTATTCTCAGAATGACTTGGTTGAGTACTCACCAGTCACAGAAAAGCATCTTACGGATGGCATGACAGTAAGAGAATTATGCAGTGCTGCCATAACCATGAGTGATAACACTGCTGCCAACTTACTTCTGACAACGATCGGAGGACCGAAGGAGCTAACCGCTTTTTTGCACAACATGGGGGATCATGTAACTCGCCTTGATCGTTGGGAACCGGAGCTGAATGAAGCCATACCAAACGACGAGCGTGACACCACGATGCCTGCAGCAATGGCAACAACGTTGCGCAAACTATTAACTGGCGAACTACTTACTCTAGCTTCCCGGCAACAATTAATAGACTGGATGGAGGCGGATAAAGTTGCAGGACCACTTCTGCGCTCGGCCCTTCCGGCTGGCTGGTTTATTGCTGATAAATCTGGAGCCGGTGAGCGTGGGTCTCGCGGTATCATTGCAGCACTGGGGCCAGATGGTAAGCCCTCCCGTATCGTAGTTATCTACACGACGGGGAGTCAGGCAACTATGGATGAACGAAATAGACAGATCGCTGAGATAGGTGCCTCACTGATTAAGCATTGGTAA	ATGAGTATTAAACATTTCCGTGTCGCCCTTATTCCCTTTTTTGCGGCATTTTGC...TAA	861	37	897	861.0	5967+	ATGAGTATTCAACATTTCCGTGTCGCCCTTATTCCCTTTTTTGCGGCATTTTGCCTTCCTGTTTTTGCTCACCCAGAAACGCTGGTGAAAGTAAAAGATGCTGAAGATCAGTTGGGTGCACGAGTGGGTTACATCGAACTGGATCTCAACAGCGGTAAGATCCTTGAGAGTTTTCGCCCCGAAGAACGTTTTCCAATGATGAGCACTTTTAAAGTTCTGCTATGTGGTGCGGTATTATCCCGTGTTGACGCCGGGCAAGAGCAACTCGGTCGCCGCATACACTATTCTCAGAATGACTTGGTTGAGTACTCACCAGTCACAGAAAAGCATCTTACGGATGGCATGACAGTAAGAGAATTATGCAGTGCTGCCATAACCATGAGTGATAACACTGCTGCCAACTTACTTCTGACAACGATCGGAGGACCGAAGGAGCTAACCGCTTTTTTGCACAACATGGGGGATCATGTAACTCGCCTTGATCGTTGGGAACCGGAGCTGAATGAAGCCATACCAAACGACGAGCGTGACACCACGATGCCTGCAGCAATGGCAACAACGTTGCGCAAACTATTAACTGGCGAACTACTTACTCTAGCTTCCCGGCAACAATTAATAGACTGGATGGAGGCGGATAAAGTTGCAGGACCACTTCTGCGCTCGGCCCTTCCGGCTGGCTGGTTTATTGCTGATAAATCTGGAGCCGGTGAGCGTGGGTCTCGCGGTATCATTGCAGCACTGGGGCCAGATGGTAAGCCCTCCCGTATCGTAGTTATCTACACGACGGGGAGTCAGGCAACTATGGATGAACGAAATAGACAGATCGCTGAGATAGGTGCCTCACTGATTAAGCATTGGTAA	ATGAGTATTAAACATTTCCGTGTCGCCCTTATTCCCTTTTTTGCGGCATTTTGC...TAA	861	5967	37	897	True	True	True
228	gb|FO203501.1|+|5123640-5125365|ARO:3005047|eptB	GTGCCACAGCGTCAGGCGGTGTTTTATTCTTCTTTTTCCAGGTTTGCTTGCATG...TAA	1725	(15310) 655+ (17034)	15310	17034	GTGCCACAGCGTCAGGCGGTGTTTTATTCTTCTTTTTCCAGGTTTGCTTGCATGAAATATATTAGAACGATGACGCAGCAGAAGCTTAGTTTTTGGCTGGCGCTGTACATCGGCTGGTTTATGAACGTCGCCGTTTTTTTCCGGCGTTTCGATGGTTATGCTCAAGAGTTCACTTTCTGGAAAGGGCTTTCCGGTGTTGTTGAACTGGTTGCCACGGTATTTGTCACCTTCTTCCTGTTACGTCTTCTGTCGCTGTTCGGCCGCCGTATCTGGCGCATTCTGGCGACGCTGATTGTCCTGTTTTCCGCCGCGGCGAGTTACTACATGACGTTCCTCAATGTGGTGATTGGCTACGGGATTATCGCTTCGGTGATGACCACCGATATCGACCTGTCGAAAGAGGTCATCGGCTGGCACCTGATCCTCTGGCTGGTGGCGGTGAGCGCGCCGCCGTTGCTGTTCATCTGGAGCAACCGCTGCCGCCATACGCTGCTGCGCCAGCTGCGCACCCCGGGCCAGCGGGTTAAAAACGTGCTGATCGTGGTGCTGGCCGGACTGATTGTCTGGGGACCCATCCGCCTGCTAGAGCTGCGCCAGCATGATGTGGAGCGCCATTCGGAAGTGGATATGCCGAGCTATGGCGGGGTGATCGCCAACTCTTACCTGCCGTCGAACTGGTTGTCGGCGCTGGGACTGTACGCCTGGGCGCAGGTGGATGAATCCTCAGACAACAAATCGCTGATTAACCCGGCGAAGAAGTTCACCTACGTCGCGCCGGAAGGTCTGGATGATACCTACGTGGTGTTTATCATTGGCGAAACGACCCGCTGGGACCATATGGGCATCCTCGGCTATAGCCGCAATACCACGCCAGAGCTGGAGAAAGAGAAGAATCTCGTCGCCTTCCGCGGTTACTCGTGCGATACCGCTACCAAACTGTCGTTACGCTGCATGTTTGTGCGCGAGGGCGGGGCGGAAGATAACCCACAGCGGACGCTCAAAGAGCAGAATGTCTTTGCCGTGCTGCATCAGCTGGGCTTCAGCGGCAATCTGTACGCCATGCAGAGCGAGATGTGGTTCTACAGCAACACGATGGCCAACAATATCGCCTACCGCGAGCAGATTGGCGCCGAGCCGCGCAACCGCGGTAAGAGCGTTGACGATATGCTGCTGGTGGATGAGATGAAGCGCGGTATGGCGCAGGGCAACGCCTCCGGTAAGCATCTGATCATTCTCCACACCAAAGGCTCCCACTTTAACTACACCCAACGCTACCCGCGCAGCTTCGCCCAGTGGAAACCGGAGTGCGTCGGCGTCGACAACAAGTGCTCGAAAGCGGAACTGATCAATTCCTACGACAATAGCGTGACCTATGTCGATCACTTTATCGTCAGCGTCCTCGACCAGCTGCGGGATAAGAAAGCGATTGTGTTCTATGCCGCCGACCACGGGGAGTCGATTAACGAGCGTGAACACCTGCACGGTACGCCGCGCAAGATGGCGCCGCCGGAGCAGTTCCGCGTGCCGATGATGGTGTGGATGTCGGATAAGTACCTGGAAAATCCCGATCACGCCGCCGCGTTTGCCCATCTGCAGCAGCAGGCTGCGATGAAGGTGCCGCGCCGTCACGTCGAGCTGTACGACACCATTATGGGCTGCCTCGGCTATACCTCGCCGGATGGCGGGATCAATGAGAACAACAACTGGTGCCGGTGGAAAAAGTAA	GTGCCACAGCGTCAGGCGGTGTTTTATTCTTCTTTTTCCAGGTTTGCTTGCATG...TAA	1725	1000	999	999.0	999	999	GTGCCACAGCGTCAGGCGGTGTTTTATTCTTCTTTTTCCAGGTTTGCTTGCATG...TAA	1725	655	15310	17034	False	True	False
229	gb|FO834906.1|+|304977-306633|ARO:3005053|ArnT	ATGAAAAGCATTCGCTATGGCGTCTCTCTGATTGCGCTGTTTGCGCTGTATTAT...TGA	1656	(15102) 33285- (16757)	15102	16757	ATGAAAAGCATTCGCTATGGCGTCTCTCTGATTGCGCTGTTTGCGCTGTATTATCTGCTGCCGCTCAATTTCCGTTTGCTTTGGCAACCCGACGAAACCCGCTACGCGGAGATCAGCCGTGAAATGCTGGCCACCGGCGACTGGGTGGTACCGCATTTTCTCGGCCTGCGCTACTTCGAAAAACCGATTGCCGGTTACTGGATCAACAGTATCGGTCAGTGGCTGTTTGGCCATAATAACTTCGGCGTACGCTTCGGGTCGGTCTTCGCCATCACCATGACCGCCCTGCTGGTGGCCTGGCTGGCGTGGCGGATCTTTCGTGATAAGCGGGTAGCTATCATGTCGCCGGTTATCTTCCTCACCGCGATGCTGGTGTATGCGATTGGCACCTATGCGGTGCTGGACCCGATGATCACCCTGTGGCTGGCGCTGGCGATGTGCAGCTTCTGGGGTGCGGCGCAGGCGCACAGCCGCAGCGGCAAAATACTGGGCTACGTGCTGCTGGGCGTCGCCTGCGGGATGGGGGTGATGACCAAGGGCTTCCTGGCGCTGGCGGTGCCGGTGGTGGGCGTTCTGCCGTGGGTGATCGCCCGTAAACGCTGGCGTGAAGTGCTGACCTACGGCTGGCTGGCGGTGATCGTCTGTACGCTGGTGGTGCTGCCCTGGGGGCTGGCTATCGCCCAGCGCGAGCCGGACTTCTGGCGCTACTTCTTCTGGGTCGAGCATATTCAGCGTTTTGCTGAAAAAGACGCCCAGCACAAAGCGCCGTTCTGGTACTACATCCCGTTCCTGATCGCCGGCAGTCTGCCGTGGCTGGCCCTGCTGCCGGGGGCGCTAAAGCGTGGCTGGCTTGAGCGCGATGAGGCCCGCGGCGCGCTGTATCTGTTAGGTTGGGTGGCGATGCCGTTCCTGTTCTTCAGTATCGCCAAAGGCAAACTGCCGACCTATATCCTGCCGTGCTTTGCGCCGCTGTCGATCCTGATGGCCCGCTACGCGCTGGAGGCCGCAAAGACCGGCGCGAAAGCGTTGCGCATCAACGGGATGATCAACCTGGGCGTTGGTTTGCTGGGGCTTATCGCCGTGCTGGTGGTCTCGCCGTGGGGCTTCATGCATAGGCCGGTGTGGACCAAGATTGAGCTGTATAAATGTCTGCTGGCGGCGATCGCTTTTGCCGTCTGGGCGCTGATGGGCTGGCTGGCGATGAAAGACTCTGGCCGCCGCTGGAGCCTCGCCGCGCTCTGTCCGCTCGGCCTGGCGCTGCTGGTGGGCTTCGCCATCCCGGACCGGGTTATCGACAGCAAACAGCCGCAGTTCCTCGTGGATATCGTCAGCGAATCCCTGCAGCCCAGCCGTTACGTCCTGACCAACAACGTTGGGATCGCCGGCGGCCTGGCCTGGGAGCTGAAGCGAAGCGATATTATTATGTTCGACAAACAGGGTGAGCTGAAGTACGGTCTCGACTGGCCGGATGCTCAGGGAAGCTTTGTCAGCCAGGCCGGTTTTGCCGACTGGCTGGCCGCGCATCGTCAGCAGGGGCCGGTCTCGCTGGTGCTGTTGATGGATAAAGGAGAGAGTATGCTCGACTTACCGTTACCGAAACCGGATAACGCCTACGAGCTGGGCCGGGTCGTTTTCCTTCAGTACCTGCCGCAATGA	ATGAAAAGCATTCGCTATGGCGTCTCTCTGATTGCGCTGTTTGCGCTGTATTAT...TGA	1656	15102	16757	1656.0	33285-	ATGAAAAGCATTCGCTATGGCGTCTCTCTGATTGCGCTGTTTGCGCTGTATTATCTGCTGCCGCTCAATTTCCGTTTGCTTTGGCAACCCGACGAAACCCGCTACGCGGAGATCAGCCGTGAAATGCTGGCCACCGGCGACTGGGTGGTACCGCATTTTCTCGGCCTGCGCTACTTCGAAAAACCGATTGCCGGTTACTGGATCAACAGTATCGGTCAGTGGCTGTTTGGCCATAATAACTTCGGCGTACGCTTCGGGTCGGTCTTCGCCATCACCATGACCGCCCTGCTGGTGGCCTGGCTGGCGTGGCGGATCTTTCGTGATAAGCGGGTAGCTATCATGTCGCCGGTTATCTTCCTCACCGCGATGCTGGTGTATGCGATTGGCACCTATGCGGTGCTGGACCCGATGATCACCCTGTGGCTGGCGCTGGCGATGTGCAGCTTCTGGGGTGCGGCGCAGGCGCACAGCCGCAGCGGCAAAATACTGGGCTACGTGCTGCTGGGCGTCGCCTGCGGGATGGGGGTGATGACCAAGGGCTTCCTGGCGCTGGCGGTGCCGGTGGTGGGCGTTCTGCCGTGGGTGATCGCCCGTAAACGCTGGCGTGAAGTGCTGACCTACGGCTGGCTGGCGGTGATCGTCTGTACGCTGGTGGTGCTGCCCTGGGGGCTGGCTATCGCCCAGCGCGAGCCGGACTTCTGGCGCTACTTCTTCTGGGTCGAGCATATTCAGCGTTTTGCTGAAAAAGACGCCCAGCACAAAGCGCCGTTCTGGTACTACATCCCGTTCCTGATCGCCGGCAGTCTGCCGTGGCTGGCCCTGCTGCCGGGGGCGCTAAAGCGTGGCTGGCTTGAGCGCGATGAGGCCCGCGGCGCGCTGTATCTGTTAGGTTGGGTGGCGATGCCGTTCCTGTTCTTCAGTATCGCCAAAGGCAAACTGCCGACCTATATCCTGCCGTGCTTTGCGCCGCTGTCGATCCTGATGGCCCGCTACGCGCTGGAGGCCGCAAAGACCGGCGCGAAAGCGTTGCGCATCAACGGGATGATCAACCTGGGCGTTGGTTTGCTGGGGCTTATCGCCGTGCTGGTGGTCTCGCCGTGGGGCTTCATGCATAGGCCGGTGTGGACCAAGATTGAGCTGTATAAATGTCTGCTGGCGGCGATCGCTTTTGCCGTCTGGGCGCTGATGGGCTGGCTGGCGATGAAAGACTCTGGCCGCCGCTGGAGCCTCGCCGCGCTCTGTCCGCTCGGCCTGGCGCTGCTGGTGGGCTTCGCCATCCCGGACCGGGTTATCGACAGCAAACAGCCGCAGTTCCTCGTGGATATCGTCAGCGAATCCCTGCAGCCCAGCCGTTACGTCCTGACCAACAACGTTGGGATCGCCGGCGGCCTGGCCTGGGAGCTGAAGCGAAGCGATATTATTATGTTCGACAAACAGGGTGAGCTGAAGTACGGTCTCGACTGGCCGGATGCTCAGGGAAGCTTTGTCAGCCAGGCCGGTTTTGCCGACTGGCTGGCCGCGCATCGTCAGCAGGGGCCGGTCTCGCTGGTGCTGTTGATGGATAAAGGAGAGAGTATGCTCGACTTACCGTTACCGAAACCGGATAACGCCTACGAGCTGGGCCGGGTCGTTTTCCTTCAGTACCTGCCGCAATGA	ATGAAAAGCATTCGCTATGGCGTCTCTCTGATTGCGCTGTTTGCGCTGTATTAT...TGA	1656	33285	15102	16757	True	True	True
230	gb|FO834906.1|-|2173974-2175099|ARO:3005044|OmpA	GTGAGGTCTTTTGTAACTTCATGGCGAATTTTGGATGATAATGAGGCGCAAAAA...TAA	1125	{(9173) 2227- (10297) , (11591) 2851- (12680)}	{9173, 11591}	{10297, 12680}	{GTGAGGTCTTTTGTAACTTCATGGCGAATTTTGGATGATAATGAGGCGCAAAAAATGAAAAAGACAGCTATCGCGATTGCAGTGGCACTGGCTGGCTTCGCTACCGTAGCGCAGGCCGCTCCGAAAGATAACACCTGGTATGCAGGTGGTAAACTGGGTTGGTCCCAGTATCACGACACCGGTTTCTACGGTAACGGTTTCCAGAACAACAACGGTCCGACCCGTAACGATCAGCTTGGTGCTGGTGCGTTCGGTGGTTACCAGGTTAACCCGTACCTCGGTTTCGAAATGGGTTATGACTGGCTGGGCCGTATGGCATATAAAGGCAGCGTTGACAACGGTGCTTTCAAAGCTCAGGGCGTTCAGCTGACCGCTAAACTGGGCTACCCGATCACTGACGATCTGGACATCTACACCCGTCTGGGCGGCATGGTTTGGCGCGCTGACTCCAAAGGCAACTACGCTTCTACCGGCGTTTCCCGTAGCGAACACGACACTGGCGTTTCCCCAGTATTTGCTGGCGGCGTAGAGTGGGCTGTTACTCGTGACATCGCTACCCGTCTGGAATACCAGTGGGTTAACAACATCGGCGACGCGGGCACTGTGGGTACCCGTCCTGATAACGGCATGCTGAGCCTGGGCGTTTCCTACCGCTTCGGTCAGGAAGATGCTGCACCGGTTGTTGCTCCGGCTCCGGCTCCGGCTCCGGAAGTGGCTACCAAGCACTTCACCCTGAAGTCTGACGTTCTGTTCAACTTCAACAAAGCTACCCTGAAACCGGAAGGTCAGCAGGCTCTGGATCAGCTGTACACTCAGCTGAGCAACATGGATCCGAAAGACGGTTCCGCTGTTGTTCTGGGCTACACCGACCGCATCGGTTCCGAAGCTTACAACCAGCAGCTGTCTGAGAAACGTGCTCAGTCCGTTGTTGACTACCTGGTTGCTAAAGGCATCCCGGCTGGCAAAATCTCCGCTCGCGGCATGGGTGAATCCAACCCGGTTACTGGCAACACCTGCGACAACGTGAAAGCTCGCGCTGCCCTGATCGATTGCCTGGCTCCGGATCGTCGTGTAGAGATCGAAGTTAAAGGCTACAAAGAAGTTGTAACTCAGCCGGCGGCTTAA, TTCATGGCGTATTTTGGATGATAACGAGGCGCAAAAAATGAAAAAGACAGCTATCGCGATTGCAGTGGCACTGGCTGGTTTCGCTACCGTAGCGCAGGCCGCTCCGAAAGATAACACCTGGTACACTGGTGCTAAACTGGGCTGGTCCCAGTACCATGACACTGGTTTTATTCCTAACAATGGTCCGACCCACGAAAACCAACTGGGTGCAGGTGCTTTTGGTGGTTACCAGGTTAACCCGTATGTTGGCTTTGAAATGGGTTACGACTGGTTAGGTCGTATGCCGTACAAAGGCGACAACATCAACGGCGCATACAAAGCTCAGGGCGTTCAGCTGACCGCTAAACTGGGTTACCCAATCACTGACGATCTGGACGTTTACACTCGTCTGGGTGGTATGGTATGGCGTGCAGACACCAAGTCTAACGTACCTGGTGGCGCATCCACTAAAGACCACGACACCGGCGTTTCTCCGGTCTTCGCTGGCGGTGTTGAGTACGCGATCACTCCTGAAATCGCTACCCGTCTGGAATACCAGTGGACCAACAACATCGGTGACGCACACACCATCGGTACTCGTCCGGACAACGGCATGCTGAGCCTGGGTGTTTCCTACCGTTTCGGTCAGGGCGAAGCAGCTCCAGTAGTTGCTCCGGCTCCAGCTCCGGCACCGGAAGTACAGACCAAGCACTTCACTCTGAAGTCTGACGTTCTGTTCAACTTCAACAAAGCAACCCTGAAACCGGAAGGTCAGGCTGCTCTGGATCAGCTGTACAGCCAGCTGAGCAACCTGGATCCGAAAGACGGTTCCGTAGTTGTTCTGGGTTACACCGACCGCATCGGTTCTGACGCTTACAACCAGGCTCTGTCCGAGCGTCGTGCTCAGTCTGTTGTTGATTACCTGATCTCTAAAGGTATCCCGGCAGACAAAATCTCCGCACGTGGTATGGGCGAATCCAACCCGGTTACTGGCAACACCTGTGACAACGTGAAACAGCGTGCTGCACTGATCGACTGCCTGGCTCCGGATCGTCGCGTAGAGATCGAAGTTAAAGGTATCAAAGACGTTGTAACTCAGCCGCAGGCTTAA}	GTGAGGTCTTTTGTAACTTCATGGCGAATTTTGGATGATAATGAGGCGCAAAAA...TAA	1125	1000	999	999.0	999	999	GTGAGGTCTTTTGTAACTTCATGGCGAATTTTGGATGATAATGAGGCGCAAAAA...TAA	1125	2227	9173	10297	False	False	False
231	gb|FR717535|+|0-861|ARO:3000910|TEM-40	ATGAGTATTCAACATTTCCGTGTCGCCCTTATTCCCTTTTTTGCGGCATTTTGC...TAA	861	(37) 5967+ (897)	37	897	ATGAGTATTCAACATTTCCGTGTCGCCCTTATTCCCTTTTTTGCGGCATTTTGCCTTCCTGTTTTTGCTCACCCAGAAACGCTGGTGAAAGTAAAAGATGCTGAAGATCAGTTGGGTGCACGAGTGGGTTACATCGAACTGGATCTCAACAGCGGTAAGATCCTTGAGAGTTTTCGCCCCGAAGAACGTTTTCCAATGATGAGCACTTTTAAAGTTCTGCTATGTGGTGCGGTATTATCCCGTGTTGACGCCGGGCAAGAGCAACTCGGTCGCCGCATACACTATTCTCAGAATGACTTGGTTGAGTACTCACCAGTCACAGAAAAGCATCTTACGGATGGCATGACAGTAAGAGAATTATGCAGTGCTGCCATAACCATGAGTGATAACACTGCTGCCAACTTACTTCTGACAACGATCGGAGGACCGAAGGAGCTAACCGCTTTTTTGCACAACATGGGGGATCATGTAACTCGCCTTGATCGTTGGGAACCGGAGCTGAATGAAGCCATACCAAACGACGAGCGTGACACCACGATGCCTGCAGCAATGGCAACAACGTTGCGCAAACTATTAACTGGCGAACTACTTACTCTAGCTTCCCGGCAACAATTAATAGACTGGATGGAGGCGGATAAAGTTGCAGGACCACTTCTGCGCTCGGCCCTTCCGGCTGGCTGGTTTATTGCTGATAAATCTGGAGCCGGTGAGCGTGGGTCTCGCGGTATCATTGCAGCACTGGGGCCAGATGGTAAGCCCTCCCGTATCGTAGTTATCTACACGACGGGGAGTCAGGCAACTATGGATGAACGAAATAGACAGATCGCTGAGATAGGTGCCTCACTGATTAAGCATTGGTAA	ATGAGTATTCAACATTTCCGTGTCGCCCTTATTCCCTTTTTTGCGGCATTTTGC...TAA	861	1000	999	999.0	999	999	ATGAGTATTCAACATTTCCGTGTCGCCCTTATTCCCTTTTTTGCGGCATTTTGC...TAA	861	5967	37	897	False	True	False
232	gb|FR848831|+|0-861|ARO:3001375|TEM-184	ATGAGTATTAAACATTTCCGTGTCGCCCTTATTCCCTTTTTTGCGGCATTTTGC...TAA	861	(37) 5967+ (897)	37	897	ATGAGTATTCAACATTTCCGTGTCGCCCTTATTCCCTTTTTTGCGGCATTTTGCCTTCCTGTTTTTGCTCACCCAGAAACGCTGGTGAAAGTAAAAGATGCTGAAGATCAGTTGGGTGCACGAGTGGGTTACATCGAACTGGATCTCAACAGCGGTAAGATCCTTGAGAGTTTTCGCCCCGAAGAACGTTTTCCAATGATGAGCACTTTTAAAGTTCTGCTATGTGGTGCGGTATTATCCCGTGTTGACGCCGGGCAAGAGCAACTCGGTCGCCGCATACACTATTCTCAGAATGACTTGGTTGAGTACTCACCAGTCACAGAAAAGCATCTTACGGATGGCATGACAGTAAGAGAATTATGCAGTGCTGCCATAACCATGAGTGATAACACTGCTGCCAACTTACTTCTGACAACGATCGGAGGACCGAAGGAGCTAACCGCTTTTTTGCACAACATGGGGGATCATGTAACTCGCCTTGATCGTTGGGAACCGGAGCTGAATGAAGCCATACCAAACGACGAGCGTGACACCACGATGCCTGCAGCAATGGCAACAACGTTGCGCAAACTATTAACTGGCGAACTACTTACTCTAGCTTCCCGGCAACAATTAATAGACTGGATGGAGGCGGATAAAGTTGCAGGACCACTTCTGCGCTCGGCCCTTCCGGCTGGCTGGTTTATTGCTGATAAATCTGGAGCCGGTGAGCGTGGGTCTCGCGGTATCATTGCAGCACTGGGGCCAGATGGTAAGCCCTCCCGTATCGTAGTTATCTACACGACGGGGAGTCAGGCAACTATGGATGAACGAAATAGACAGATCGCTGAGATAGGTGCCTCACTGATTAAGCATTGGTAA	ATGAGTATTAAACATTTCCGTGTCGCCCTTATTCCCTTTTTTGCGGCATTTTGC...TAA	861	37	897	861.0	5967+	ATGAGTATTCAACATTTCCGTGTCGCCCTTATTCCCTTTTTTGCGGCATTTTGCCTTCCTGTTTTTGCTCACCCAGAAACGCTGGTGAAAGTAAAAGATGCTGAAGATCAGTTGGGTGCACGAGTGGGTTACATCGAACTGGATCTCAACAGCGGTAAGATCCTTGAGAGTTTTCGCCCCGAAGAACGTTTTCCAATGATGAGCACTTTTAAAGTTCTGCTATGTGGTGCGGTATTATCCCGTGTTGACGCCGGGCAAGAGCAACTCGGTCGCCGCATACACTATTCTCAGAATGACTTGGTTGAGTACTCACCAGTCACAGAAAAGCATCTTACGGATGGCATGACAGTAAGAGAATTATGCAGTGCTGCCATAACCATGAGTGATAACACTGCTGCCAACTTACTTCTGACAACGATCGGAGGACCGAAGGAGCTAACCGCTTTTTTGCACAACATGGGGGATCATGTAACTCGCCTTGATCGTTGGGAACCGGAGCTGAATGAAGCCATACCAAACGACGAGCGTGACACCACGATGCCTGCAGCAATGGCAACAACGTTGCGCAAACTATTAACTGGCGAACTACTTACTCTAGCTTCCCGGCAACAATTAATAGACTGGATGGAGGCGGATAAAGTTGCAGGACCACTTCTGCGCTCGGCCCTTCCGGCTGGCTGGTTTATTGCTGATAAATCTGGAGCCGGTGAGCGTGGGTCTCGCGGTATCATTGCAGCACTGGGGCCAGATGGTAAGCCCTCCCGTATCGTAGTTATCTACACGACGGGGAGTCAGGCAACTATGGATGAACGAAATAGACAGATCGCTGAGATAGGTGCCTCACTGATTAAGCATTGGTAA	ATGAGTATTAAACATTTCCGTGTCGCCCTTATTCCCTTTTTTGCGGCATTTTGC...TAA	861	5967	37	897	True	True	True
233	gb|GQ149347|+|5269-6130|ARO:3001037|TEM-171	ATGAGTATTCAACATTTCCGTGTCGCCCTTATTCCCTTTTTTGCGGCATTTTGC...TAA	861	(37) 5967+ (897)	37	897	ATGAGTATTCAACATTTCCGTGTCGCCCTTATTCCCTTTTTTGCGGCATTTTGCCTTCCTGTTTTTGCTCACCCAGAAACGCTGGTGAAAGTAAAAGATGCTGAAGATCAGTTGGGTGCACGAGTGGGTTACATCGAACTGGATCTCAACAGCGGTAAGATCCTTGAGAGTTTTCGCCCCGAAGAACGTTTTCCAATGATGAGCACTTTTAAAGTTCTGCTATGTGGTGCGGTATTATCCCGTGTTGACGCCGGGCAAGAGCAACTCGGTCGCCGCATACACTATTCTCAGAATGACTTGGTTGAGTACTCACCAGTCACAGAAAAGCATCTTACGGATGGCATGACAGTAAGAGAATTATGCAGTGCTGCCATAACCATGAGTGATAACACTGCTGCCAACTTACTTCTGACAACGATCGGAGGACCGAAGGAGCTAACCGCTTTTTTGCACAACATGGGGGATCATGTAACTCGCCTTGATCGTTGGGAACCGGAGCTGAATGAAGCCATACCAAACGACGAGCGTGACACCACGATGCCTGCAGCAATGGCAACAACGTTGCGCAAACTATTAACTGGCGAACTACTTACTCTAGCTTCCCGGCAACAATTAATAGACTGGATGGAGGCGGATAAAGTTGCAGGACCACTTCTGCGCTCGGCCCTTCCGGCTGGCTGGTTTATTGCTGATAAATCTGGAGCCGGTGAGCGTGGGTCTCGCGGTATCATTGCAGCACTGGGGCCAGATGGTAAGCCCTCCCGTATCGTAGTTATCTACACGACGGGGAGTCAGGCAACTATGGATGAACGAAATAGACAGATCGCTGAGATAGGTGCCTCACTGATTAAGCATTGGTAA	ATGAGTATTCAACATTTCCGTGTCGCCCTTATTCCCTTTTTTGCGGCATTTTGC...TAA	861	37	897	861.0	5967+	ATGAGTATTCAACATTTCCGTGTCGCCCTTATTCCCTTTTTTGCGGCATTTTGCCTTCCTGTTTTTGCTCACCCAGAAACGCTGGTGAAAGTAAAAGATGCTGAAGATCAGTTGGGTGCACGAGTGGGTTACATCGAACTGGATCTCAACAGCGGTAAGATCCTTGAGAGTTTTCGCCCCGAAGAACGTTTTCCAATGATGAGCACTTTTAAAGTTCTGCTATGTGGTGCGGTATTATCCCGTGTTGACGCCGGGCAAGAGCAACTCGGTCGCCGCATACACTATTCTCAGAATGACTTGGTTGAGTACTCACCAGTCACAGAAAAGCATCTTACGGATGGCATGACAGTAAGAGAATTATGCAGTGCTGCCATAACCATGAGTGATAACACTGCTGCCAACTTACTTCTGACAACGATCGGAGGACCGAAGGAGCTAACCGCTTTTTTGCACAACATGGGGGATCATGTAACTCGCCTTGATCGTTGGGAACCGGAGCTGAATGAAGCCATACCAAACGACGAGCGTGACACCACGATGCCTGCAGCAATGGCAACAACGTTGCGCAAACTATTAACTGGCGAACTACTTACTCTAGCTTCCCGGCAACAATTAATAGACTGGATGGAGGCGGATAAAGTTGCAGGACCACTTCTGCGCTCGGCCCTTCCGGCTGGCTGGTTTATTGCTGATAAATCTGGAGCCGGTGAGCGTGGGTCTCGCGGTATCATTGCAGCACTGGGGCCAGATGGTAAGCCCTCCCGTATCGTAGTTATCTACACGACGGGGAGTCAGGCAACTATGGATGAACGAAATAGACAGATCGCTGAGATAGGTGCCTCACTGATTAAGCATTGGTAA	ATGAGTATTCAACATTTCCGTGTCGCCCTTATTCCCTTTTTTGCGGCATTTTGC...TAA	861	5967	37	897	True	True	True
234	gb|GQ390805|+|0-813|ARO:3001170|SHV-123	ATGCGTTATATTCGCCTGTGTATTATCTCCCTGTTAGCCACCCTGCCGCTGGCG...CAG	813	(24) 5151- (836)	24	836	ATGCGTTATATTCGCCTGTGTATTATCTCCCTGTTAGCCACCCTGCCGCTGGCGGTACACGCCAGCCCGCAGCCGCTTGAGCAAATTAAACAAAGCGAAAGCCAGCTGTCGGGCCGCGTAGGCATGATAGAAATGGATCTGGCCAGCGGCCGCACGCTGACCGCCTGGCGCGCCGATGAACGCTTTCCCATGATGAGCACCTTTAAAGTAGTGCTCTGCGGCGCAGTGCTGGCGCGGGTGGATGCCGGTGACGAACAGCTGGAGCGAAAGATCCACTATCGCCAGCAGGATCTGGTGGACTACTCGCCGGTCAGCGAAAAACACCTTGCCGACGGCATGACGGTCGGCGAACTCTGCGCCGCCGCCATTACCATGAGCGATAACAGCGCCGCCAATCTGCTGCTGGCCACCGTCGGCGGCCCCGCAGGATTGACTGCCTTTTTGCGCCAGATCGGCGACAACGTCACCCGCCTTGACCGCTGGGAAACGGAACTGAATGAGGCGCTTCCCGGCGACGCCCGCGACACCACTACCCCGGCCAGCATGGCCGCGACCCTGCGCAAGCTGCTGACCAGCCAGCGTCTGAGCGCCCGTTCGCAACGGCAGCTGCTGCAGTGGATGGTGGACGATCGGGTCGCCGGACCGTTGATCCGCTCCGTGCTGCCGGCGGGCTGGTTTATCGCCGATAAGACCGGAGCTAGCAAGCGGGGTGCGCGCGGGATTGTCGCCCTGCTTGGCCCGAATAACAAAGCAGAGCGCATCGTGGTGATTTATCTGCGGGATACGCCGGCGAGCATGGCCGAGCGAAATCAG	ATGCGTTATATTCGCCTGTGTATTATCTCCCTGTTAGCCACCCTGCCGCTGGCG...CAG	813	24	836	813.0	5151-	ATGCGTTATATTCGCCTGTGTATTATCTCCCTGTTAGCCACCCTGCCGCTGGCGGTACACGCCAGCCCGCAGCCGCTTGAGCAAATTAAACAAAGCGAAAGCCAGCTGTCGGGCCGCGTAGGCATGATAGAAATGGATCTGGCCAGCGGCCGCACGCTGACCGCCTGGCGCGCCGATGAACGCTTTCCCATGATGAGCACCTTTAAAGTAGTGCTCTGCGGCGCAGTGCTGGCGCGGGTGGATGCCGGTGACGAACAGCTGGAGCGAAAGATCCACTATCGCCAGCAGGATCTGGTGGACTACTCGCCGGTCAGCGAAAAACACCTTGCCGACGGCATGACGGTCGGCGAACTCTGCGCCGCCGCCATTACCATGAGCGATAACAGCGCCGCCAATCTGCTGCTGGCCACCGTCGGCGGCCCCGCAGGATTGACTGCCTTTTTGCGCCAGATCGGCGACAACGTCACCCGCCTTGACCGCTGGGAAACGGAACTGAATGAGGCGCTTCCCGGCGACGCCCGCGACACCACTACCCCGGCCAGCATGGCCGCGACCCTGCGCAAGCTGCTGACCAGCCAGCGTCTGAGCGCCCGTTCGCAACGGCAGCTGCTGCAGTGGATGGTGGACGATCGGGTCGCCGGACCGTTGATCCGCTCCGTGCTGCCGGCGGGCTGGTTTATCGCCGATAAGACCGGAGCTAGCAAGCGGGGTGCGCGCGGGATTGTCGCCCTGCTTGGCCCGAATAACAAAGCAGAGCGCATCGTGGTGATTTATCTGCGGGATACGCCGGCGAGCATGGCCGAGCGAAATCAG	ATGCGTTATATTCGCCTGTGTATTATCTCCCTGTTAGCCACCCTGCCGCTGGCG...CAG	813	5151	24	836	True	True	True
235	gb|GQ390806|+|0-813|ARO:3001171|SHV-124	ATGCGTTATATTCGCCTGTGTATTATCTCCCTGTTAGCCACCCTGCCGCTGGCG...CAG	813	(24) 5151- (836)	24	836	ATGCGTTATATTCGCCTGTGTATTATCTCCCTGTTAGCCACCCTGCCGCTGGCGGTACACGCCAGCCCGCAGCCGCTTGAGCAAATTAAACAAAGCGAAAGCCAGCTGTCGGGCCGCGTAGGCATGATAGAAATGGATCTGGCCAGCGGCCGCACGCTGACCGCCTGGCGCGCCGATGAACGCTTTCCCATGATGAGCACCTTTAAAGTAGTGCTCTGCGGCGCAGTGCTGGCGCGGGTGGATGCCGGTGACGAACAGCTGGAGCGAAAGATCCACTATCGCCAGCAGGATCTGGTGGACTACTCGCCGGTCAGCGAAAAACACCTTGCCGACGGCATGACGGTCGGCGAACTCTGCGCCGCCGCCATTACCATGAGCGATAACAGCGCCGCCAATCTGCTGCTGGCCACCGTCGGCGGCCCCGCAGGATTGACTGCCTTTTTGCGCCAGATCGGCGACAACGTCACCCGCCTTGACCGCTGGGAAACGGAACTGAATGAGGCGCTTCCCGGCGACGCCCGCGACACCACTACCCCGGCCAGCATGGCCGCGACCCTGCGCAAGCTGCTGACCAGCCAGCGTCTGAGCGCCCGTTCGCAACGGCAGCTGCTGCAGTGGATGGTGGACGATCGGGTCGCCGGACCGTTGATCCGCTCCGTGCTGCCGGCGGGCTGGTTTATCGCCGATAAGACCGGAGCTAGCAAGCGGGGTGCGCGCGGGATTGTCGCCCTGCTTGGCCCGAATAACAAAGCAGAGCGCATCGTGGTGATTTATCTGCGGGATACGCCGGCGAGCATGGCCGAGCGAAATCAG	ATGCGTTATATTCGCCTGTGTATTATCTCCCTGTTAGCCACCCTGCCGCTGGCG...CAG	813	24	836	813.0	5151-	ATGCGTTATATTCGCCTGTGTATTATCTCCCTGTTAGCCACCCTGCCGCTGGCGGTACACGCCAGCCCGCAGCCGCTTGAGCAAATTAAACAAAGCGAAAGCCAGCTGTCGGGCCGCGTAGGCATGATAGAAATGGATCTGGCCAGCGGCCGCACGCTGACCGCCTGGCGCGCCGATGAACGCTTTCCCATGATGAGCACCTTTAAAGTAGTGCTCTGCGGCGCAGTGCTGGCGCGGGTGGATGCCGGTGACGAACAGCTGGAGCGAAAGATCCACTATCGCCAGCAGGATCTGGTGGACTACTCGCCGGTCAGCGAAAAACACCTTGCCGACGGCATGACGGTCGGCGAACTCTGCGCCGCCGCCATTACCATGAGCGATAACAGCGCCGCCAATCTGCTGCTGGCCACCGTCGGCGGCCCCGCAGGATTGACTGCCTTTTTGCGCCAGATCGGCGACAACGTCACCCGCCTTGACCGCTGGGAAACGGAACTGAATGAGGCGCTTCCCGGCGACGCCCGCGACACCACTACCCCGGCCAGCATGGCCGCGACCCTGCGCAAGCTGCTGACCAGCCAGCGTCTGAGCGCCCGTTCGCAACGGCAGCTGCTGCAGTGGATGGTGGACGATCGGGTCGCCGGACCGTTGATCCGCTCCGTGCTGCCGGCGGGCTGGTTTATCGCCGATAAGACCGGAGCTAGCAAGCGGGGTGCGCGCGGGATTGTCGCCCTGCTTGGCCCGAATAACAAAGCAGAGCGCATCGTGGTGATTTATCTGCGGGATACGCCGGCGAGCATGGCCGAGCGAAATCAG	ATGCGTTATATTCGCCTGTGTATTATCTCCCTGTTAGCCACCCTGCCGCTGGCG...CAG	813	5151	24	836	True	True	True
236	gb|GQ390807|+|0-813|ARO:3001172|SHV-125	ATGCGTTATATTCGCCTGAATATTATCTCCCTGTTAGCCACCCTGCCGCTGGCG...CAG	813	(24) 5151- (836)	24	836	ATGCGTTATATTCGCCTGTGTATTATCTCCCTGTTAGCCACCCTGCCGCTGGCGGTACACGCCAGCCCGCAGCCGCTTGAGCAAATTAAACAAAGCGAAAGCCAGCTGTCGGGCCGCGTAGGCATGATAGAAATGGATCTGGCCAGCGGCCGCACGCTGACCGCCTGGCGCGCCGATGAACGCTTTCCCATGATGAGCACCTTTAAAGTAGTGCTCTGCGGCGCAGTGCTGGCGCGGGTGGATGCCGGTGACGAACAGCTGGAGCGAAAGATCCACTATCGCCAGCAGGATCTGGTGGACTACTCGCCGGTCAGCGAAAAACACCTTGCCGACGGCATGACGGTCGGCGAACTCTGCGCCGCCGCCATTACCATGAGCGATAACAGCGCCGCCAATCTGCTGCTGGCCACCGTCGGCGGCCCCGCAGGATTGACTGCCTTTTTGCGCCAGATCGGCGACAACGTCACCCGCCTTGACCGCTGGGAAACGGAACTGAATGAGGCGCTTCCCGGCGACGCCCGCGACACCACTACCCCGGCCAGCATGGCCGCGACCCTGCGCAAGCTGCTGACCAGCCAGCGTCTGAGCGCCCGTTCGCAACGGCAGCTGCTGCAGTGGATGGTGGACGATCGGGTCGCCGGACCGTTGATCCGCTCCGTGCTGCCGGCGGGCTGGTTTATCGCCGATAAGACCGGAGCTAGCAAGCGGGGTGCGCGCGGGATTGTCGCCCTGCTTGGCCCGAATAACAAAGCAGAGCGCATCGTGGTGATTTATCTGCGGGATACGCCGGCGAGCATGGCCGAGCGAAATCAG	ATGCGTTATATTCGCCTGAATATTATCTCCCTGTTAGCCACCCTGCCGCTGGCG...CAG	813	24	836	813.0	5151-	ATGCGTTATATTCGCCTGTGTATTATCTCCCTGTTAGCCACCCTGCCGCTGGCGGTACACGCCAGCCCGCAGCCGCTTGAGCAAATTAAACAAAGCGAAAGCCAGCTGTCGGGCCGCGTAGGCATGATAGAAATGGATCTGGCCAGCGGCCGCACGCTGACCGCCTGGCGCGCCGATGAACGCTTTCCCATGATGAGCACCTTTAAAGTAGTGCTCTGCGGCGCAGTGCTGGCGCGGGTGGATGCCGGTGACGAACAGCTGGAGCGAAAGATCCACTATCGCCAGCAGGATCTGGTGGACTACTCGCCGGTCAGCGAAAAACACCTTGCCGACGGCATGACGGTCGGCGAACTCTGCGCCGCCGCCATTACCATGAGCGATAACAGCGCCGCCAATCTGCTGCTGGCCACCGTCGGCGGCCCCGCAGGATTGACTGCCTTTTTGCGCCAGATCGGCGACAACGTCACCCGCCTTGACCGCTGGGAAACGGAACTGAATGAGGCGCTTCCCGGCGACGCCCGCGACACCACTACCCCGGCCAGCATGGCCGCGACCCTGCGCAAGCTGCTGACCAGCCAGCGTCTGAGCGCCCGTTCGCAACGGCAGCTGCTGCAGTGGATGGTGGACGATCGGGTCGCCGGACCGTTGATCCGCTCCGTGCTGCCGGCGGGCTGGTTTATCGCCGATAAGACCGGAGCTAGCAAGCGGGGTGCGCGCGGGATTGTCGCCCTGCTTGGCCCGAATAACAAAGCAGAGCGCATCGTGGTGATTTATCTGCGGGATACGCCGGCGAGCATGGCCGAGCGAAATCAG	ATGCGTTATATTCGCCTGAATATTATCTCCCTGTTAGCCACCCTGCCGCTGGCG...CAG	813	5151	24	836	True	True	True
237	gb|GQ390808|+|0-813|ARO:3001173|SHV-126	ATGCGTTATATTCGCCTGTGTATTATCTCCCTGTTAGCCACCCTGCCGCTGGCG...CAG	813	(24) 5151- (836)	24	836	ATGCGTTATATTCGCCTGTGTATTATCTCCCTGTTAGCCACCCTGCCGCTGGCGGTACACGCCAGCCCGCAGCCGCTTGAGCAAATTAAACAAAGCGAAAGCCAGCTGTCGGGCCGCGTAGGCATGATAGAAATGGATCTGGCCAGCGGCCGCACGCTGACCGCCTGGCGCGCCGATGAACGCTTTCCCATGATGAGCACCTTTAAAGTAGTGCTCTGCGGCGCAGTGCTGGCGCGGGTGGATGCCGGTGACGAACAGCTGGAGCGAAAGATCCACTATCGCCAGCAGGATCTGGTGGACTACTCGCCGGTCAGCGAAAAACACCTTGCCGACGGCATGACGGTCGGCGAACTCTGCGCCGCCGCCATTACCATGAGCGATAACAGCGCCGCCAATCTGCTGCTGGCCACCGTCGGCGGCCCCGCAGGATTGACTGCCTTTTTGCGCCAGATCGGCGACAACGTCACCCGCCTTGACCGCTGGGAAACGGAACTGAATGAGGCGCTTCCCGGCGACGCCCGCGACACCACTACCCCGGCCAGCATGGCCGCGACCCTGCGCAAGCTGCTGACCAGCCAGCGTCTGAGCGCCCGTTCGCAACGGCAGCTGCTGCAGTGGATGGTGGACGATCGGGTCGCCGGACCGTTGATCCGCTCCGTGCTGCCGGCGGGCTGGTTTATCGCCGATAAGACCGGAGCTAGCAAGCGGGGTGCGCGCGGGATTGTCGCCCTGCTTGGCCCGAATAACAAAGCAGAGCGCATCGTGGTGATTTATCTGCGGGATACGCCGGCGAGCATGGCCGAGCGAAATCAG	ATGCGTTATATTCGCCTGTGTATTATCTCCCTGTTAGCCACCCTGCCGCTGGCG...CAG	813	24	836	813.0	5151-	ATGCGTTATATTCGCCTGTGTATTATCTCCCTGTTAGCCACCCTGCCGCTGGCGGTACACGCCAGCCCGCAGCCGCTTGAGCAAATTAAACAAAGCGAAAGCCAGCTGTCGGGCCGCGTAGGCATGATAGAAATGGATCTGGCCAGCGGCCGCACGCTGACCGCCTGGCGCGCCGATGAACGCTTTCCCATGATGAGCACCTTTAAAGTAGTGCTCTGCGGCGCAGTGCTGGCGCGGGTGGATGCCGGTGACGAACAGCTGGAGCGAAAGATCCACTATCGCCAGCAGGATCTGGTGGACTACTCGCCGGTCAGCGAAAAACACCTTGCCGACGGCATGACGGTCGGCGAACTCTGCGCCGCCGCCATTACCATGAGCGATAACAGCGCCGCCAATCTGCTGCTGGCCACCGTCGGCGGCCCCGCAGGATTGACTGCCTTTTTGCGCCAGATCGGCGACAACGTCACCCGCCTTGACCGCTGGGAAACGGAACTGAATGAGGCGCTTCCCGGCGACGCCCGCGACACCACTACCCCGGCCAGCATGGCCGCGACCCTGCGCAAGCTGCTGACCAGCCAGCGTCTGAGCGCCCGTTCGCAACGGCAGCTGCTGCAGTGGATGGTGGACGATCGGGTCGCCGGACCGTTGATCCGCTCCGTGCTGCCGGCGGGCTGGTTTATCGCCGATAAGACCGGAGCTAGCAAGCGGGGTGCGCGCGGGATTGTCGCCCTGCTTGGCCCGAATAACAAAGCAGAGCGCATCGTGGTGATTTATCTGCGGGATACGCCGGCGAGCATGGCCGAGCGAAATCAG	ATGCGTTATATTCGCCTGTGTATTATCTCCCTGTTAGCCACCCTGCCGCTGGCG...CAG	813	5151	24	836	True	True	True
238	gb|GQ390809|+|0-813|ARO:3001174|SHV-127	ATGCGTTTTATTCGCCTGTGTATTATCTCCCTGTTAGCCACCCTGCCGCTGGCG...CAG	813	(24) 5151- (836)	24	836	ATGCGTTATATTCGCCTGTGTATTATCTCCCTGTTAGCCACCCTGCCGCTGGCGGTACACGCCAGCCCGCAGCCGCTTGAGCAAATTAAACAAAGCGAAAGCCAGCTGTCGGGCCGCGTAGGCATGATAGAAATGGATCTGGCCAGCGGCCGCACGCTGACCGCCTGGCGCGCCGATGAACGCTTTCCCATGATGAGCACCTTTAAAGTAGTGCTCTGCGGCGCAGTGCTGGCGCGGGTGGATGCCGGTGACGAACAGCTGGAGCGAAAGATCCACTATCGCCAGCAGGATCTGGTGGACTACTCGCCGGTCAGCGAAAAACACCTTGCCGACGGCATGACGGTCGGCGAACTCTGCGCCGCCGCCATTACCATGAGCGATAACAGCGCCGCCAATCTGCTGCTGGCCACCGTCGGCGGCCCCGCAGGATTGACTGCCTTTTTGCGCCAGATCGGCGACAACGTCACCCGCCTTGACCGCTGGGAAACGGAACTGAATGAGGCGCTTCCCGGCGACGCCCGCGACACCACTACCCCGGCCAGCATGGCCGCGACCCTGCGCAAGCTGCTGACCAGCCAGCGTCTGAGCGCCCGTTCGCAACGGCAGCTGCTGCAGTGGATGGTGGACGATCGGGTCGCCGGACCGTTGATCCGCTCCGTGCTGCCGGCGGGCTGGTTTATCGCCGATAAGACCGGAGCTAGCAAGCGGGGTGCGCGCGGGATTGTCGCCCTGCTTGGCCCGAATAACAAAGCAGAGCGCATCGTGGTGATTTATCTGCGGGATACGCCGGCGAGCATGGCCGAGCGAAATCAG	ATGCGTTTTATTCGCCTGTGTATTATCTCCCTGTTAGCCACCCTGCCGCTGGCG...CAG	813	24	836	813.0	5151-	ATGCGTTATATTCGCCTGTGTATTATCTCCCTGTTAGCCACCCTGCCGCTGGCGGTACACGCCAGCCCGCAGCCGCTTGAGCAAATTAAACAAAGCGAAAGCCAGCTGTCGGGCCGCGTAGGCATGATAGAAATGGATCTGGCCAGCGGCCGCACGCTGACCGCCTGGCGCGCCGATGAACGCTTTCCCATGATGAGCACCTTTAAAGTAGTGCTCTGCGGCGCAGTGCTGGCGCGGGTGGATGCCGGTGACGAACAGCTGGAGCGAAAGATCCACTATCGCCAGCAGGATCTGGTGGACTACTCGCCGGTCAGCGAAAAACACCTTGCCGACGGCATGACGGTCGGCGAACTCTGCGCCGCCGCCATTACCATGAGCGATAACAGCGCCGCCAATCTGCTGCTGGCCACCGTCGGCGGCCCCGCAGGATTGACTGCCTTTTTGCGCCAGATCGGCGACAACGTCACCCGCCTTGACCGCTGGGAAACGGAACTGAATGAGGCGCTTCCCGGCGACGCCCGCGACACCACTACCCCGGCCAGCATGGCCGCGACCCTGCGCAAGCTGCTGACCAGCCAGCGTCTGAGCGCCCGTTCGCAACGGCAGCTGCTGCAGTGGATGGTGGACGATCGGGTCGCCGGACCGTTGATCCGCTCCGTGCTGCCGGCGGGCTGGTTTATCGCCGATAAGACCGGAGCTAGCAAGCGGGGTGCGCGCGGGATTGTCGCCCTGCTTGGCCCGAATAACAAAGCAGAGCGCATCGTGGTGATTTATCTGCGGGATACGCCGGCGAGCATGGCCGAGCGAAATCAG	ATGCGTTTTATTCGCCTGTGTATTATCTCCCTGTTAGCCACCCTGCCGCTGGCG...CAG	813	5151	24	836	True	True	True
239	gb|GQ900432.1|-|26737-27499|ARO:3003905|ANT(4')-Ib	GTGAATGGACCAATAATAATGACTAGAGAAGAAAGAATGAAGATTGTTCATGAA...TGA	762	(196) 117- (957)	196	957	GTGAATGGACCAATAATAATGACTAGAGAAGAAAGAATGAAGATTGTTCATGAAATTAAGGAACGAATATTGGATAAATATGGGGATGATGTTAAGGCTATTGGTGTTTATGGCTCTCTTGGTCGTCAGACTGATGGGCCCTATTCGGATATTGAGATGATGTGTGTCATGTCAACAGAGGAAGCAGAGTTCAGCCATGAATGGACAACCGGTGAGTGGAAGGTGGAAGTGAATTTTGATAGCGAAGAGATTCTACTAGATTATGCATCTCAGGTGGAATCAGATTGGCCGCTTACACATGGTCAATTTTTCTCTATTTTGCCGATTTATGATTCAGGTGGATACTTAGAGAAAGTGTATCAAACTGCTAAATCGGTAGAAGCCCAAACGTTCCACGATGCGATTTGTGCCCTTATCGTAGAAGAGCTGTTTGAATATGCAGGCAAATGGCGTAATATTCGTGTGCAAGGACCGACAACATTTCTACCATCCTTGACTGTACAGGTAGCAATGGCAGGTGCCATGTTGATTGGTCTGCATCATCGCATCTGTTATACGACGAGCGCTTCGGTCTTAACTGAAGCAGTTAAGCAATCAGATCTTCCTTCAGGTTATGACCATCTGTGCCAGTTCGTAATGTCTGGTCAACTTTCCGACTCTGAGAAACTTCTGGAATCGCTAGAGAATTTCTGGAATGGGATTCAGGAGTGGACAGAACGACACGGATATATAGTGGATGTGTCAAAACGCATACCATTTTGA	GTGAATGGACCAATAATAATGACTAGAGAAGAAAGAATGAAGATTGTTCATGAA...TGA	762	196	957	762.0	117-	GTGAATGGACCAATAATAATGACTAGAGAAGAAAGAATGAAGATTGTTCATGAAATTAAGGAACGAATATTGGATAAATATGGGGATGATGTTAAGGCTATTGGTGTTTATGGCTCTCTTGGTCGTCAGACTGATGGGCCCTATTCGGATATTGAGATGATGTGTGTCATGTCAACAGAGGAAGCAGAGTTCAGCCATGAATGGACAACCGGTGAGTGGAAGGTGGAAGTGAATTTTGATAGCGAAGAGATTCTACTAGATTATGCATCTCAGGTGGAATCAGATTGGCCGCTTACACATGGTCAATTTTTCTCTATTTTGCCGATTTATGATTCAGGTGGATACTTAGAGAAAGTGTATCAAACTGCTAAATCGGTAGAAGCCCAAACGTTCCACGATGCGATTTGTGCCCTTATCGTAGAAGAGCTGTTTGAATATGCAGGCAAATGGCGTAATATTCGTGTGCAAGGACCGACAACATTTCTACCATCCTTGACTGTACAGGTAGCAATGGCAGGTGCCATGTTGATTGGTCTGCATCATCGCATCTGTTATACGACGAGCGCTTCGGTCTTAACTGAAGCAGTTAAGCAATCAGATCTTCCTTCAGGTTATGACCATCTGTGCCAGTTCGTAATGTCTGGTCAACTTTCCGACTCTGAGAAACTTCTGGAATCGCTAGAGAATTTCTGGAATGGGATTCAGGAGTGGACAGAACGACACGGATATATAGTGGATGTGTCAAAACGCATACCATTTTGA	GTGAATGGACCAATAATAATGACTAGAGAAGAAAGAATGAAGATTGTTCATGAA...TGA	762	117	196	957	True	True	True
240	gb|GU371926|-|50304-51165|ARO:3000903|TEM-33	ATGAGTATTCAACATTTTCGTGTCGCCCTTATTCCCTTTTTTGCGGCATTTTGC...TAA	861	(37) 5967+ (897)	37	897	ATGAGTATTCAACATTTCCGTGTCGCCCTTATTCCCTTTTTTGCGGCATTTTGCCTTCCTGTTTTTGCTCACCCAGAAACGCTGGTGAAAGTAAAAGATGCTGAAGATCAGTTGGGTGCACGAGTGGGTTACATCGAACTGGATCTCAACAGCGGTAAGATCCTTGAGAGTTTTCGCCCCGAAGAACGTTTTCCAATGATGAGCACTTTTAAAGTTCTGCTATGTGGTGCGGTATTATCCCGTGTTGACGCCGGGCAAGAGCAACTCGGTCGCCGCATACACTATTCTCAGAATGACTTGGTTGAGTACTCACCAGTCACAGAAAAGCATCTTACGGATGGCATGACAGTAAGAGAATTATGCAGTGCTGCCATAACCATGAGTGATAACACTGCTGCCAACTTACTTCTGACAACGATCGGAGGACCGAAGGAGCTAACCGCTTTTTTGCACAACATGGGGGATCATGTAACTCGCCTTGATCGTTGGGAACCGGAGCTGAATGAAGCCATACCAAACGACGAGCGTGACACCACGATGCCTGCAGCAATGGCAACAACGTTGCGCAAACTATTAACTGGCGAACTACTTACTCTAGCTTCCCGGCAACAATTAATAGACTGGATGGAGGCGGATAAAGTTGCAGGACCACTTCTGCGCTCGGCCCTTCCGGCTGGCTGGTTTATTGCTGATAAATCTGGAGCCGGTGAGCGTGGGTCTCGCGGTATCATTGCAGCACTGGGGCCAGATGGTAAGCCCTCCCGTATCGTAGTTATCTACACGACGGGGAGTCAGGCAACTATGGATGAACGAAATAGACAGATCGCTGAGATAGGTGCCTCACTGATTAAGCATTGGTAA	ATGAGTATTCAACATTTTCGTGTCGCCCTTATTCCCTTTTTTGCGGCATTTTGC...TAA	861	37	897	861.0	5967+	ATGAGTATTCAACATTTCCGTGTCGCCCTTATTCCCTTTTTTGCGGCATTTTGCCTTCCTGTTTTTGCTCACCCAGAAACGCTGGTGAAAGTAAAAGATGCTGAAGATCAGTTGGGTGCACGAGTGGGTTACATCGAACTGGATCTCAACAGCGGTAAGATCCTTGAGAGTTTTCGCCCCGAAGAACGTTTTCCAATGATGAGCACTTTTAAAGTTCTGCTATGTGGTGCGGTATTATCCCGTGTTGACGCCGGGCAAGAGCAACTCGGTCGCCGCATACACTATTCTCAGAATGACTTGGTTGAGTACTCACCAGTCACAGAAAAGCATCTTACGGATGGCATGACAGTAAGAGAATTATGCAGTGCTGCCATAACCATGAGTGATAACACTGCTGCCAACTTACTTCTGACAACGATCGGAGGACCGAAGGAGCTAACCGCTTTTTTGCACAACATGGGGGATCATGTAACTCGCCTTGATCGTTGGGAACCGGAGCTGAATGAAGCCATACCAAACGACGAGCGTGACACCACGATGCCTGCAGCAATGGCAACAACGTTGCGCAAACTATTAACTGGCGAACTACTTACTCTAGCTTCCCGGCAACAATTAATAGACTGGATGGAGGCGGATAAAGTTGCAGGACCACTTCTGCGCTCGGCCCTTCCGGCTGGCTGGTTTATTGCTGATAAATCTGGAGCCGGTGAGCGTGGGTCTCGCGGTATCATTGCAGCACTGGGGCCAGATGGTAAGCCCTCCCGTATCGTAGTTATCTACACGACGGGGAGTCAGGCAACTATGGATGAACGAAATAGACAGATCGCTGAGATAGGTGCCTCACTGATTAAGCATTGGTAA	ATGAGTATTCAACATTTTCGTGTCGCCCTTATTCCCTTTTTTGCGGCATTTTGC...TAA	861	5967	37	897	True	True	True
241	gb|GU550123|+|144-1005|ARO:3001041|TEM-176	ATGAGTATTCAACATTTTCGTGTCGCCCTTATTCCCTTTTTTGCGGCATTTTGC...TAA	861	(37) 5967+ (897)	37	897	ATGAGTATTCAACATTTCCGTGTCGCCCTTATTCCCTTTTTTGCGGCATTTTGCCTTCCTGTTTTTGCTCACCCAGAAACGCTGGTGAAAGTAAAAGATGCTGAAGATCAGTTGGGTGCACGAGTGGGTTACATCGAACTGGATCTCAACAGCGGTAAGATCCTTGAGAGTTTTCGCCCCGAAGAACGTTTTCCAATGATGAGCACTTTTAAAGTTCTGCTATGTGGTGCGGTATTATCCCGTGTTGACGCCGGGCAAGAGCAACTCGGTCGCCGCATACACTATTCTCAGAATGACTTGGTTGAGTACTCACCAGTCACAGAAAAGCATCTTACGGATGGCATGACAGTAAGAGAATTATGCAGTGCTGCCATAACCATGAGTGATAACACTGCTGCCAACTTACTTCTGACAACGATCGGAGGACCGAAGGAGCTAACCGCTTTTTTGCACAACATGGGGGATCATGTAACTCGCCTTGATCGTTGGGAACCGGAGCTGAATGAAGCCATACCAAACGACGAGCGTGACACCACGATGCCTGCAGCAATGGCAACAACGTTGCGCAAACTATTAACTGGCGAACTACTTACTCTAGCTTCCCGGCAACAATTAATAGACTGGATGGAGGCGGATAAAGTTGCAGGACCACTTCTGCGCTCGGCCCTTCCGGCTGGCTGGTTTATTGCTGATAAATCTGGAGCCGGTGAGCGTGGGTCTCGCGGTATCATTGCAGCACTGGGGCCAGATGGTAAGCCCTCCCGTATCGTAGTTATCTACACGACGGGGAGTCAGGCAACTATGGATGAACGAAATAGACAGATCGCTGAGATAGGTGCCTCACTGATTAAGCATTGGTAA	ATGAGTATTCAACATTTTCGTGTCGCCCTTATTCCCTTTTTTGCGGCATTTTGC...TAA	861	37	897	861.0	5967+	ATGAGTATTCAACATTTCCGTGTCGCCCTTATTCCCTTTTTTGCGGCATTTTGCCTTCCTGTTTTTGCTCACCCAGAAACGCTGGTGAAAGTAAAAGATGCTGAAGATCAGTTGGGTGCACGAGTGGGTTACATCGAACTGGATCTCAACAGCGGTAAGATCCTTGAGAGTTTTCGCCCCGAAGAACGTTTTCCAATGATGAGCACTTTTAAAGTTCTGCTATGTGGTGCGGTATTATCCCGTGTTGACGCCGGGCAAGAGCAACTCGGTCGCCGCATACACTATTCTCAGAATGACTTGGTTGAGTACTCACCAGTCACAGAAAAGCATCTTACGGATGGCATGACAGTAAGAGAATTATGCAGTGCTGCCATAACCATGAGTGATAACACTGCTGCCAACTTACTTCTGACAACGATCGGAGGACCGAAGGAGCTAACCGCTTTTTTGCACAACATGGGGGATCATGTAACTCGCCTTGATCGTTGGGAACCGGAGCTGAATGAAGCCATACCAAACGACGAGCGTGACACCACGATGCCTGCAGCAATGGCAACAACGTTGCGCAAACTATTAACTGGCGAACTACTTACTCTAGCTTCCCGGCAACAATTAATAGACTGGATGGAGGCGGATAAAGTTGCAGGACCACTTCTGCGCTCGGCCCTTCCGGCTGGCTGGTTTATTGCTGATAAATCTGGAGCCGGTGAGCGTGGGTCTCGCGGTATCATTGCAGCACTGGGGCCAGATGGTAAGCCCTCCCGTATCGTAGTTATCTACACGACGGGGAGTCAGGCAACTATGGATGAACGAAATAGACAGATCGCTGAGATAGGTGCCTCACTGATTAAGCATTGGTAA	ATGAGTATTCAACATTTTCGTGTCGCCCTTATTCCCTTTTTTGCGGCATTTTGC...TAA	861	5967	37	897	True	True	True
242	gb|GU565967.1|-|24979-26419|ARO:3002597|AAC(6')-Ie-APH(2'')-Ia	ATGAATATAGTTGAAAATGAAATATGTATAAGAACTTTAATAGATGATGATTTT...TGA	1440	(455) 20533- (1894)	455	1894	ATGAATATAGTTGAAAATGAAATATGTATAAGAACTTTAATAGATGATGATTTTCCTTTGATGTTAAAATGGTTAACTGATGAAAGAGTATTAGAATTTTATGGTGGTAGAGATAAAAAATATACATTAGAATCATTAAAAAAACATTATACAGAGCCTTGGGAAGATGAAGTTTTTAGAGTAATTATTGAATATAACAATGTTCCTATTGGATATGGACAAATATATAAAATGTATGATGAGTTATATACTGATTATCATTATCCAAAAACTGATGAGATAGTCTATGGTATGGATCAATTTATAGGAGAGCCAAATTATTGGAGTAAAGGAATTGGTACAAGATATATTAAATTGATTTTTGAATTTTTGAAAAAAGAAAGAAATGCTAATGCAGTTATTTTAGACCCTCATAAAAATAATCCAAGAGCAATAAGGGCATACCAAAAATCTGGTTTTAGAATTATTGAAGATTTGCCAGAACATGAATTACACGAGGGCAAAAAAGAAGATTGTTATTTAATGGAATATAGATATGATGATAATGCCACAAATGTTAAGGCAATGAAATATTTAATTGAGCATTACTTTGATAATTTCAAAGTAGATAGTATTGAAATAATCGGTAGTGGTTATGATAGTGTGGCATATTTAGTTAATAATGAATACATTTTTAAAACAAAATTTAGTACTAATAAGAAAAAAGGTTATGCAAAAGAAAAAGCAATATATAATTTTTTAAATACAAATTTAGAAACTAATGTAAAAATTCCTAATATTGAATATTCGTATATTAGTGATGAATTATCTATACTAGGTTATAAAGAAATTAAAGGAACTTTTTTAACACCAGAAATTTATTCTACTATGTCAGAAGAAGAACAAAATTTGTTAAAACGAGATATTGCCAGTTTTTTAAGACAAATGCACGGTTTAGATTATACAGATATTAGTGAATGTACTATTGATAATAAACAAAATGTATTAGAAGAGTATATATTGTTGCGTGAAACTATTTATAATGATTTAACTGATATAGAAAAAGATTATATAGAAAGTTTTATGGAAAGACTAAATGCAACAACAGTTTTTGAGGGTAAAAAGTGTTTATGCCATAATGATTTTAGTTGTAATCATCTATTGTTAGATGGCAATAATAGATTAACTGGAATAATTGATTTTGGAGATTCTGGAATTATAGATGAATATTGTGATTTTATATACTTACTTGAAGATAGTGAAGAAGAAATAGGAACAAATTTTGGAGAAGATATATTAAGAATGTATGGAAATATAGATATTGAGAAAGCAAAAGAATATCAAGATATAGTTGAAGAATATTATCCTATTGAAACTATTGTTTATGGAATTAAAAATATTAAACAGGAATTTATCGAAAATGGTAGAAAAGAAATTTATAAAAGGACTTATAAAGATTGA	ATGAATATAGTTGAAAATGAAATATGTATAAGAACTTTAATAGATGATGATTTT...TGA	1440	455	1894	1440.0	20533-	ATGAATATAGTTGAAAATGAAATATGTATAAGAACTTTAATAGATGATGATTTTCCTTTGATGTTAAAATGGTTAACTGATGAAAGAGTATTAGAATTTTATGGTGGTAGAGATAAAAAATATACATTAGAATCATTAAAAAAACATTATACAGAGCCTTGGGAAGATGAAGTTTTTAGAGTAATTATTGAATATAACAATGTTCCTATTGGATATGGACAAATATATAAAATGTATGATGAGTTATATACTGATTATCATTATCCAAAAACTGATGAGATAGTCTATGGTATGGATCAATTTATAGGAGAGCCAAATTATTGGAGTAAAGGAATTGGTACAAGATATATTAAATTGATTTTTGAATTTTTGAAAAAAGAAAGAAATGCTAATGCAGTTATTTTAGACCCTCATAAAAATAATCCAAGAGCAATAAGGGCATACCAAAAATCTGGTTTTAGAATTATTGAAGATTTGCCAGAACATGAATTACACGAGGGCAAAAAAGAAGATTGTTATTTAATGGAATATAGATATGATGATAATGCCACAAATGTTAAGGCAATGAAATATTTAATTGAGCATTACTTTGATAATTTCAAAGTAGATAGTATTGAAATAATCGGTAGTGGTTATGATAGTGTGGCATATTTAGTTAATAATGAATACATTTTTAAAACAAAATTTAGTACTAATAAGAAAAAAGGTTATGCAAAAGAAAAAGCAATATATAATTTTTTAAATACAAATTTAGAAACTAATGTAAAAATTCCTAATATTGAATATTCGTATATTAGTGATGAATTATCTATACTAGGTTATAAAGAAATTAAAGGAACTTTTTTAACACCAGAAATTTATTCTACTATGTCAGAAGAAGAACAAAATTTGTTAAAACGAGATATTGCCAGTTTTTTAAGACAAATGCACGGTTTAGATTATACAGATATTAGTGAATGTACTATTGATAATAAACAAAATGTATTAGAAGAGTATATATTGTTGCGTGAAACTATTTATAATGATTTAACTGATATAGAAAAAGATTATATAGAAAGTTTTATGGAAAGACTAAATGCAACAACAGTTTTTGAGGGTAAAAAGTGTTTATGCCATAATGATTTTAGTTGTAATCATCTATTGTTAGATGGCAATAATAGATTAACTGGAATAATTGATTTTGGAGATTCTGGAATTATAGATGAATATTGTGATTTTATATACTTACTTGAAGATAGTGAAGAAGAAATAGGAACAAATTTTGGAGAAGATATATTAAGAATGTATGGAAATATAGATATTGAGAAAGCAAAAGAATATCAAGATATAGTTGAAGAATATTATCCTATTGAAACTATTGTTTATGGAATTAAAAATATTAAACAGGAATTTATCGAAAATGGTAGAAAAGAAATTTATAAAAGGACTTATAAAGATTGA	ATGAATATAGTTGAAAATGAAATATGTATAAGAACTTTAATAGATGATGATTTT...TGA	1440	20533	455	1894	True	True	True
243	gb|GU827715|+|0-861|ARO:3001176|SHV-129	ATGCGTTATATTCGCCTGTGTATTATCTCCCTGTTAGCCACCCTGCCGCTGGCG...TAA	861	(24) 5151- (884)	24	884	ATGCGTTATATTCGCCTGTGTATTATCTCCCTGTTAGCCACCCTGCCGCTGGCGGTACACGCCAGCCCGCAGCCGCTTGAGCAAATTAAACAAAGCGAAAGCCAGCTGTCGGGCCGCGTAGGCATGATAGAAATGGATCTGGCCAGCGGCCGCACGCTGACCGCCTGGCGCGCCGATGAACGCTTTCCCATGATGAGCACCTTTAAAGTAGTGCTCTGCGGCGCAGTGCTGGCGCGGGTGGATGCCGGTGACGAACAGCTGGAGCGAAAGATCCACTATCGCCAGCAGGATCTGGTGGACTACTCGCCGGTCAGCGAAAAACACCTTGCCGACGGCATGACGGTCGGCGAACTCTGCGCCGCCGCCATTACCATGAGCGATAACAGCGCCGCCAATCTGCTGCTGGCCACCGTCGGCGGCCCCGCAGGATTGACTGCCTTTTTGCGCCAGATCGGCGACAACGTCACCCGCCTTGACCGCTGGGAAACGGAACTGAATGAGGCGCTTCCCGGCGACGCCCGCGACACCACTACCCCGGCCAGCATGGCCGCGACCCTGCGCAAGCTGCTGACCAGCCAGCGTCTGAGCGCCCGTTCGCAACGGCAGCTGCTGCAGTGGATGGTGGACGATCGGGTCGCCGGACCGTTGATCCGCTCCGTGCTGCCGGCGGGCTGGTTTATCGCCGATAAGACCGGAGCTAGCAAGCGGGGTGCGCGCGGGATTGTCGCCCTGCTTGGCCCGAATAACAAAGCAGAGCGCATCGTGGTGATTTATCTGCGGGATACGCCGGCGAGCATGGCCGAGCGAAATCAGCAAATCGCCGGGATCGGCGCGGCGCTGATCGAGCACTGGCAACGCTAA	ATGCGTTATATTCGCCTGTGTATTATCTCCCTGTTAGCCACCCTGCCGCTGGCG...TAA	861	24	884	861.0	5151-	ATGCGTTATATTCGCCTGTGTATTATCTCCCTGTTAGCCACCCTGCCGCTGGCGGTACACGCCAGCCCGCAGCCGCTTGAGCAAATTAAACAAAGCGAAAGCCAGCTGTCGGGCCGCGTAGGCATGATAGAAATGGATCTGGCCAGCGGCCGCACGCTGACCGCCTGGCGCGCCGATGAACGCTTTCCCATGATGAGCACCTTTAAAGTAGTGCTCTGCGGCGCAGTGCTGGCGCGGGTGGATGCCGGTGACGAACAGCTGGAGCGAAAGATCCACTATCGCCAGCAGGATCTGGTGGACTACTCGCCGGTCAGCGAAAAACACCTTGCCGACGGCATGACGGTCGGCGAACTCTGCGCCGCCGCCATTACCATGAGCGATAACAGCGCCGCCAATCTGCTGCTGGCCACCGTCGGCGGCCCCGCAGGATTGACTGCCTTTTTGCGCCAGATCGGCGACAACGTCACCCGCCTTGACCGCTGGGAAACGGAACTGAATGAGGCGCTTCCCGGCGACGCCCGCGACACCACTACCCCGGCCAGCATGGCCGCGACCCTGCGCAAGCTGCTGACCAGCCAGCGTCTGAGCGCCCGTTCGCAACGGCAGCTGCTGCAGTGGATGGTGGACGATCGGGTCGCCGGACCGTTGATCCGCTCCGTGCTGCCGGCGGGCTGGTTTATCGCCGATAAGACCGGAGCTAGCAAGCGGGGTGCGCGCGGGATTGTCGCCCTGCTTGGCCCGAATAACAAAGCAGAGCGCATCGTGGTGATTTATCTGCGGGATACGCCGGCGAGCATGGCCGAGCGAAATCAGCAAATCGCCGGGATCGGCGCGGCGCTGATCGAGCACTGGCAACGCTAA	ATGCGTTATATTCGCCTGTGTATTATCTCCCTGTTAGCCACCCTGCCGCTGGCG...TAA	861	5151	24	884	True	True	True
244	gb|GU932590|+|0-861|ARO:3001175|SHV-128	ATGCGTTATATTCGCCTGTGTATTATCTCCCTGTTAGCCACCCTGCCGCTGGCG...TAA	861	(24) 5151- (884)	24	884	ATGCGTTATATTCGCCTGTGTATTATCTCCCTGTTAGCCACCCTGCCGCTGGCGGTACACGCCAGCCCGCAGCCGCTTGAGCAAATTAAACAAAGCGAAAGCCAGCTGTCGGGCCGCGTAGGCATGATAGAAATGGATCTGGCCAGCGGCCGCACGCTGACCGCCTGGCGCGCCGATGAACGCTTTCCCATGATGAGCACCTTTAAAGTAGTGCTCTGCGGCGCAGTGCTGGCGCGGGTGGATGCCGGTGACGAACAGCTGGAGCGAAAGATCCACTATCGCCAGCAGGATCTGGTGGACTACTCGCCGGTCAGCGAAAAACACCTTGCCGACGGCATGACGGTCGGCGAACTCTGCGCCGCCGCCATTACCATGAGCGATAACAGCGCCGCCAATCTGCTGCTGGCCACCGTCGGCGGCCCCGCAGGATTGACTGCCTTTTTGCGCCAGATCGGCGACAACGTCACCCGCCTTGACCGCTGGGAAACGGAACTGAATGAGGCGCTTCCCGGCGACGCCCGCGACACCACTACCCCGGCCAGCATGGCCGCGACCCTGCGCAAGCTGCTGACCAGCCAGCGTCTGAGCGCCCGTTCGCAACGGCAGCTGCTGCAGTGGATGGTGGACGATCGGGTCGCCGGACCGTTGATCCGCTCCGTGCTGCCGGCGGGCTGGTTTATCGCCGATAAGACCGGAGCTAGCAAGCGGGGTGCGCGCGGGATTGTCGCCCTGCTTGGCCCGAATAACAAAGCAGAGCGCATCGTGGTGATTTATCTGCGGGATACGCCGGCGAGCATGGCCGAGCGAAATCAGCAAATCGCCGGGATCGGCGCGGCGCTGATCGAGCACTGGCAACGCTAA	ATGCGTTATATTCGCCTGTGTATTATCTCCCTGTTAGCCACCCTGCCGCTGGCG...TAA	861	24	884	861.0	5151-	ATGCGTTATATTCGCCTGTGTATTATCTCCCTGTTAGCCACCCTGCCGCTGGCGGTACACGCCAGCCCGCAGCCGCTTGAGCAAATTAAACAAAGCGAAAGCCAGCTGTCGGGCCGCGTAGGCATGATAGAAATGGATCTGGCCAGCGGCCGCACGCTGACCGCCTGGCGCGCCGATGAACGCTTTCCCATGATGAGCACCTTTAAAGTAGTGCTCTGCGGCGCAGTGCTGGCGCGGGTGGATGCCGGTGACGAACAGCTGGAGCGAAAGATCCACTATCGCCAGCAGGATCTGGTGGACTACTCGCCGGTCAGCGAAAAACACCTTGCCGACGGCATGACGGTCGGCGAACTCTGCGCCGCCGCCATTACCATGAGCGATAACAGCGCCGCCAATCTGCTGCTGGCCACCGTCGGCGGCCCCGCAGGATTGACTGCCTTTTTGCGCCAGATCGGCGACAACGTCACCCGCCTTGACCGCTGGGAAACGGAACTGAATGAGGCGCTTCCCGGCGACGCCCGCGACACCACTACCCCGGCCAGCATGGCCGCGACCCTGCGCAAGCTGCTGACCAGCCAGCGTCTGAGCGCCCGTTCGCAACGGCAGCTGCTGCAGTGGATGGTGGACGATCGGGTCGCCGGACCGTTGATCCGCTCCGTGCTGCCGGCGGGCTGGTTTATCGCCGATAAGACCGGAGCTAGCAAGCGGGGTGCGCGCGGGATTGTCGCCCTGCTTGGCCCGAATAACAAAGCAGAGCGCATCGTGGTGATTTATCTGCGGGATACGCCGGCGAGCATGGCCGAGCGAAATCAGCAAATCGCCGGGATCGGCGCGGCGCTGATCGAGCACTGGCAACGCTAA	ATGCGTTATATTCGCCTGTGTATTATCTCCCTGTTAGCCACCCTGCCGCTGGCG...TAA	861	5151	24	884	True	True	True
245	gb|HE981194|+|0-861|ARO:3001347|SHV-164	ATGCGTTATATTCGCCTGTGTATTATCTCCCTGTTAGCCACCCTGCCGCTGGCG...TAA	861	(24) 5151- (884)	24	884	ATGCGTTATATTCGCCTGTGTATTATCTCCCTGTTAGCCACCCTGCCGCTGGCGGTACACGCCAGCCCGCAGCCGCTTGAGCAAATTAAACAAAGCGAAAGCCAGCTGTCGGGCCGCGTAGGCATGATAGAAATGGATCTGGCCAGCGGCCGCACGCTGACCGCCTGGCGCGCCGATGAACGCTTTCCCATGATGAGCACCTTTAAAGTAGTGCTCTGCGGCGCAGTGCTGGCGCGGGTGGATGCCGGTGACGAACAGCTGGAGCGAAAGATCCACTATCGCCAGCAGGATCTGGTGGACTACTCGCCGGTCAGCGAAAAACACCTTGCCGACGGCATGACGGTCGGCGAACTCTGCGCCGCCGCCATTACCATGAGCGATAACAGCGCCGCCAATCTGCTGCTGGCCACCGTCGGCGGCCCCGCAGGATTGACTGCCTTTTTGCGCCAGATCGGCGACAACGTCACCCGCCTTGACCGCTGGGAAACGGAACTGAATGAGGCGCTTCCCGGCGACGCCCGCGACACCACTACCCCGGCCAGCATGGCCGCGACCCTGCGCAAGCTGCTGACCAGCCAGCGTCTGAGCGCCCGTTCGCAACGGCAGCTGCTGCAGTGGATGGTGGACGATCGGGTCGCCGGACCGTTGATCCGCTCCGTGCTGCCGGCGGGCTGGTTTATCGCCGATAAGACCGGAGCTAGCAAGCGGGGTGCGCGCGGGATTGTCGCCCTGCTTGGCCCGAATAACAAAGCAGAGCGCATCGTGGTGATTTATCTGCGGGATACGCCGGCGAGCATGGCCGAGCGAAATCAGCAAATCGCCGGGATCGGCGCGGCGCTGATCGAGCACTGGCAACGCTAA	ATGCGTTATATTCGCCTGTGTATTATCTCCCTGTTAGCCACCCTGCCGCTGGCG...TAA	861	24	884	861.0	5151-	ATGCGTTATATTCGCCTGTGTATTATCTCCCTGTTAGCCACCCTGCCGCTGGCGGTACACGCCAGCCCGCAGCCGCTTGAGCAAATTAAACAAAGCGAAAGCCAGCTGTCGGGCCGCGTAGGCATGATAGAAATGGATCTGGCCAGCGGCCGCACGCTGACCGCCTGGCGCGCCGATGAACGCTTTCCCATGATGAGCACCTTTAAAGTAGTGCTCTGCGGCGCAGTGCTGGCGCGGGTGGATGCCGGTGACGAACAGCTGGAGCGAAAGATCCACTATCGCCAGCAGGATCTGGTGGACTACTCGCCGGTCAGCGAAAAACACCTTGCCGACGGCATGACGGTCGGCGAACTCTGCGCCGCCGCCATTACCATGAGCGATAACAGCGCCGCCAATCTGCTGCTGGCCACCGTCGGCGGCCCCGCAGGATTGACTGCCTTTTTGCGCCAGATCGGCGACAACGTCACCCGCCTTGACCGCTGGGAAACGGAACTGAATGAGGCGCTTCCCGGCGACGCCCGCGACACCACTACCCCGGCCAGCATGGCCGCGACCCTGCGCAAGCTGCTGACCAGCCAGCGTCTGAGCGCCCGTTCGCAACGGCAGCTGCTGCAGTGGATGGTGGACGATCGGGTCGCCGGACCGTTGATCCGCTCCGTGCTGCCGGCGGGCTGGTTTATCGCCGATAAGACCGGAGCTAGCAAGCGGGGTGCGCGCGGGATTGTCGCCCTGCTTGGCCCGAATAACAAAGCAGAGCGCATCGTGGTGATTTATCTGCGGGATACGCCGGCGAGCATGGCCGAGCGAAATCAGCAAATCGCCGGGATCGGCGCGGCGCTGATCGAGCACTGGCAACGCTAA	ATGCGTTATATTCGCCTGTGTATTATCTCCCTGTTAGCCACCCTGCCGCTGGCG...TAA	861	5151	24	884	True	True	True
246	gb|HG934763|+|0-861|ARO:3001394|TEM-217	ATGAGTATTCAACATTTTCGTGTCGCCCTTATTCCCTTTTTTGCGGCATTTTGC...TAA	861	(37) 5967+ (897)	37	897	ATGAGTATTCAACATTTCCGTGTCGCCCTTATTCCCTTTTTTGCGGCATTTTGCCTTCCTGTTTTTGCTCACCCAGAAACGCTGGTGAAAGTAAAAGATGCTGAAGATCAGTTGGGTGCACGAGTGGGTTACATCGAACTGGATCTCAACAGCGGTAAGATCCTTGAGAGTTTTCGCCCCGAAGAACGTTTTCCAATGATGAGCACTTTTAAAGTTCTGCTATGTGGTGCGGTATTATCCCGTGTTGACGCCGGGCAAGAGCAACTCGGTCGCCGCATACACTATTCTCAGAATGACTTGGTTGAGTACTCACCAGTCACAGAAAAGCATCTTACGGATGGCATGACAGTAAGAGAATTATGCAGTGCTGCCATAACCATGAGTGATAACACTGCTGCCAACTTACTTCTGACAACGATCGGAGGACCGAAGGAGCTAACCGCTTTTTTGCACAACATGGGGGATCATGTAACTCGCCTTGATCGTTGGGAACCGGAGCTGAATGAAGCCATACCAAACGACGAGCGTGACACCACGATGCCTGCAGCAATGGCAACAACGTTGCGCAAACTATTAACTGGCGAACTACTTACTCTAGCTTCCCGGCAACAATTAATAGACTGGATGGAGGCGGATAAAGTTGCAGGACCACTTCTGCGCTCGGCCCTTCCGGCTGGCTGGTTTATTGCTGATAAATCTGGAGCCGGTGAGCGTGGGTCTCGCGGTATCATTGCAGCACTGGGGCCAGATGGTAAGCCCTCCCGTATCGTAGTTATCTACACGACGGGGAGTCAGGCAACTATGGATGAACGAAATAGACAGATCGCTGAGATAGGTGCCTCACTGATTAAGCATTGGTAA	ATGAGTATTCAACATTTTCGTGTCGCCCTTATTCCCTTTTTTGCGGCATTTTGC...TAA	861	37	897	861.0	5967+	ATGAGTATTCAACATTTCCGTGTCGCCCTTATTCCCTTTTTTGCGGCATTTTGCCTTCCTGTTTTTGCTCACCCAGAAACGCTGGTGAAAGTAAAAGATGCTGAAGATCAGTTGGGTGCACGAGTGGGTTACATCGAACTGGATCTCAACAGCGGTAAGATCCTTGAGAGTTTTCGCCCCGAAGAACGTTTTCCAATGATGAGCACTTTTAAAGTTCTGCTATGTGGTGCGGTATTATCCCGTGTTGACGCCGGGCAAGAGCAACTCGGTCGCCGCATACACTATTCTCAGAATGACTTGGTTGAGTACTCACCAGTCACAGAAAAGCATCTTACGGATGGCATGACAGTAAGAGAATTATGCAGTGCTGCCATAACCATGAGTGATAACACTGCTGCCAACTTACTTCTGACAACGATCGGAGGACCGAAGGAGCTAACCGCTTTTTTGCACAACATGGGGGATCATGTAACTCGCCTTGATCGTTGGGAACCGGAGCTGAATGAAGCCATACCAAACGACGAGCGTGACACCACGATGCCTGCAGCAATGGCAACAACGTTGCGCAAACTATTAACTGGCGAACTACTTACTCTAGCTTCCCGGCAACAATTAATAGACTGGATGGAGGCGGATAAAGTTGCAGGACCACTTCTGCGCTCGGCCCTTCCGGCTGGCTGGTTTATTGCTGATAAATCTGGAGCCGGTGAGCGTGGGTCTCGCGGTATCATTGCAGCACTGGGGCCAGATGGTAAGCCCTCCCGTATCGTAGTTATCTACACGACGGGGAGTCAGGCAACTATGGATGAACGAAATAGACAGATCGCTGAGATAGGTGCCTCACTGATTAAGCATTGGTAA	ATGAGTATTCAACATTTTCGTGTCGCCCTTATTCCCTTTTTTGCGGCATTTTGC...TAA	861	5967	37	897	True	True	True
247	gb|HG934764|+|0-864|ARO:3001351|SHV-183	ATGCGTTATATTCGCCTGTGTATTATCTCCCTGTTAGCCACCCTGCCGCTGGCG...TAA	864	(24) 5151- (884)	24	884	ATGCGTTATATTCGCCTGTGTATTATCTCCCTGTTAGCCACCCTGCCGCTGGCGGTACACGCCAGCCCGCAGCCGCTTGAGCAAATTAAACAAAGCGAAAGCCAGCTGTCGGGCCGCGTAGGCATGATAGAAATGGATCTGGCCAGCGGCCGCACGCTGACCGCCTGGCGCGCCGATGAACGCTTTCCCATGATGAGCACCTTTAAAGTAGTGCTCTGCGGCGCAGTGCTGGCGCGGGTGGATGCCGGTGACGAACAGCTGGAGCGAAAGATCCACTATCGCCAGCAGGATCTGGTGGACTACTCGCCGGTCAGCGAAAAACACCTTGCCGACGGCATGACGGTCGGCGAACTCTGCGCCGCCGCCATTACCATGAGCGATAACAGCGCCGCCAATCTGCTGCTGGCCACCGTCGGCGGCCCCGCAGGATTGACTGCCTTTTTGCGCCAGATCGGCGACAACGTCACCCGCCTTGACCGCTGGGAAACGGAACTGAATGAGGCGCTTCCCGGCGACGCCCGCGACACCACTACCCCGGCCAGCATGGCCGCGACCCTGCGCAAGCTGCTGACCAGCCAGCGTCTGAGCGCCCGTTCGCAACGGCAGCTGCTGCAGTGGATGGTGGACGATCGGGTCGCCGGACCGTTGATCCGCTCCGTGCTGCCGGCGGGCTGGTTTATCGCCGATAAGACCGGAGCTAGCAAGCGGGGTGCGCGCGGGATTGTCGCCCTGCTTGGCCCGAATAACAAAGCAGAGCGCATCGTGGTGATTTATCTGCGGGATACGCCGGCGAGCATGGCCGAGCGAAATCAGCAAATCGCCGGGATCGGCGCGGCGCTGATCGAGCACTGGCAACGCTAA	ATGCGTTATATTCGCCTGTGTATTATCTCCCTGTTAGCCACCCTGCCGCTGGCG...TAA	864	24	884	864.0	5151-	ATGCGTTATATTCGCCTGTGTATTATCTCCCTGTTAGCCACCCTGCCGCTGGCGGTACACGCCAGCCCGCAGCCGCTTGAGCAAATTAAACAAAGCGAAAGCCAGCTGTCGGGCCGCGTAGGCATGATAGAAATGGATCTGGCCAGCGGCCGCACGCTGACCGCCTGGCGCGCCGATGAACGCTTTCCCATGATGAGCACCTTTAAAGTAGTGCTCTGCGGCGCAGTGCTGGCGCGGGTGGATGCCGGTGACGAACAGCTGGAGCGAAAGATCCACTATCGCCAGCAGGATCTGGTGGACTACTCGCCGGTCAGCGAAAAACACCTTGCCGACGGCATGACGGTCGGCGAACTCTGCGCCGCCGCCATTACCATGAGCGATAACAGCGCCGCCAATCTGCTGCTGGCCACCGTCGGCGGCCCCGCAGGATTGACTGCCTTTTTGCGCCAGATCGGCGACAACGTCACCCGCCTTGACCGCTGGGAAACGGAACTGAATGAGGCGCTTCCCGGCGACGCCCGCGACACCACTACCCCGGCCAGCATGGCCGCGACCCTGCGCAAGCTGCTGACCAGCCAGCGTCTGAGCGCCCGTTCGCAACGGCAGCTGCTGCAGTGGATGGTGGACGATCGGGTCGCCGGACCGTTGATCCGCTCCGTGCTGCCGGCGGGCTGGTTTATCGCCGATAAGACCGGAGCTAGCAAGCGGGGTGCGCGCGGGATTGTCGCCCTGCTTGGCCCGAATAACAAAGCAGAGCGCATCGTGGTGATTTATCTGCGGGATACGCCGGCGAGCATGGCCGAGCGAAATCAGCAAATCGCCGGGATCGGCGCGGCGCTGATCGAGCACTGGCAACGCTAA	ATGCGTTATATTCGCCTGTGTATTATCTCCCTGTTAGCCACCCTGCCGCTGGCG...TAA	864	5151	24	884	True	True	True
248	gb|HM246246|+|211-1069|ARO:3001047|TEM-187	ATGAGTATTCAACATTTCCGTGTCGCCCTTATTCCCTTTTTTGCGGCATTTTGC...TGA	858	(37) 5967+ (893)	37	893	ATGAGTATTCAACATTTCCGTGTCGCCCTTATTCCCTTTTTTGCGGCATTTTGCCTTCCTGTTTTTGCTCACCCAGAAACGCTGGTGAAAGTAAAAGATGCTGAAGATCAGTTGGGTGCACGAGTGGGTTACATCGAACTGGATCTCAACAGCGGTAAGATCCTTGAGAGTTTTCGCCCCGAAGAACGTTTTCCAATGATGAGCACTTTTAAAGTTCTGCTATGTGGTGCGGTATTATCCCGTGTTGACGCCGGGCAAGAGCAACTCGGTCGCCGCATACACTATTCTCAGAATGACTTGGTTGAGTACTCACCAGTCACAGAAAAGCATCTTACGGATGGCATGACAGTAAGAGAATTATGCAGTGCTGCCATAACCATGAGTGATAACACTGCTGCCAACTTACTTCTGACAACGATCGGAGGACCGAAGGAGCTAACCGCTTTTTTGCACAACATGGGGGATCATGTAACTCGCCTTGATCGTTGGGAACCGGAGCTGAATGAAGCCATACCAAACGACGAGCGTGACACCACGATGCCTGCAGCAATGGCAACAACGTTGCGCAAACTATTAACTGGCGAACTACTTACTCTAGCTTCCCGGCAACAATTAATAGACTGGATGGAGGCGGATAAAGTTGCAGGACCACTTCTGCGCTCGGCCCTTCCGGCTGGCTGGTTTATTGCTGATAAATCTGGAGCCGGTGAGCGTGGGTCTCGCGGTATCATTGCAGCACTGGGGCCAGATGGTAAGCCCTCCCGTATCGTAGTTATCTACACGACGGGGAGTCAGGCAACTATGGATGAACGAAATAGACAGATCGCTGAGATAGGTGCCTCACTGATTAAGCATTG	ATGAGTATTCAACATTTCCGTGTCGCCCTTATTCCCTTTTTTGCGGCATTTTGC...TGA	858	1000	999	999.0	999	999	ATGAGTATTCAACATTTCCGTGTCGCCCTTATTCCCTTTTTTGCGGCATTTTGC...TGA	858	5967	37	893	False	True	False
249	gb|HM559945|+|0-861|ARO:3001178|SHV-134	ATGCGTTATATTCGCCTGTGTATTATCTCCCTGTTAGCCACCCTGCCGCTGGCG...TAA	861	(24) 5151- (884)	24	884	ATGCGTTATATTCGCCTGTGTATTATCTCCCTGTTAGCCACCCTGCCGCTGGCGGTACACGCCAGCCCGCAGCCGCTTGAGCAAATTAAACAAAGCGAAAGCCAGCTGTCGGGCCGCGTAGGCATGATAGAAATGGATCTGGCCAGCGGCCGCACGCTGACCGCCTGGCGCGCCGATGAACGCTTTCCCATGATGAGCACCTTTAAAGTAGTGCTCTGCGGCGCAGTGCTGGCGCGGGTGGATGCCGGTGACGAACAGCTGGAGCGAAAGATCCACTATCGCCAGCAGGATCTGGTGGACTACTCGCCGGTCAGCGAAAAACACCTTGCCGACGGCATGACGGTCGGCGAACTCTGCGCCGCCGCCATTACCATGAGCGATAACAGCGCCGCCAATCTGCTGCTGGCCACCGTCGGCGGCCCCGCAGGATTGACTGCCTTTTTGCGCCAGATCGGCGACAACGTCACCCGCCTTGACCGCTGGGAAACGGAACTGAATGAGGCGCTTCCCGGCGACGCCCGCGACACCACTACCCCGGCCAGCATGGCCGCGACCCTGCGCAAGCTGCTGACCAGCCAGCGTCTGAGCGCCCGTTCGCAACGGCAGCTGCTGCAGTGGATGGTGGACGATCGGGTCGCCGGACCGTTGATCCGCTCCGTGCTGCCGGCGGGCTGGTTTATCGCCGATAAGACCGGAGCTAGCAAGCGGGGTGCGCGCGGGATTGTCGCCCTGCTTGGCCCGAATAACAAAGCAGAGCGCATCGTGGTGATTTATCTGCGGGATACGCCGGCGAGCATGGCCGAGCGAAATCAGCAAATCGCCGGGATCGGCGCGGCGCTGATCGAGCACTGGCAACGCTAA	ATGCGTTATATTCGCCTGTGTATTATCTCCCTGTTAGCCACCCTGCCGCTGGCG...TAA	861	24	884	861.0	5151-	ATGCGTTATATTCGCCTGTGTATTATCTCCCTGTTAGCCACCCTGCCGCTGGCGGTACACGCCAGCCCGCAGCCGCTTGAGCAAATTAAACAAAGCGAAAGCCAGCTGTCGGGCCGCGTAGGCATGATAGAAATGGATCTGGCCAGCGGCCGCACGCTGACCGCCTGGCGCGCCGATGAACGCTTTCCCATGATGAGCACCTTTAAAGTAGTGCTCTGCGGCGCAGTGCTGGCGCGGGTGGATGCCGGTGACGAACAGCTGGAGCGAAAGATCCACTATCGCCAGCAGGATCTGGTGGACTACTCGCCGGTCAGCGAAAAACACCTTGCCGACGGCATGACGGTCGGCGAACTCTGCGCCGCCGCCATTACCATGAGCGATAACAGCGCCGCCAATCTGCTGCTGGCCACCGTCGGCGGCCCCGCAGGATTGACTGCCTTTTTGCGCCAGATCGGCGACAACGTCACCCGCCTTGACCGCTGGGAAACGGAACTGAATGAGGCGCTTCCCGGCGACGCCCGCGACACCACTACCCCGGCCAGCATGGCCGCGACCCTGCGCAAGCTGCTGACCAGCCAGCGTCTGAGCGCCCGTTCGCAACGGCAGCTGCTGCAGTGGATGGTGGACGATCGGGTCGCCGGACCGTTGATCCGCTCCGTGCTGCCGGCGGGCTGGTTTATCGCCGATAAGACCGGAGCTAGCAAGCGGGGTGCGCGCGGGATTGTCGCCCTGCTTGGCCCGAATAACAAAGCAGAGCGCATCGTGGTGATTTATCTGCGGGATACGCCGGCGAGCATGGCCGAGCGAAATCAGCAAATCGCCGGGATCGGCGCGGCGCTGATCGAGCACTGGCAACGCTAA	ATGCGTTATATTCGCCTGTGTATTATCTCCCTGTTAGCCACCCTGCCGCTGGCG...TAA	861	5151	24	884	True	True	True
250	gb|HM751100|+|0-861|ARO:3001157|SHV-108	ATGCGTTATATTCGCCTGTGTATTATCTCCCTGTTAGCCACCCTGCCGCTGGCG...TAA	861	(24) 5151- (884)	24	884	ATGCGTTATATTCGCCTGTGTATTATCTCCCTGTTAGCCACCCTGCCGCTGGCGGTACACGCCAGCCCGCAGCCGCTTGAGCAAATTAAACAAAGCGAAAGCCAGCTGTCGGGCCGCGTAGGCATGATAGAAATGGATCTGGCCAGCGGCCGCACGCTGACCGCCTGGCGCGCCGATGAACGCTTTCCCATGATGAGCACCTTTAAAGTAGTGCTCTGCGGCGCAGTGCTGGCGCGGGTGGATGCCGGTGACGAACAGCTGGAGCGAAAGATCCACTATCGCCAGCAGGATCTGGTGGACTACTCGCCGGTCAGCGAAAAACACCTTGCCGACGGCATGACGGTCGGCGAACTCTGCGCCGCCGCCATTACCATGAGCGATAACAGCGCCGCCAATCTGCTGCTGGCCACCGTCGGCGGCCCCGCAGGATTGACTGCCTTTTTGCGCCAGATCGGCGACAACGTCACCCGCCTTGACCGCTGGGAAACGGAACTGAATGAGGCGCTTCCCGGCGACGCCCGCGACACCACTACCCCGGCCAGCATGGCCGCGACCCTGCGCAAGCTGCTGACCAGCCAGCGTCTGAGCGCCCGTTCGCAACGGCAGCTGCTGCAGTGGATGGTGGACGATCGGGTCGCCGGACCGTTGATCCGCTCCGTGCTGCCGGCGGGCTGGTTTATCGCCGATAAGACCGGAGCTAGCAAGCGGGGTGCGCGCGGGATTGTCGCCCTGCTTGGCCCGAATAACAAAGCAGAGCGCATCGTGGTGATTTATCTGCGGGATACGCCGGCGAGCATGGCCGAGCGAAATCAGCAAATCGCCGGGATCGGCGCGGCGCTGATCGAGCACTGGCAACGCTAA	ATGCGTTATATTCGCCTGTGTATTATCTCCCTGTTAGCCACCCTGCCGCTGGCG...TAA	861	24	884	861.0	5151-	ATGCGTTATATTCGCCTGTGTATTATCTCCCTGTTAGCCACCCTGCCGCTGGCGGTACACGCCAGCCCGCAGCCGCTTGAGCAAATTAAACAAAGCGAAAGCCAGCTGTCGGGCCGCGTAGGCATGATAGAAATGGATCTGGCCAGCGGCCGCACGCTGACCGCCTGGCGCGCCGATGAACGCTTTCCCATGATGAGCACCTTTAAAGTAGTGCTCTGCGGCGCAGTGCTGGCGCGGGTGGATGCCGGTGACGAACAGCTGGAGCGAAAGATCCACTATCGCCAGCAGGATCTGGTGGACTACTCGCCGGTCAGCGAAAAACACCTTGCCGACGGCATGACGGTCGGCGAACTCTGCGCCGCCGCCATTACCATGAGCGATAACAGCGCCGCCAATCTGCTGCTGGCCACCGTCGGCGGCCCCGCAGGATTGACTGCCTTTTTGCGCCAGATCGGCGACAACGTCACCCGCCTTGACCGCTGGGAAACGGAACTGAATGAGGCGCTTCCCGGCGACGCCCGCGACACCACTACCCCGGCCAGCATGGCCGCGACCCTGCGCAAGCTGCTGACCAGCCAGCGTCTGAGCGCCCGTTCGCAACGGCAGCTGCTGCAGTGGATGGTGGACGATCGGGTCGCCGGACCGTTGATCCGCTCCGTGCTGCCGGCGGGCTGGTTTATCGCCGATAAGACCGGAGCTAGCAAGCGGGGTGCGCGCGGGATTGTCGCCCTGCTTGGCCCGAATAACAAAGCAGAGCGCATCGTGGTGATTTATCTGCGGGATACGCCGGCGAGCATGGCCGAGCGAAATCAGCAAATCGCCGGGATCGGCGCGGCGCTGATCGAGCACTGGCAACGCTAA	ATGCGTTATATTCGCCTGTGTATTATCTCCCTGTTAGCCACCCTGCCGCTGGCG...TAA	861	5151	24	884	True	True	True
251	gb|HM751103.1|+|0-864|ARO:3001169|SHV-122	ATGCGTTATATTCGCCTGTGTATTATCTCCCTGTTAGCCACCCTGCCGCTGGCG...TAA	864	(24) 5151- (884)	24	884	ATGCGTTATATTCGCCTGTGTATTATCTCCCTGTTAGCCACCCTGCCGCTGGCGGTACACGCCAGCCCGCAGCCGCTTGAGCAAATTAAACAAAGCGAAAGCCAGCTGTCGGGCCGCGTAGGCATGATAGAAATGGATCTGGCCAGCGGCCGCACGCTGACCGCCTGGCGCGCCGATGAACGCTTTCCCATGATGAGCACCTTTAAAGTAGTGCTCTGCGGCGCAGTGCTGGCGCGGGTGGATGCCGGTGACGAACAGCTGGAGCGAAAGATCCACTATCGCCAGCAGGATCTGGTGGACTACTCGCCGGTCAGCGAAAAACACCTTGCCGACGGCATGACGGTCGGCGAACTCTGCGCCGCCGCCATTACCATGAGCGATAACAGCGCCGCCAATCTGCTGCTGGCCACCGTCGGCGGCCCCGCAGGATTGACTGCCTTTTTGCGCCAGATCGGCGACAACGTCACCCGCCTTGACCGCTGGGAAACGGAACTGAATGAGGCGCTTCCCGGCGACGCCCGCGACACCACTACCCCGGCCAGCATGGCCGCGACCCTGCGCAAGCTGCTGACCAGCCAGCGTCTGAGCGCCCGTTCGCAACGGCAGCTGCTGCAGTGGATGGTGGACGATCGGGTCGCCGGACCGTTGATCCGCTCCGTGCTGCCGGCGGGCTGGTTTATCGCCGATAAGACCGGAGCTAGCAAGCGGGGTGCGCGCGGGATTGTCGCCCTGCTTGGCCCGAATAACAAAGCAGAGCGCATCGTGGTGATTTATCTGCGGGATACGCCGGCGAGCATGGCCGAGCGAAATCAGCAAATCGCCGGGATCGGCGCGGCGCTGATCGAGCACTGGCAACGCTAA	ATGCGTTATATTCGCCTGTGTATTATCTCCCTGTTAGCCACCCTGCCGCTGGCG...TAA	864	24	884	864.0	5151-	ATGCGTTATATTCGCCTGTGTATTATCTCCCTGTTAGCCACCCTGCCGCTGGCGGTACACGCCAGCCCGCAGCCGCTTGAGCAAATTAAACAAAGCGAAAGCCAGCTGTCGGGCCGCGTAGGCATGATAGAAATGGATCTGGCCAGCGGCCGCACGCTGACCGCCTGGCGCGCCGATGAACGCTTTCCCATGATGAGCACCTTTAAAGTAGTGCTCTGCGGCGCAGTGCTGGCGCGGGTGGATGCCGGTGACGAACAGCTGGAGCGAAAGATCCACTATCGCCAGCAGGATCTGGTGGACTACTCGCCGGTCAGCGAAAAACACCTTGCCGACGGCATGACGGTCGGCGAACTCTGCGCCGCCGCCATTACCATGAGCGATAACAGCGCCGCCAATCTGCTGCTGGCCACCGTCGGCGGCCCCGCAGGATTGACTGCCTTTTTGCGCCAGATCGGCGACAACGTCACCCGCCTTGACCGCTGGGAAACGGAACTGAATGAGGCGCTTCCCGGCGACGCCCGCGACACCACTACCCCGGCCAGCATGGCCGCGACCCTGCGCAAGCTGCTGACCAGCCAGCGTCTGAGCGCCCGTTCGCAACGGCAGCTGCTGCAGTGGATGGTGGACGATCGGGTCGCCGGACCGTTGATCCGCTCCGTGCTGCCGGCGGGCTGGTTTATCGCCGATAAGACCGGAGCTAGCAAGCGGGGTGCGCGCGGGATTGTCGCCCTGCTTGGCCCGAATAACAAAGCAGAGCGCATCGTGGTGATTTATCTGCGGGATACGCCGGCGAGCATGGCCGAGCGAAATCAGCAAATCGCCGGGATCGGCGCGGCGCTGATCGAGCACTGGCAACGCTAA	ATGCGTTATATTCGCCTGTGTATTATCTCCCTGTTAGCCACCCTGCCGCTGGCG...TAA	864	5151	24	884	True	True	True
252	gb|HQ317449|+|0-861|ARO:3001373|TEM-182	ATGAGTATTCAACATTTTCGTGTCGCCCTTATTCCCTTTTTTGCGGCATTTTGC...TAA	861	(37) 5967+ (897)	37	897	ATGAGTATTCAACATTTCCGTGTCGCCCTTATTCCCTTTTTTGCGGCATTTTGCCTTCCTGTTTTTGCTCACCCAGAAACGCTGGTGAAAGTAAAAGATGCTGAAGATCAGTTGGGTGCACGAGTGGGTTACATCGAACTGGATCTCAACAGCGGTAAGATCCTTGAGAGTTTTCGCCCCGAAGAACGTTTTCCAATGATGAGCACTTTTAAAGTTCTGCTATGTGGTGCGGTATTATCCCGTGTTGACGCCGGGCAAGAGCAACTCGGTCGCCGCATACACTATTCTCAGAATGACTTGGTTGAGTACTCACCAGTCACAGAAAAGCATCTTACGGATGGCATGACAGTAAGAGAATTATGCAGTGCTGCCATAACCATGAGTGATAACACTGCTGCCAACTTACTTCTGACAACGATCGGAGGACCGAAGGAGCTAACCGCTTTTTTGCACAACATGGGGGATCATGTAACTCGCCTTGATCGTTGGGAACCGGAGCTGAATGAAGCCATACCAAACGACGAGCGTGACACCACGATGCCTGCAGCAATGGCAACAACGTTGCGCAAACTATTAACTGGCGAACTACTTACTCTAGCTTCCCGGCAACAATTAATAGACTGGATGGAGGCGGATAAAGTTGCAGGACCACTTCTGCGCTCGGCCCTTCCGGCTGGCTGGTTTATTGCTGATAAATCTGGAGCCGGTGAGCGTGGGTCTCGCGGTATCATTGCAGCACTGGGGCCAGATGGTAAGCCCTCCCGTATCGTAGTTATCTACACGACGGGGAGTCAGGCAACTATGGATGAACGAAATAGACAGATCGCTGAGATAGGTGCCTCACTGATTAAGCATTGGTAA	ATGAGTATTCAACATTTTCGTGTCGCCCTTATTCCCTTTTTTGCGGCATTTTGC...TAA	861	37	897	861.0	5967+	ATGAGTATTCAACATTTCCGTGTCGCCCTTATTCCCTTTTTTGCGGCATTTTGCCTTCCTGTTTTTGCTCACCCAGAAACGCTGGTGAAAGTAAAAGATGCTGAAGATCAGTTGGGTGCACGAGTGGGTTACATCGAACTGGATCTCAACAGCGGTAAGATCCTTGAGAGTTTTCGCCCCGAAGAACGTTTTCCAATGATGAGCACTTTTAAAGTTCTGCTATGTGGTGCGGTATTATCCCGTGTTGACGCCGGGCAAGAGCAACTCGGTCGCCGCATACACTATTCTCAGAATGACTTGGTTGAGTACTCACCAGTCACAGAAAAGCATCTTACGGATGGCATGACAGTAAGAGAATTATGCAGTGCTGCCATAACCATGAGTGATAACACTGCTGCCAACTTACTTCTGACAACGATCGGAGGACCGAAGGAGCTAACCGCTTTTTTGCACAACATGGGGGATCATGTAACTCGCCTTGATCGTTGGGAACCGGAGCTGAATGAAGCCATACCAAACGACGAGCGTGACACCACGATGCCTGCAGCAATGGCAACAACGTTGCGCAAACTATTAACTGGCGAACTACTTACTCTAGCTTCCCGGCAACAATTAATAGACTGGATGGAGGCGGATAAAGTTGCAGGACCACTTCTGCGCTCGGCCCTTCCGGCTGGCTGGTTTATTGCTGATAAATCTGGAGCCGGTGAGCGTGGGTCTCGCGGTATCATTGCAGCACTGGGGCCAGATGGTAAGCCCTCCCGTATCGTAGTTATCTACACGACGGGGAGTCAGGCAACTATGGATGAACGAAATAGACAGATCGCTGAGATAGGTGCCTCACTGATTAAGCATTGGTAA	ATGAGTATTCAACATTTTCGTGTCGCCCTTATTCCCTTTTTTGCGGCATTTTGC...TAA	861	5967	37	897	True	True	True
253	gb|HQ529916|+|110-971|ARO:3001045|TEM-183	ATGAGTATTCAACATTTCCGTGTCGCCCTTATTCCCTTTTTTGCGGCATTTTGC...TAA	861	(37) 5967+ (897)	37	897	ATGAGTATTCAACATTTCCGTGTCGCCCTTATTCCCTTTTTTGCGGCATTTTGCCTTCCTGTTTTTGCTCACCCAGAAACGCTGGTGAAAGTAAAAGATGCTGAAGATCAGTTGGGTGCACGAGTGGGTTACATCGAACTGGATCTCAACAGCGGTAAGATCCTTGAGAGTTTTCGCCCCGAAGAACGTTTTCCAATGATGAGCACTTTTAAAGTTCTGCTATGTGGTGCGGTATTATCCCGTGTTGACGCCGGGCAAGAGCAACTCGGTCGCCGCATACACTATTCTCAGAATGACTTGGTTGAGTACTCACCAGTCACAGAAAAGCATCTTACGGATGGCATGACAGTAAGAGAATTATGCAGTGCTGCCATAACCATGAGTGATAACACTGCTGCCAACTTACTTCTGACAACGATCGGAGGACCGAAGGAGCTAACCGCTTTTTTGCACAACATGGGGGATCATGTAACTCGCCTTGATCGTTGGGAACCGGAGCTGAATGAAGCCATACCAAACGACGAGCGTGACACCACGATGCCTGCAGCAATGGCAACAACGTTGCGCAAACTATTAACTGGCGAACTACTTACTCTAGCTTCCCGGCAACAATTAATAGACTGGATGGAGGCGGATAAAGTTGCAGGACCACTTCTGCGCTCGGCCCTTCCGGCTGGCTGGTTTATTGCTGATAAATCTGGAGCCGGTGAGCGTGGGTCTCGCGGTATCATTGCAGCACTGGGGCCAGATGGTAAGCCCTCCCGTATCGTAGTTATCTACACGACGGGGAGTCAGGCAACTATGGATGAACGAAATAGACAGATCGCTGAGATAGGTGCCTCACTGATTAAGCATTGGTAA	ATGAGTATTCAACATTTCCGTGTCGCCCTTATTCCCTTTTTTGCGGCATTTTGC...TAA	861	37	897	861.0	5967+	ATGAGTATTCAACATTTCCGTGTCGCCCTTATTCCCTTTTTTGCGGCATTTTGCCTTCCTGTTTTTGCTCACCCAGAAACGCTGGTGAAAGTAAAAGATGCTGAAGATCAGTTGGGTGCACGAGTGGGTTACATCGAACTGGATCTCAACAGCGGTAAGATCCTTGAGAGTTTTCGCCCCGAAGAACGTTTTCCAATGATGAGCACTTTTAAAGTTCTGCTATGTGGTGCGGTATTATCCCGTGTTGACGCCGGGCAAGAGCAACTCGGTCGCCGCATACACTATTCTCAGAATGACTTGGTTGAGTACTCACCAGTCACAGAAAAGCATCTTACGGATGGCATGACAGTAAGAGAATTATGCAGTGCTGCCATAACCATGAGTGATAACACTGCTGCCAACTTACTTCTGACAACGATCGGAGGACCGAAGGAGCTAACCGCTTTTTTGCACAACATGGGGGATCATGTAACTCGCCTTGATCGTTGGGAACCGGAGCTGAATGAAGCCATACCAAACGACGAGCGTGACACCACGATGCCTGCAGCAATGGCAACAACGTTGCGCAAACTATTAACTGGCGAACTACTTACTCTAGCTTCCCGGCAACAATTAATAGACTGGATGGAGGCGGATAAAGTTGCAGGACCACTTCTGCGCTCGGCCCTTCCGGCTGGCTGGTTTATTGCTGATAAATCTGGAGCCGGTGAGCGTGGGTCTCGCGGTATCATTGCAGCACTGGGGCCAGATGGTAAGCCCTCCCGTATCGTAGTTATCTACACGACGGGGAGTCAGGCAACTATGGATGAACGAAATAGACAGATCGCTGAGATAGGTGCCTCACTGATTAAGCATTGGTAA	ATGAGTATTCAACATTTCCGTGTCGCCCTTATTCCCTTTTTTGCGGCATTTTGC...TAA	861	5967	37	897	True	True	True
254	gb|HQ637576|+|0-861|ARO:3001179|SHV-135	ATGCGTTATATTCGCCTGTGTATTATCTCCCTGTTAGCCACCCTGCCGCTGGCG...TAA	861	(24) 5151- (884)	24	884	ATGCGTTATATTCGCCTGTGTATTATCTCCCTGTTAGCCACCCTGCCGCTGGCGGTACACGCCAGCCCGCAGCCGCTTGAGCAAATTAAACAAAGCGAAAGCCAGCTGTCGGGCCGCGTAGGCATGATAGAAATGGATCTGGCCAGCGGCCGCACGCTGACCGCCTGGCGCGCCGATGAACGCTTTCCCATGATGAGCACCTTTAAAGTAGTGCTCTGCGGCGCAGTGCTGGCGCGGGTGGATGCCGGTGACGAACAGCTGGAGCGAAAGATCCACTATCGCCAGCAGGATCTGGTGGACTACTCGCCGGTCAGCGAAAAACACCTTGCCGACGGCATGACGGTCGGCGAACTCTGCGCCGCCGCCATTACCATGAGCGATAACAGCGCCGCCAATCTGCTGCTGGCCACCGTCGGCGGCCCCGCAGGATTGACTGCCTTTTTGCGCCAGATCGGCGACAACGTCACCCGCCTTGACCGCTGGGAAACGGAACTGAATGAGGCGCTTCCCGGCGACGCCCGCGACACCACTACCCCGGCCAGCATGGCCGCGACCCTGCGCAAGCTGCTGACCAGCCAGCGTCTGAGCGCCCGTTCGCAACGGCAGCTGCTGCAGTGGATGGTGGACGATCGGGTCGCCGGACCGTTGATCCGCTCCGTGCTGCCGGCGGGCTGGTTTATCGCCGATAAGACCGGAGCTAGCAAGCGGGGTGCGCGCGGGATTGTCGCCCTGCTTGGCCCGAATAACAAAGCAGAGCGCATCGTGGTGATTTATCTGCGGGATACGCCGGCGAGCATGGCCGAGCGAAATCAGCAAATCGCCGGGATCGGCGCGGCGCTGATCGAGCACTGGCAACGCTAA	ATGCGTTATATTCGCCTGTGTATTATCTCCCTGTTAGCCACCCTGCCGCTGGCG...TAA	861	1000	999	999.0	999	999	ATGCGTTATATTCGCCTGTGTATTATCTCCCTGTTAGCCACCCTGCCGCTGGCG...TAA	861	5151	24	884	False	True	False
255	gb|HQ661362|+|71-932|ARO:3001168|SHV-121	ATGCGTTATATTCGCCTGTGTATTATCTCCCTGTTAGCCGCCCTGCCGCTGGTG...TAA	861	(24) 5151- (884)	24	884	ATGCGTTATATTCGCCTGTGTATTATCTCCCTGTTAGCCACCCTGCCGCTGGCGGTACACGCCAGCCCGCAGCCGCTTGAGCAAATTAAACAAAGCGAAAGCCAGCTGTCGGGCCGCGTAGGCATGATAGAAATGGATCTGGCCAGCGGCCGCACGCTGACCGCCTGGCGCGCCGATGAACGCTTTCCCATGATGAGCACCTTTAAAGTAGTGCTCTGCGGCGCAGTGCTGGCGCGGGTGGATGCCGGTGACGAACAGCTGGAGCGAAAGATCCACTATCGCCAGCAGGATCTGGTGGACTACTCGCCGGTCAGCGAAAAACACCTTGCCGACGGCATGACGGTCGGCGAACTCTGCGCCGCCGCCATTACCATGAGCGATAACAGCGCCGCCAATCTGCTGCTGGCCACCGTCGGCGGCCCCGCAGGATTGACTGCCTTTTTGCGCCAGATCGGCGACAACGTCACCCGCCTTGACCGCTGGGAAACGGAACTGAATGAGGCGCTTCCCGGCGACGCCCGCGACACCACTACCCCGGCCAGCATGGCCGCGACCCTGCGCAAGCTGCTGACCAGCCAGCGTCTGAGCGCCCGTTCGCAACGGCAGCTGCTGCAGTGGATGGTGGACGATCGGGTCGCCGGACCGTTGATCCGCTCCGTGCTGCCGGCGGGCTGGTTTATCGCCGATAAGACCGGAGCTAGCAAGCGGGGTGCGCGCGGGATTGTCGCCCTGCTTGGCCCGAATAACAAAGCAGAGCGCATCGTGGTGATTTATCTGCGGGATACGCCGGCGAGCATGGCCGAGCGAAATCAGCAAATCGCCGGGATCGGCGCGGCGCTGATCGAGCACTGGCAACGCTAA	ATGCGTTATATTCGCCTGTGTATTATCTCCCTGTTAGCCGCCCTGCCGCTGGTG...TAA	861	24	884	861.0	5151-	ATGCGTTATATTCGCCTGTGTATTATCTCCCTGTTAGCCACCCTGCCGCTGGCGGTACACGCCAGCCCGCAGCCGCTTGAGCAAATTAAACAAAGCGAAAGCCAGCTGTCGGGCCGCGTAGGCATGATAGAAATGGATCTGGCCAGCGGCCGCACGCTGACCGCCTGGCGCGCCGATGAACGCTTTCCCATGATGAGCACCTTTAAAGTAGTGCTCTGCGGCGCAGTGCTGGCGCGGGTGGATGCCGGTGACGAACAGCTGGAGCGAAAGATCCACTATCGCCAGCAGGATCTGGTGGACTACTCGCCGGTCAGCGAAAAACACCTTGCCGACGGCATGACGGTCGGCGAACTCTGCGCCGCCGCCATTACCATGAGCGATAACAGCGCCGCCAATCTGCTGCTGGCCACCGTCGGCGGCCCCGCAGGATTGACTGCCTTTTTGCGCCAGATCGGCGACAACGTCACCCGCCTTGACCGCTGGGAAACGGAACTGAATGAGGCGCTTCCCGGCGACGCCCGCGACACCACTACCCCGGCCAGCATGGCCGCGACCCTGCGCAAGCTGCTGACCAGCCAGCGTCTGAGCGCCCGTTCGCAACGGCAGCTGCTGCAGTGGATGGTGGACGATCGGGTCGCCGGACCGTTGATCCGCTCCGTGCTGCCGGCGGGCTGGTTTATCGCCGATAAGACCGGAGCTAGCAAGCGGGGTGCGCGCGGGATTGTCGCCCTGCTTGGCCCGAATAACAAAGCAGAGCGCATCGTGGTGATTTATCTGCGGGATACGCCGGCGAGCATGGCCGAGCGAAATCAGCAAATCGCCGGGATCGGCGCGGCGCTGATCGAGCACTGGCAACGCTAA	ATGCGTTATATTCGCCTGTGTATTATCTCCCTGTTAGCCGCCCTGCCGCTGGTG...TAA	861	5151	24	884	True	True	True
256	gb|HQ661363|+|71-932|ARO:3001181|SHV-137	ATGCGTTATATTCGCCTGTGTATTATCTCCCTGTTAGCCACCCTGCCGCTGGCG...TAA	861	(24) 5151- (884)	24	884	ATGCGTTATATTCGCCTGTGTATTATCTCCCTGTTAGCCACCCTGCCGCTGGCGGTACACGCCAGCCCGCAGCCGCTTGAGCAAATTAAACAAAGCGAAAGCCAGCTGTCGGGCCGCGTAGGCATGATAGAAATGGATCTGGCCAGCGGCCGCACGCTGACCGCCTGGCGCGCCGATGAACGCTTTCCCATGATGAGCACCTTTAAAGTAGTGCTCTGCGGCGCAGTGCTGGCGCGGGTGGATGCCGGTGACGAACAGCTGGAGCGAAAGATCCACTATCGCCAGCAGGATCTGGTGGACTACTCGCCGGTCAGCGAAAAACACCTTGCCGACGGCATGACGGTCGGCGAACTCTGCGCCGCCGCCATTACCATGAGCGATAACAGCGCCGCCAATCTGCTGCTGGCCACCGTCGGCGGCCCCGCAGGATTGACTGCCTTTTTGCGCCAGATCGGCGACAACGTCACCCGCCTTGACCGCTGGGAAACGGAACTGAATGAGGCGCTTCCCGGCGACGCCCGCGACACCACTACCCCGGCCAGCATGGCCGCGACCCTGCGCAAGCTGCTGACCAGCCAGCGTCTGAGCGCCCGTTCGCAACGGCAGCTGCTGCAGTGGATGGTGGACGATCGGGTCGCCGGACCGTTGATCCGCTCCGTGCTGCCGGCGGGCTGGTTTATCGCCGATAAGACCGGAGCTAGCAAGCGGGGTGCGCGCGGGATTGTCGCCCTGCTTGGCCCGAATAACAAAGCAGAGCGCATCGTGGTGATTTATCTGCGGGATACGCCGGCGAGCATGGCCGAGCGAAATCAGCAAATCGCCGGGATCGGCGCGGCGCTGATCGAGCACTGGCAACGCTAA	ATGCGTTATATTCGCCTGTGTATTATCTCCCTGTTAGCCACCCTGCCGCTGGCG...TAA	861	1000	999	999.0	999	999	ATGCGTTATATTCGCCTGTGTATTATCTCCCTGTTAGCCACCCTGCCGCTGGCG...TAA	861	5151	24	884	False	True	False
257	gb|HQ845196|+|0-861|ARO:3001109|SHV-52	ATGCGTTATATTCGCCTGTGTATTATCTCCCTGTTAGCCGCCCTGCCGCTGGCG...TAA	861	(24) 5151- (884)	24	884	ATGCGTTATATTCGCCTGTGTATTATCTCCCTGTTAGCCACCCTGCCGCTGGCGGTACACGCCAGCCCGCAGCCGCTTGAGCAAATTAAACAAAGCGAAAGCCAGCTGTCGGGCCGCGTAGGCATGATAGAAATGGATCTGGCCAGCGGCCGCACGCTGACCGCCTGGCGCGCCGATGAACGCTTTCCCATGATGAGCACCTTTAAAGTAGTGCTCTGCGGCGCAGTGCTGGCGCGGGTGGATGCCGGTGACGAACAGCTGGAGCGAAAGATCCACTATCGCCAGCAGGATCTGGTGGACTACTCGCCGGTCAGCGAAAAACACCTTGCCGACGGCATGACGGTCGGCGAACTCTGCGCCGCCGCCATTACCATGAGCGATAACAGCGCCGCCAATCTGCTGCTGGCCACCGTCGGCGGCCCCGCAGGATTGACTGCCTTTTTGCGCCAGATCGGCGACAACGTCACCCGCCTTGACCGCTGGGAAACGGAACTGAATGAGGCGCTTCCCGGCGACGCCCGCGACACCACTACCCCGGCCAGCATGGCCGCGACCCTGCGCAAGCTGCTGACCAGCCAGCGTCTGAGCGCCCGTTCGCAACGGCAGCTGCTGCAGTGGATGGTGGACGATCGGGTCGCCGGACCGTTGATCCGCTCCGTGCTGCCGGCGGGCTGGTTTATCGCCGATAAGACCGGAGCTAGCAAGCGGGGTGCGCGCGGGATTGTCGCCCTGCTTGGCCCGAATAACAAAGCAGAGCGCATCGTGGTGATTTATCTGCGGGATACGCCGGCGAGCATGGCCGAGCGAAATCAGCAAATCGCCGGGATCGGCGCGGCGCTGATCGAGCACTGGCAACGCTAA	ATGCGTTATATTCGCCTGTGTATTATCTCCCTGTTAGCCGCCCTGCCGCTGGCG...TAA	861	24	884	861.0	5151-	ATGCGTTATATTCGCCTGTGTATTATCTCCCTGTTAGCCACCCTGCCGCTGGCGGTACACGCCAGCCCGCAGCCGCTTGAGCAAATTAAACAAAGCGAAAGCCAGCTGTCGGGCCGCGTAGGCATGATAGAAATGGATCTGGCCAGCGGCCGCACGCTGACCGCCTGGCGCGCCGATGAACGCTTTCCCATGATGAGCACCTTTAAAGTAGTGCTCTGCGGCGCAGTGCTGGCGCGGGTGGATGCCGGTGACGAACAGCTGGAGCGAAAGATCCACTATCGCCAGCAGGATCTGGTGGACTACTCGCCGGTCAGCGAAAAACACCTTGCCGACGGCATGACGGTCGGCGAACTCTGCGCCGCCGCCATTACCATGAGCGATAACAGCGCCGCCAATCTGCTGCTGGCCACCGTCGGCGGCCCCGCAGGATTGACTGCCTTTTTGCGCCAGATCGGCGACAACGTCACCCGCCTTGACCGCTGGGAAACGGAACTGAATGAGGCGCTTCCCGGCGACGCCCGCGACACCACTACCCCGGCCAGCATGGCCGCGACCCTGCGCAAGCTGCTGACCAGCCAGCGTCTGAGCGCCCGTTCGCAACGGCAGCTGCTGCAGTGGATGGTGGACGATCGGGTCGCCGGACCGTTGATCCGCTCCGTGCTGCCGGCGGGCTGGTTTATCGCCGATAAGACCGGAGCTAGCAAGCGGGGTGCGCGCGGGATTGTCGCCCTGCTTGGCCCGAATAACAAAGCAGAGCGCATCGTGGTGATTTATCTGCGGGATACGCCGGCGAGCATGGCCGAGCGAAATCAGCAAATCGCCGGGATCGGCGCGGCGCTGATCGAGCACTGGCAACGCTAA	ATGCGTTATATTCGCCTGTGTATTATCTCCCTGTTAGCCGCCCTGCCGCTGGCG...TAA	861	5151	24	884	True	True	True
258	gb|HQ877606|+|0-861|ARO:3001056|TEM-197	ATGAGTATTCAACATTTCCGTGTCGCCCTTATTCCCTTTTTTGCGGCATTTTGC...TAA	861	(37) 5967+ (897)	37	897	ATGAGTATTCAACATTTCCGTGTCGCCCTTATTCCCTTTTTTGCGGCATTTTGCCTTCCTGTTTTTGCTCACCCAGAAACGCTGGTGAAAGTAAAAGATGCTGAAGATCAGTTGGGTGCACGAGTGGGTTACATCGAACTGGATCTCAACAGCGGTAAGATCCTTGAGAGTTTTCGCCCCGAAGAACGTTTTCCAATGATGAGCACTTTTAAAGTTCTGCTATGTGGTGCGGTATTATCCCGTGTTGACGCCGGGCAAGAGCAACTCGGTCGCCGCATACACTATTCTCAGAATGACTTGGTTGAGTACTCACCAGTCACAGAAAAGCATCTTACGGATGGCATGACAGTAAGAGAATTATGCAGTGCTGCCATAACCATGAGTGATAACACTGCTGCCAACTTACTTCTGACAACGATCGGAGGACCGAAGGAGCTAACCGCTTTTTTGCACAACATGGGGGATCATGTAACTCGCCTTGATCGTTGGGAACCGGAGCTGAATGAAGCCATACCAAACGACGAGCGTGACACCACGATGCCTGCAGCAATGGCAACAACGTTGCGCAAACTATTAACTGGCGAACTACTTACTCTAGCTTCCCGGCAACAATTAATAGACTGGATGGAGGCGGATAAAGTTGCAGGACCACTTCTGCGCTCGGCCCTTCCGGCTGGCTGGTTTATTGCTGATAAATCTGGAGCCGGTGAGCGTGGGTCTCGCGGTATCATTGCAGCACTGGGGCCAGATGGTAAGCCCTCCCGTATCGTAGTTATCTACACGACGGGGAGTCAGGCAACTATGGATGAACGAAATAGACAGATCGCTGAGATAGGTGCCTCACTGATTAAGCATTGGTAA	ATGAGTATTCAACATTTCCGTGTCGCCCTTATTCCCTTTTTTGCGGCATTTTGC...TAA	861	1000	999	999.0	999	999	ATGAGTATTCAACATTTCCGTGTCGCCCTTATTCCCTTTTTTGCGGCATTTTGC...TAA	861	5967	37	897	False	True	False
259	gb|HQ877615|+|0-861|ARO:3001159|SHV-110	ATGCGTTATATTCGCCTGTGTATTATCTCCCTGTTAGCCACCCTGCCGCTGGCG...TAA	861	(24) 5151- (884)	24	884	ATGCGTTATATTCGCCTGTGTATTATCTCCCTGTTAGCCACCCTGCCGCTGGCGGTACACGCCAGCCCGCAGCCGCTTGAGCAAATTAAACAAAGCGAAAGCCAGCTGTCGGGCCGCGTAGGCATGATAGAAATGGATCTGGCCAGCGGCCGCACGCTGACCGCCTGGCGCGCCGATGAACGCTTTCCCATGATGAGCACCTTTAAAGTAGTGCTCTGCGGCGCAGTGCTGGCGCGGGTGGATGCCGGTGACGAACAGCTGGAGCGAAAGATCCACTATCGCCAGCAGGATCTGGTGGACTACTCGCCGGTCAGCGAAAAACACCTTGCCGACGGCATGACGGTCGGCGAACTCTGCGCCGCCGCCATTACCATGAGCGATAACAGCGCCGCCAATCTGCTGCTGGCCACCGTCGGCGGCCCCGCAGGATTGACTGCCTTTTTGCGCCAGATCGGCGACAACGTCACCCGCCTTGACCGCTGGGAAACGGAACTGAATGAGGCGCTTCCCGGCGACGCCCGCGACACCACTACCCCGGCCAGCATGGCCGCGACCCTGCGCAAGCTGCTGACCAGCCAGCGTCTGAGCGCCCGTTCGCAACGGCAGCTGCTGCAGTGGATGGTGGACGATCGGGTCGCCGGACCGTTGATCCGCTCCGTGCTGCCGGCGGGCTGGTTTATCGCCGATAAGACCGGAGCTAGCAAGCGGGGTGCGCGCGGGATTGTCGCCCTGCTTGGCCCGAATAACAAAGCAGAGCGCATCGTGGTGATTTATCTGCGGGATACGCCGGCGAGCATGGCCGAGCGAAATCAGCAAATCGCCGGGATCGGCGCGGCGCTGATCGAGCACTGGCAACGCTAA	ATGCGTTATATTCGCCTGTGTATTATCTCCCTGTTAGCCACCCTGCCGCTGGCG...TAA	861	24	884	861.0	5151-	ATGCGTTATATTCGCCTGTGTATTATCTCCCTGTTAGCCACCCTGCCGCTGGCGGTACACGCCAGCCCGCAGCCGCTTGAGCAAATTAAACAAAGCGAAAGCCAGCTGTCGGGCCGCGTAGGCATGATAGAAATGGATCTGGCCAGCGGCCGCACGCTGACCGCCTGGCGCGCCGATGAACGCTTTCCCATGATGAGCACCTTTAAAGTAGTGCTCTGCGGCGCAGTGCTGGCGCGGGTGGATGCCGGTGACGAACAGCTGGAGCGAAAGATCCACTATCGCCAGCAGGATCTGGTGGACTACTCGCCGGTCAGCGAAAAACACCTTGCCGACGGCATGACGGTCGGCGAACTCTGCGCCGCCGCCATTACCATGAGCGATAACAGCGCCGCCAATCTGCTGCTGGCCACCGTCGGCGGCCCCGCAGGATTGACTGCCTTTTTGCGCCAGATCGGCGACAACGTCACCCGCCTTGACCGCTGGGAAACGGAACTGAATGAGGCGCTTCCCGGCGACGCCCGCGACACCACTACCCCGGCCAGCATGGCCGCGACCCTGCGCAAGCTGCTGACCAGCCAGCGTCTGAGCGCCCGTTCGCAACGGCAGCTGCTGCAGTGGATGGTGGACGATCGGGTCGCCGGACCGTTGATCCGCTCCGTGCTGCCGGCGGGCTGGTTTATCGCCGATAAGACCGGAGCTAGCAAGCGGGGTGCGCGCGGGATTGTCGCCCTGCTTGGCCCGAATAACAAAGCAGAGCGCATCGTGGTGATTTATCTGCGGGATACGCCGGCGAGCATGGCCGAGCGAAATCAGCAAATCGCCGGGATCGGCGCGGCGCTGATCGAGCACTGGCAACGCTAA	ATGCGTTATATTCGCCTGTGTATTATCTCCCTGTTAGCCACCCTGCCGCTGGCG...TAA	861	5151	24	884	True	True	True
260	gb|JF795538|+|0-861|ARO:3001374|TEM-185	ATGAGTATTCAACATTTCCGTGTCGCCCTTATTCCCTTTTTTGCGGCATTTTGC...TAA	861	(37) 5967+ (897)	37	897	ATGAGTATTCAACATTTCCGTGTCGCCCTTATTCCCTTTTTTGCGGCATTTTGCCTTCCTGTTTTTGCTCACCCAGAAACGCTGGTGAAAGTAAAAGATGCTGAAGATCAGTTGGGTGCACGAGTGGGTTACATCGAACTGGATCTCAACAGCGGTAAGATCCTTGAGAGTTTTCGCCCCGAAGAACGTTTTCCAATGATGAGCACTTTTAAAGTTCTGCTATGTGGTGCGGTATTATCCCGTGTTGACGCCGGGCAAGAGCAACTCGGTCGCCGCATACACTATTCTCAGAATGACTTGGTTGAGTACTCACCAGTCACAGAAAAGCATCTTACGGATGGCATGACAGTAAGAGAATTATGCAGTGCTGCCATAACCATGAGTGATAACACTGCTGCCAACTTACTTCTGACAACGATCGGAGGACCGAAGGAGCTAACCGCTTTTTTGCACAACATGGGGGATCATGTAACTCGCCTTGATCGTTGGGAACCGGAGCTGAATGAAGCCATACCAAACGACGAGCGTGACACCACGATGCCTGCAGCAATGGCAACAACGTTGCGCAAACTATTAACTGGCGAACTACTTACTCTAGCTTCCCGGCAACAATTAATAGACTGGATGGAGGCGGATAAAGTTGCAGGACCACTTCTGCGCTCGGCCCTTCCGGCTGGCTGGTTTATTGCTGATAAATCTGGAGCCGGTGAGCGTGGGTCTCGCGGTATCATTGCAGCACTGGGGCCAGATGGTAAGCCCTCCCGTATCGTAGTTATCTACACGACGGGGAGTCAGGCAACTATGGATGAACGAAATAGACAGATCGCTGAGATAGGTGCCTCACTGATTAAGCATTGGTAA	ATGAGTATTCAACATTTCCGTGTCGCCCTTATTCCCTTTTTTGCGGCATTTTGC...TAA	861	1000	999	999.0	999	999	ATGAGTATTCAACATTTCCGTGTCGCCCTTATTCCCTTTTTTGCGGCATTTTGC...TAA	861	5967	37	897	False	True	False
261	gb|JF812965|+|0-861|ARO:3001167|SHV-120	ATGCGTTATATTCGCCTGTGTATTATCTCCCTGTTAGCCACCCTGCCGCTGGCG...TAA	861	(24) 5151- (884)	24	884	ATGCGTTATATTCGCCTGTGTATTATCTCCCTGTTAGCCACCCTGCCGCTGGCGGTACACGCCAGCCCGCAGCCGCTTGAGCAAATTAAACAAAGCGAAAGCCAGCTGTCGGGCCGCGTAGGCATGATAGAAATGGATCTGGCCAGCGGCCGCACGCTGACCGCCTGGCGCGCCGATGAACGCTTTCCCATGATGAGCACCTTTAAAGTAGTGCTCTGCGGCGCAGTGCTGGCGCGGGTGGATGCCGGTGACGAACAGCTGGAGCGAAAGATCCACTATCGCCAGCAGGATCTGGTGGACTACTCGCCGGTCAGCGAAAAACACCTTGCCGACGGCATGACGGTCGGCGAACTCTGCGCCGCCGCCATTACCATGAGCGATAACAGCGCCGCCAATCTGCTGCTGGCCACCGTCGGCGGCCCCGCAGGATTGACTGCCTTTTTGCGCCAGATCGGCGACAACGTCACCCGCCTTGACCGCTGGGAAACGGAACTGAATGAGGCGCTTCCCGGCGACGCCCGCGACACCACTACCCCGGCCAGCATGGCCGCGACCCTGCGCAAGCTGCTGACCAGCCAGCGTCTGAGCGCCCGTTCGCAACGGCAGCTGCTGCAGTGGATGGTGGACGATCGGGTCGCCGGACCGTTGATCCGCTCCGTGCTGCCGGCGGGCTGGTTTATCGCCGATAAGACCGGAGCTAGCAAGCGGGGTGCGCGCGGGATTGTCGCCCTGCTTGGCCCGAATAACAAAGCAGAGCGCATCGTGGTGATTTATCTGCGGGATACGCCGGCGAGCATGGCCGAGCGAAATCAGCAAATCGCCGGGATCGGCGCGGCGCTGATCGAGCACTGGCAACGCTAA	ATGCGTTATATTCGCCTGTGTATTATCTCCCTGTTAGCCACCCTGCCGCTGGCG...TAA	861	24	884	861.0	5151-	ATGCGTTATATTCGCCTGTGTATTATCTCCCTGTTAGCCACCCTGCCGCTGGCGGTACACGCCAGCCCGCAGCCGCTTGAGCAAATTAAACAAAGCGAAAGCCAGCTGTCGGGCCGCGTAGGCATGATAGAAATGGATCTGGCCAGCGGCCGCACGCTGACCGCCTGGCGCGCCGATGAACGCTTTCCCATGATGAGCACCTTTAAAGTAGTGCTCTGCGGCGCAGTGCTGGCGCGGGTGGATGCCGGTGACGAACAGCTGGAGCGAAAGATCCACTATCGCCAGCAGGATCTGGTGGACTACTCGCCGGTCAGCGAAAAACACCTTGCCGACGGCATGACGGTCGGCGAACTCTGCGCCGCCGCCATTACCATGAGCGATAACAGCGCCGCCAATCTGCTGCTGGCCACCGTCGGCGGCCCCGCAGGATTGACTGCCTTTTTGCGCCAGATCGGCGACAACGTCACCCGCCTTGACCGCTGGGAAACGGAACTGAATGAGGCGCTTCCCGGCGACGCCCGCGACACCACTACCCCGGCCAGCATGGCCGCGACCCTGCGCAAGCTGCTGACCAGCCAGCGTCTGAGCGCCCGTTCGCAACGGCAGCTGCTGCAGTGGATGGTGGACGATCGGGTCGCCGGACCGTTGATCCGCTCCGTGCTGCCGGCGGGCTGGTTTATCGCCGATAAGACCGGAGCTAGCAAGCGGGGTGCGCGCGGGATTGTCGCCCTGCTTGGCCCGAATAACAAAGCAGAGCGCATCGTGGTGATTTATCTGCGGGATACGCCGGCGAGCATGGCCGAGCGAAATCAGCAAATCGCCGGGATCGGCGCGGCGCTGATCGAGCACTGGCAACGCTAA	ATGCGTTATATTCGCCTGTGTATTATCTCCCTGTTAGCCACCCTGCCGCTGGCG...TAA	861	5151	24	884	True	True	True
262	gb|JF949915|+|0-754|ARO:3001052|TEM-192	ATTCCCTTTTTTGCGGCATTTTGCCTTCCTGTTTTTGCTCACCCAGAAACGCTG...ACG	753	(67) 5967+ (819)	67	819	ATTCCCTTTTTTGCGGCATTTTGCCTTCCTGTTTTTGCTCACCCAGAAACGCTGGTGAAAGTAAAAGATGCTGAAGATCAGTTGGGTGCACGAGTGGGTTACATCGAACTGGATCTCAACAGCGGTAAGATCCTTGAGAGTTTTCGCCCCGAAGAACGTTTTCCAATGATGAGCACTTTTAAAGTTCTGCTATGTGGTGCGGTATTATCCCGTGTTGACGCCGGGCAAGAGCAACTCGGTCGCCGCATACACTATTCTCAGAATGACTTGGTTGAGTACTCACCAGTCACAGAAAAGCATCTTACGGATGGCATGACAGTAAGAGAATTATGCAGTGCTGCCATAACCATGAGTGATAACACTGCTGCCAACTTACTTCTGACAACGATCGGAGGACCGAAGGAGCTAACCGCTTTTTTGCACAACATGGGGGATCATGTAACTCGCCTTGATCGTTGGGAACCGGAGCTGAATGAAGCCATACCAAACGACGAGCGTGACACCACGATGCCTGCAGCAATGGCAACAACGTTGCGCAAACTATTAACTGGCGAACTACTTACTCTAGCTTCCCGGCAACAATTAATAGACTGGATGGAGGCGGATAAAGTTGCAGGACCACTTCTGCGCTCGGCCCTTCCGGCTGGCTGGTTTATTGCTGATAAATCTGGAGCCGGTGAGCGTGGGTCTCGCGGTATCATTGCAGCACTGGGGCCAGATGGTAAGCCCTCCCGTATCGTAGTTATCTACACG	ATTCCCTTTTTTGCGGCATTTTGCCTTCCTGTTTTTGCTCACCCAGAAACGCTG...ACG	753	1000	999	999.0	999	999	ATTCCCTTTTTTGCGGCATTTTGCCTTCCTGTTTTTGCTCACCCAGAAACGCTG...ACG	753	5967	67	819	False	True	False
263	gb|JF969163|+|1053-1893|ARO:3000410|sul1	ATGGTGACGGTGTTCGGCATTCTGAATCTCACCGAGGACTCCTTCTTCGATGAG...TAG	840	(391) 28541+ (1230)	391	1230	ATGGTGACGGTGTTCGGCATTCTGAATCTCACCGAGGACTCCTTCTTCGATGAGAGCCGGCGGCTAGACCCCGCCGGCGCTGTCACCGCGGCGATCGAAATGCTGCGAGTCGGATCAGACGTCGTGGATGTCGGACCGGCCGCCAGCCATCCGGACGCGAGGCCTGTATCGCCGGCCGATGAGATCAGACGTATTGCGCCGCTCTTAGACGCCCTGTCCGATCAGATGCACCGTGTTTCAATCGACAGCTTCCAACCGGAAACCCAGCGCTATGCGCTCAAGCGCGGCGTGGGCTACCTGAACGATATCCAAGGATTTCCTGACCCTGCGCTCTATCCCGATATTGCTGAGGCGGACTGCAGGCTGGTGGTTATGCACTCAGCGCAGCGGGATGGCATCGCCACCCGCACCGGTCACCTTCGACCCGAAGACGCGCTCGACGAGATTGTGCGGTTCTTCGAGGCGCGGGTTTCCGCCTTGCGACGGAGCGGGGTCGCTGCCGACCGGCTCATCCTCGATCCGGGGATGGGATTTTTCTTGAGCCCCGCACCGGAAACATCGCTGCACGTGCTGTCGAACCTTCAAAAGCTGAAGTCGGCGTTGGGGCTTCCGCTATTGGTCTCGGTGTCGCGGAAATCCTTCTTGGGCGCCACCGTTGGCCTTCCTGTAAAGGATCTGGGTCCAGCGAGCCTTGCGGCGGAACTTCACGCGATCGGCAATGGCGCTGACTACGTCCGCACCCACGCGCCTGGAGATCTGCGAAGCGCAATCACCTTCTCGGAAACCCTCGCGAAATTTCGCAGTCGCGACGCCAGAGACCGAGGGTTAGATCATGCCTAG	ATGGTGACGGTGTTCGGCATTCTGAATCTCACCGAGGACTCCTTCTTCGATGAG...TAG	840	391	1230	840.0	28541+	ATGGTGACGGTGTTCGGCATTCTGAATCTCACCGAGGACTCCTTCTTCGATGAGAGCCGGCGGCTAGACCCCGCCGGCGCTGTCACCGCGGCGATCGAAATGCTGCGAGTCGGATCAGACGTCGTGGATGTCGGACCGGCCGCCAGCCATCCGGACGCGAGGCCTGTATCGCCGGCCGATGAGATCAGACGTATTGCGCCGCTCTTAGACGCCCTGTCCGATCAGATGCACCGTGTTTCAATCGACAGCTTCCAACCGGAAACCCAGCGCTATGCGCTCAAGCGCGGCGTGGGCTACCTGAACGATATCCAAGGATTTCCTGACCCTGCGCTCTATCCCGATATTGCTGAGGCGGACTGCAGGCTGGTGGTTATGCACTCAGCGCAGCGGGATGGCATCGCCACCCGCACCGGTCACCTTCGACCCGAAGACGCGCTCGACGAGATTGTGCGGTTCTTCGAGGCGCGGGTTTCCGCCTTGCGACGGAGCGGGGTCGCTGCCGACCGGCTCATCCTCGATCCGGGGATGGGATTTTTCTTGAGCCCCGCACCGGAAACATCGCTGCACGTGCTGTCGAACCTTCAAAAGCTGAAGTCGGCGTTGGGGCTTCCGCTATTGGTCTCGGTGTCGCGGAAATCCTTCTTGGGCGCCACCGTTGGCCTTCCTGTAAAGGATCTGGGTCCAGCGAGCCTTGCGGCGGAACTTCACGCGATCGGCAATGGCGCTGACTACGTCCGCACCCACGCGCCTGGAGATCTGCGAAGCGCAATCACCTTCTCGGAAACCCTCGCGAAATTTCGCAGTCGCGACGCCAGAGACCGAGGGTTAGATCATGCCTAG	ATGGTGACGGTGTTCGGCATTCTGAATCTCACCGAGGACTCCTTCTTCGATGAG...TAG	840	28541	391	1230	True	True	True
264	gb|JN051143|+|0-861|ARO:3001182|SHV-140	AAGCGTTATATTCGCCTGTGTATTATCTCCCTGTTAGCCACCCTGCCGCTGGCG...TAA	861	(26) 5151- (884)	26	884	GCGTTATATTCGCCTGTGTATTATCTCCCTGTTAGCCACCCTGCCGCTGGCGGTACACGCCAGCCCGCAGCCGCTTGAGCAAATTAAACAAAGCGAAAGCCAGCTGTCGGGCCGCGTAGGCATGATAGAAATGGATCTGGCCAGCGGCCGCACGCTGACCGCCTGGCGCGCCGATGAACGCTTTCCCATGATGAGCACCTTTAAAGTAGTGCTCTGCGGCGCAGTGCTGGCGCGGGTGGATGCCGGTGACGAACAGCTGGAGCGAAAGATCCACTATCGCCAGCAGGATCTGGTGGACTACTCGCCGGTCAGCGAAAAACACCTTGCCGACGGCATGACGGTCGGCGAACTCTGCGCCGCCGCCATTACCATGAGCGATAACAGCGCCGCCAATCTGCTGCTGGCCACCGTCGGCGGCCCCGCAGGATTGACTGCCTTTTTGCGCCAGATCGGCGACAACGTCACCCGCCTTGACCGCTGGGAAACGGAACTGAATGAGGCGCTTCCCGGCGACGCCCGCGACACCACTACCCCGGCCAGCATGGCCGCGACCCTGCGCAAGCTGCTGACCAGCCAGCGTCTGAGCGCCCGTTCGCAACGGCAGCTGCTGCAGTGGATGGTGGACGATCGGGTCGCCGGACCGTTGATCCGCTCCGTGCTGCCGGCGGGCTGGTTTATCGCCGATAAGACCGGAGCTAGCAAGCGGGGTGCGCGCGGGATTGTCGCCCTGCTTGGCCCGAATAACAAAGCAGAGCGCATCGTGGTGATTTATCTGCGGGATACGCCGGCGAGCATGGCCGAGCGAAATCAGCAAATCGCCGGGATCGGCGCGGCGCTGATCGAGCACTGGCAACGCTAA	AAGCGTTATATTCGCCTGTGTATTATCTCCCTGTTAGCCACCCTGCCGCTGGCG...TAA	861	1000	999	999.0	999	999	AAGCGTTATATTCGCCTGTGTATTATCTCCCTGTTAGCCACCCTGCCGCTGGCG...TAA	861	5151	26	884	False	True	False
265	gb|JN211012|+|213-1074|ARO:3001048|TEM-188	ATGAGTATTCAACATTTCCGTGTCGCCCTTATTCCCTTTTTTGCGGCATTTTGC...TAA	861	(37) 5967+ (897)	37	897	ATGAGTATTCAACATTTCCGTGTCGCCCTTATTCCCTTTTTTGCGGCATTTTGCCTTCCTGTTTTTGCTCACCCAGAAACGCTGGTGAAAGTAAAAGATGCTGAAGATCAGTTGGGTGCACGAGTGGGTTACATCGAACTGGATCTCAACAGCGGTAAGATCCTTGAGAGTTTTCGCCCCGAAGAACGTTTTCCAATGATGAGCACTTTTAAAGTTCTGCTATGTGGTGCGGTATTATCCCGTGTTGACGCCGGGCAAGAGCAACTCGGTCGCCGCATACACTATTCTCAGAATGACTTGGTTGAGTACTCACCAGTCACAGAAAAGCATCTTACGGATGGCATGACAGTAAGAGAATTATGCAGTGCTGCCATAACCATGAGTGATAACACTGCTGCCAACTTACTTCTGACAACGATCGGAGGACCGAAGGAGCTAACCGCTTTTTTGCACAACATGGGGGATCATGTAACTCGCCTTGATCGTTGGGAACCGGAGCTGAATGAAGCCATACCAAACGACGAGCGTGACACCACGATGCCTGCAGCAATGGCAACAACGTTGCGCAAACTATTAACTGGCGAACTACTTACTCTAGCTTCCCGGCAACAATTAATAGACTGGATGGAGGCGGATAAAGTTGCAGGACCACTTCTGCGCTCGGCCCTTCCGGCTGGCTGGTTTATTGCTGATAAATCTGGAGCCGGTGAGCGTGGGTCTCGCGGTATCATTGCAGCACTGGGGCCAGATGGTAAGCCCTCCCGTATCGTAGTTATCTACACGACGGGGAGTCAGGCAACTATGGATGAACGAAATAGACAGATCGCTGAGATAGGTGCCTCACTGATTAAGCATTGGTAA	ATGAGTATTCAACATTTCCGTGTCGCCCTTATTCCCTTTTTTGCGGCATTTTGC...TAA	861	1000	999	999.0	999	999	ATGAGTATTCAACATTTCCGTGTCGCCCTTATTCCCTTTTTTGCGGCATTTTGC...TAA	861	5967	37	897	False	True	False
266	gb|JN227084|+|308-1169|ARO:3001046|TEM-186	ATGAGTATTCAACATTTTCGTGTCGCCCTTATTCCCTTTTTTGCGGCATTTTGC...TAA	861	(37) 5967+ (897)	37	897	ATGAGTATTCAACATTTCCGTGTCGCCCTTATTCCCTTTTTTGCGGCATTTTGCCTTCCTGTTTTTGCTCACCCAGAAACGCTGGTGAAAGTAAAAGATGCTGAAGATCAGTTGGGTGCACGAGTGGGTTACATCGAACTGGATCTCAACAGCGGTAAGATCCTTGAGAGTTTTCGCCCCGAAGAACGTTTTCCAATGATGAGCACTTTTAAAGTTCTGCTATGTGGTGCGGTATTATCCCGTGTTGACGCCGGGCAAGAGCAACTCGGTCGCCGCATACACTATTCTCAGAATGACTTGGTTGAGTACTCACCAGTCACAGAAAAGCATCTTACGGATGGCATGACAGTAAGAGAATTATGCAGTGCTGCCATAACCATGAGTGATAACACTGCTGCCAACTTACTTCTGACAACGATCGGAGGACCGAAGGAGCTAACCGCTTTTTTGCACAACATGGGGGATCATGTAACTCGCCTTGATCGTTGGGAACCGGAGCTGAATGAAGCCATACCAAACGACGAGCGTGACACCACGATGCCTGCAGCAATGGCAACAACGTTGCGCAAACTATTAACTGGCGAACTACTTACTCTAGCTTCCCGGCAACAATTAATAGACTGGATGGAGGCGGATAAAGTTGCAGGACCACTTCTGCGCTCGGCCCTTCCGGCTGGCTGGTTTATTGCTGATAAATCTGGAGCCGGTGAGCGTGGGTCTCGCGGTATCATTGCAGCACTGGGGCCAGATGGTAAGCCCTCCCGTATCGTAGTTATCTACACGACGGGGAGTCAGGCAACTATGGATGAACGAAATAGACAGATCGCTGAGATAGGTGCCTCACTGATTAAGCATTGGTAA	ATGAGTATTCAACATTTTCGTGTCGCCCTTATTCCCTTTTTTGCGGCATTTTGC...TAA	861	1000	999	999.0	999	999	ATGAGTATTCAACATTTTCGTGTCGCCCTTATTCCCTTTTTTGCGGCATTTTGC...TAA	861	5967	37	897	False	True	False
267	gb|JN254627|+|0-861|ARO:3001049|TEM-189	ATGAGTATTCAACATTTCCGTGTCGCCCTTATTCCCTTTTTTGCGGCATTTTGC...TAA	861	(37) 5967+ (897)	37	897	ATGAGTATTCAACATTTCCGTGTCGCCCTTATTCCCTTTTTTGCGGCATTTTGCCTTCCTGTTTTTGCTCACCCAGAAACGCTGGTGAAAGTAAAAGATGCTGAAGATCAGTTGGGTGCACGAGTGGGTTACATCGAACTGGATCTCAACAGCGGTAAGATCCTTGAGAGTTTTCGCCCCGAAGAACGTTTTCCAATGATGAGCACTTTTAAAGTTCTGCTATGTGGTGCGGTATTATCCCGTGTTGACGCCGGGCAAGAGCAACTCGGTCGCCGCATACACTATTCTCAGAATGACTTGGTTGAGTACTCACCAGTCACAGAAAAGCATCTTACGGATGGCATGACAGTAAGAGAATTATGCAGTGCTGCCATAACCATGAGTGATAACACTGCTGCCAACTTACTTCTGACAACGATCGGAGGACCGAAGGAGCTAACCGCTTTTTTGCACAACATGGGGGATCATGTAACTCGCCTTGATCGTTGGGAACCGGAGCTGAATGAAGCCATACCAAACGACGAGCGTGACACCACGATGCCTGCAGCAATGGCAACAACGTTGCGCAAACTATTAACTGGCGAACTACTTACTCTAGCTTCCCGGCAACAATTAATAGACTGGATGGAGGCGGATAAAGTTGCAGGACCACTTCTGCGCTCGGCCCTTCCGGCTGGCTGGTTTATTGCTGATAAATCTGGAGCCGGTGAGCGTGGGTCTCGCGGTATCATTGCAGCACTGGGGCCAGATGGTAAGCCCTCCCGTATCGTAGTTATCTACACGACGGGGAGTCAGGCAACTATGGATGAACGAAATAGACAGATCGCTGAGATAGGTGCCTCACTGATTAAGCATTGGTAA	ATGAGTATTCAACATTTCCGTGTCGCCCTTATTCCCTTTTTTGCGGCATTTTGC...TAA	861	1000	999	999.0	999	999	ATGAGTATTCAACATTTCCGTGTCGCCCTTATTCCCTTTTTTGCGGCATTTTGC...TAA	861	5967	37	897	False	True	False
268	gb|JN416112|+|0-861|ARO:3001050|TEM-190	ATGAGTATTCAACATTTCCGTGTCGCCCTTATTCCCTTTTTTGCGGCATTTTGC...TAA	861	(37) 5967+ (897)	37	897	ATGAGTATTCAACATTTCCGTGTCGCCCTTATTCCCTTTTTTGCGGCATTTTGCCTTCCTGTTTTTGCTCACCCAGAAACGCTGGTGAAAGTAAAAGATGCTGAAGATCAGTTGGGTGCACGAGTGGGTTACATCGAACTGGATCTCAACAGCGGTAAGATCCTTGAGAGTTTTCGCCCCGAAGAACGTTTTCCAATGATGAGCACTTTTAAAGTTCTGCTATGTGGTGCGGTATTATCCCGTGTTGACGCCGGGCAAGAGCAACTCGGTCGCCGCATACACTATTCTCAGAATGACTTGGTTGAGTACTCACCAGTCACAGAAAAGCATCTTACGGATGGCATGACAGTAAGAGAATTATGCAGTGCTGCCATAACCATGAGTGATAACACTGCTGCCAACTTACTTCTGACAACGATCGGAGGACCGAAGGAGCTAACCGCTTTTTTGCACAACATGGGGGATCATGTAACTCGCCTTGATCGTTGGGAACCGGAGCTGAATGAAGCCATACCAAACGACGAGCGTGACACCACGATGCCTGCAGCAATGGCAACAACGTTGCGCAAACTATTAACTGGCGAACTACTTACTCTAGCTTCCCGGCAACAATTAATAGACTGGATGGAGGCGGATAAAGTTGCAGGACCACTTCTGCGCTCGGCCCTTCCGGCTGGCTGGTTTATTGCTGATAAATCTGGAGCCGGTGAGCGTGGGTCTCGCGGTATCATTGCAGCACTGGGGCCAGATGGTAAGCCCTCCCGTATCGTAGTTATCTACACGACGGGGAGTCAGGCAACTATGGATGAACGAAATAGACAGATCGCTGAGATAGGTGCCTCACTGATTAAGCATTGGTAA	ATGAGTATTCAACATTTCCGTGTCGCCCTTATTCCCTTTTTTGCGGCATTTTGC...TAA	861	1000	999	999.0	999	999	ATGAGTATTCAACATTTCCGTGTCGCCCTTATTCCCTTTTTTGCGGCATTTTGC...TAA	861	5967	37	897	False	True	False
269	gb|JN935135|+|0-861|ARO:3001053|TEM-193	ATGAGTATTCAACATTTCCGTGTCGCCCTTATTCCCTTTTTTGCGGCATTTTGC...TAA	861	(37) 5967+ (897)	37	897	ATGAGTATTCAACATTTCCGTGTCGCCCTTATTCCCTTTTTTGCGGCATTTTGCCTTCCTGTTTTTGCTCACCCAGAAACGCTGGTGAAAGTAAAAGATGCTGAAGATCAGTTGGGTGCACGAGTGGGTTACATCGAACTGGATCTCAACAGCGGTAAGATCCTTGAGAGTTTTCGCCCCGAAGAACGTTTTCCAATGATGAGCACTTTTAAAGTTCTGCTATGTGGTGCGGTATTATCCCGTGTTGACGCCGGGCAAGAGCAACTCGGTCGCCGCATACACTATTCTCAGAATGACTTGGTTGAGTACTCACCAGTCACAGAAAAGCATCTTACGGATGGCATGACAGTAAGAGAATTATGCAGTGCTGCCATAACCATGAGTGATAACACTGCTGCCAACTTACTTCTGACAACGATCGGAGGACCGAAGGAGCTAACCGCTTTTTTGCACAACATGGGGGATCATGTAACTCGCCTTGATCGTTGGGAACCGGAGCTGAATGAAGCCATACCAAACGACGAGCGTGACACCACGATGCCTGCAGCAATGGCAACAACGTTGCGCAAACTATTAACTGGCGAACTACTTACTCTAGCTTCCCGGCAACAATTAATAGACTGGATGGAGGCGGATAAAGTTGCAGGACCACTTCTGCGCTCGGCCCTTCCGGCTGGCTGGTTTATTGCTGATAAATCTGGAGCCGGTGAGCGTGGGTCTCGCGGTATCATTGCAGCACTGGGGCCAGATGGTAAGCCCTCCCGTATCGTAGTTATCTACACGACGGGGAGTCAGGCAACTATGGATGAACGAAATAGACAGATCGCTGAGATAGGTGCCTCACTGATTAAGCATTGGTAA	ATGAGTATTCAACATTTCCGTGTCGCCCTTATTCCCTTTTTTGCGGCATTTTGC...TAA	861	1000	999	999.0	999	999	ATGAGTATTCAACATTTCCGTGTCGCCCTTATTCCCTTTTTTGCGGCATTTTGC...TAA	861	5967	37	897	False	True	False
270	gb|JN935136|+|0-861|ARO:3001054|TEM-194	ATGAGTATTCAACATTTCCGTGTCGCCCTTATTCCCTTTTTTGCGGCATTTTGC...TAA	861	(37) 5967+ (897)	37	897	ATGAGTATTCAACATTTCCGTGTCGCCCTTATTCCCTTTTTTGCGGCATTTTGCCTTCCTGTTTTTGCTCACCCAGAAACGCTGGTGAAAGTAAAAGATGCTGAAGATCAGTTGGGTGCACGAGTGGGTTACATCGAACTGGATCTCAACAGCGGTAAGATCCTTGAGAGTTTTCGCCCCGAAGAACGTTTTCCAATGATGAGCACTTTTAAAGTTCTGCTATGTGGTGCGGTATTATCCCGTGTTGACGCCGGGCAAGAGCAACTCGGTCGCCGCATACACTATTCTCAGAATGACTTGGTTGAGTACTCACCAGTCACAGAAAAGCATCTTACGGATGGCATGACAGTAAGAGAATTATGCAGTGCTGCCATAACCATGAGTGATAACACTGCTGCCAACTTACTTCTGACAACGATCGGAGGACCGAAGGAGCTAACCGCTTTTTTGCACAACATGGGGGATCATGTAACTCGCCTTGATCGTTGGGAACCGGAGCTGAATGAAGCCATACCAAACGACGAGCGTGACACCACGATGCCTGCAGCAATGGCAACAACGTTGCGCAAACTATTAACTGGCGAACTACTTACTCTAGCTTCCCGGCAACAATTAATAGACTGGATGGAGGCGGATAAAGTTGCAGGACCACTTCTGCGCTCGGCCCTTCCGGCTGGCTGGTTTATTGCTGATAAATCTGGAGCCGGTGAGCGTGGGTCTCGCGGTATCATTGCAGCACTGGGGCCAGATGGTAAGCCCTCCCGTATCGTAGTTATCTACACGACGGGGAGTCAGGCAACTATGGATGAACGAAATAGACAGATCGCTGAGATAGGTGCCTCACTGATTAAGCATTGGTAA	ATGAGTATTCAACATTTCCGTGTCGCCCTTATTCCCTTTTTTGCGGCATTTTGC...TAA	861	1000	999	999.0	999	999	ATGAGTATTCAACATTTCCGTGTCGCCCTTATTCCCTTTTTTGCGGCATTTTGC...TAA	861	5967	37	897	False	True	False
271	gb|JN935137|+|0-861|ARO:3001055|TEM-195	ATGAGTATTCAACATTTCCGTGTCGCCCTTATTCCCTTTTTTGCGGCATTTTGC...TAA	861	(37) 5967+ (897)	37	897	ATGAGTATTCAACATTTCCGTGTCGCCCTTATTCCCTTTTTTGCGGCATTTTGCCTTCCTGTTTTTGCTCACCCAGAAACGCTGGTGAAAGTAAAAGATGCTGAAGATCAGTTGGGTGCACGAGTGGGTTACATCGAACTGGATCTCAACAGCGGTAAGATCCTTGAGAGTTTTCGCCCCGAAGAACGTTTTCCAATGATGAGCACTTTTAAAGTTCTGCTATGTGGTGCGGTATTATCCCGTGTTGACGCCGGGCAAGAGCAACTCGGTCGCCGCATACACTATTCTCAGAATGACTTGGTTGAGTACTCACCAGTCACAGAAAAGCATCTTACGGATGGCATGACAGTAAGAGAATTATGCAGTGCTGCCATAACCATGAGTGATAACACTGCTGCCAACTTACTTCTGACAACGATCGGAGGACCGAAGGAGCTAACCGCTTTTTTGCACAACATGGGGGATCATGTAACTCGCCTTGATCGTTGGGAACCGGAGCTGAATGAAGCCATACCAAACGACGAGCGTGACACCACGATGCCTGCAGCAATGGCAACAACGTTGCGCAAACTATTAACTGGCGAACTACTTACTCTAGCTTCCCGGCAACAATTAATAGACTGGATGGAGGCGGATAAAGTTGCAGGACCACTTCTGCGCTCGGCCCTTCCGGCTGGCTGGTTTATTGCTGATAAATCTGGAGCCGGTGAGCGTGGGTCTCGCGGTATCATTGCAGCACTGGGGCCAGATGGTAAGCCCTCCCGTATCGTAGTTATCTACACGACGGGGAGTCAGGCAACTATGGATGAACGAAATAGACAGATCGCTGAGATAGGTGCCTCACTGATTAAGCATTGGTAA	ATGAGTATTCAACATTTCCGTGTCGCCCTTATTCCCTTTTTTGCGGCATTTTGC...TAA	861	1000	999	999.0	999	999	ATGAGTATTCAACATTTCCGTGTCGCCCTTATTCCCTTTTTTGCGGCATTTTGC...TAA	861	5967	37	897	False	True	False
272	gb|JQ029959|+|28-889|ARO:3001184|SHV-142	ATGCGTTATATTCGCCTGTGTATTATCTCCCTGTTAGCCGCCCTGCCGCTGGCG...TAA	861	(24) 5151- (884)	24	884	ATGCGTTATATTCGCCTGTGTATTATCTCCCTGTTAGCCACCCTGCCGCTGGCGGTACACGCCAGCCCGCAGCCGCTTGAGCAAATTAAACAAAGCGAAAGCCAGCTGTCGGGCCGCGTAGGCATGATAGAAATGGATCTGGCCAGCGGCCGCACGCTGACCGCCTGGCGCGCCGATGAACGCTTTCCCATGATGAGCACCTTTAAAGTAGTGCTCTGCGGCGCAGTGCTGGCGCGGGTGGATGCCGGTGACGAACAGCTGGAGCGAAAGATCCACTATCGCCAGCAGGATCTGGTGGACTACTCGCCGGTCAGCGAAAAACACCTTGCCGACGGCATGACGGTCGGCGAACTCTGCGCCGCCGCCATTACCATGAGCGATAACAGCGCCGCCAATCTGCTGCTGGCCACCGTCGGCGGCCCCGCAGGATTGACTGCCTTTTTGCGCCAGATCGGCGACAACGTCACCCGCCTTGACCGCTGGGAAACGGAACTGAATGAGGCGCTTCCCGGCGACGCCCGCGACACCACTACCCCGGCCAGCATGGCCGCGACCCTGCGCAAGCTGCTGACCAGCCAGCGTCTGAGCGCCCGTTCGCAACGGCAGCTGCTGCAGTGGATGGTGGACGATCGGGTCGCCGGACCGTTGATCCGCTCCGTGCTGCCGGCGGGCTGGTTTATCGCCGATAAGACCGGAGCTAGCAAGCGGGGTGCGCGCGGGATTGTCGCCCTGCTTGGCCCGAATAACAAAGCAGAGCGCATCGTGGTGATTTATCTGCGGGATACGCCGGCGAGCATGGCCGAGCGAAATCAGCAAATCGCCGGGATCGGCGCGGCGCTGATCGAGCACTGGCAACGCTAA	ATGCGTTATATTCGCCTGTGTATTATCTCCCTGTTAGCCGCCCTGCCGCTGGCG...TAA	861	1000	999	999.0	999	999	ATGCGTTATATTCGCCTGTGTATTATCTCCCTGTTAGCCGCCCTGCCGCTGGCG...TAA	861	5151	24	884	False	True	False
273	gb|JQ034306|+|0-861|ARO:3001376|TEM-196	ATGAGTATTCAACATTTTCGTGTCGCCCTTATTCCCTTTTTTGCGGCATTTTGC...TAA	861	(37) 5967+ (897)	37	897	ATGAGTATTCAACATTTCCGTGTCGCCCTTATTCCCTTTTTTGCGGCATTTTGCCTTCCTGTTTTTGCTCACCCAGAAACGCTGGTGAAAGTAAAAGATGCTGAAGATCAGTTGGGTGCACGAGTGGGTTACATCGAACTGGATCTCAACAGCGGTAAGATCCTTGAGAGTTTTCGCCCCGAAGAACGTTTTCCAATGATGAGCACTTTTAAAGTTCTGCTATGTGGTGCGGTATTATCCCGTGTTGACGCCGGGCAAGAGCAACTCGGTCGCCGCATACACTATTCTCAGAATGACTTGGTTGAGTACTCACCAGTCACAGAAAAGCATCTTACGGATGGCATGACAGTAAGAGAATTATGCAGTGCTGCCATAACCATGAGTGATAACACTGCTGCCAACTTACTTCTGACAACGATCGGAGGACCGAAGGAGCTAACCGCTTTTTTGCACAACATGGGGGATCATGTAACTCGCCTTGATCGTTGGGAACCGGAGCTGAATGAAGCCATACCAAACGACGAGCGTGACACCACGATGCCTGCAGCAATGGCAACAACGTTGCGCAAACTATTAACTGGCGAACTACTTACTCTAGCTTCCCGGCAACAATTAATAGACTGGATGGAGGCGGATAAAGTTGCAGGACCACTTCTGCGCTCGGCCCTTCCGGCTGGCTGGTTTATTGCTGATAAATCTGGAGCCGGTGAGCGTGGGTCTCGCGGTATCATTGCAGCACTGGGGCCAGATGGTAAGCCCTCCCGTATCGTAGTTATCTACACGACGGGGAGTCAGGCAACTATGGATGAACGAAATAGACAGATCGCTGAGATAGGTGCCTCACTGATTAAGCATTGGTAA	ATGAGTATTCAACATTTTCGTGTCGCCCTTATTCCCTTTTTTGCGGCATTTTGC...TAA	861	1000	999	999.0	999	999	ATGAGTATTCAACATTTTCGTGTCGCCCTTATTCCCTTTTTTGCGGCATTTTGC...TAA	861	5967	37	897	False	True	False
274	gb|JQ341060.1|-|881-1742|ARO:3001344|SHV-143	ATGCGTTATATTCGCCTGTGTATTATCTCCCTGTTAGCCACCCTGCCGCTGGCG...TAA	861	(24) 5151- (884)	24	884	ATGCGTTATATTCGCCTGTGTATTATCTCCCTGTTAGCCACCCTGCCGCTGGCGGTACACGCCAGCCCGCAGCCGCTTGAGCAAATTAAACAAAGCGAAAGCCAGCTGTCGGGCCGCGTAGGCATGATAGAAATGGATCTGGCCAGCGGCCGCACGCTGACCGCCTGGCGCGCCGATGAACGCTTTCCCATGATGAGCACCTTTAAAGTAGTGCTCTGCGGCGCAGTGCTGGCGCGGGTGGATGCCGGTGACGAACAGCTGGAGCGAAAGATCCACTATCGCCAGCAGGATCTGGTGGACTACTCGCCGGTCAGCGAAAAACACCTTGCCGACGGCATGACGGTCGGCGAACTCTGCGCCGCCGCCATTACCATGAGCGATAACAGCGCCGCCAATCTGCTGCTGGCCACCGTCGGCGGCCCCGCAGGATTGACTGCCTTTTTGCGCCAGATCGGCGACAACGTCACCCGCCTTGACCGCTGGGAAACGGAACTGAATGAGGCGCTTCCCGGCGACGCCCGCGACACCACTACCCCGGCCAGCATGGCCGCGACCCTGCGCAAGCTGCTGACCAGCCAGCGTCTGAGCGCCCGTTCGCAACGGCAGCTGCTGCAGTGGATGGTGGACGATCGGGTCGCCGGACCGTTGATCCGCTCCGTGCTGCCGGCGGGCTGGTTTATCGCCGATAAGACCGGAGCTAGCAAGCGGGGTGCGCGCGGGATTGTCGCCCTGCTTGGCCCGAATAACAAAGCAGAGCGCATCGTGGTGATTTATCTGCGGGATACGCCGGCGAGCATGGCCGAGCGAAATCAGCAAATCGCCGGGATCGGCGCGGCGCTGATCGAGCACTGGCAACGCTAA	ATGCGTTATATTCGCCTGTGTATTATCTCCCTGTTAGCCACCCTGCCGCTGGCG...TAA	861	1000	999	999.0	999	999	ATGCGTTATATTCGCCTGTGTATTATCTCCCTGTTAGCCACCCTGCCGCTGGCG...TAA	861	5151	24	884	False	True	False
275	gb|JQ388884|+|0-861|ARO:3001183|SHV-141	ATGCGTTATATTCGCCTGTGTATTATCTCCCTGTTAGCCACCCTGCCGCTGGCG...TAA	861	(24) 5151- (884)	24	884	ATGCGTTATATTCGCCTGTGTATTATCTCCCTGTTAGCCACCCTGCCGCTGGCGGTACACGCCAGCCCGCAGCCGCTTGAGCAAATTAAACAAAGCGAAAGCCAGCTGTCGGGCCGCGTAGGCATGATAGAAATGGATCTGGCCAGCGGCCGCACGCTGACCGCCTGGCGCGCCGATGAACGCTTTCCCATGATGAGCACCTTTAAAGTAGTGCTCTGCGGCGCAGTGCTGGCGCGGGTGGATGCCGGTGACGAACAGCTGGAGCGAAAGATCCACTATCGCCAGCAGGATCTGGTGGACTACTCGCCGGTCAGCGAAAAACACCTTGCCGACGGCATGACGGTCGGCGAACTCTGCGCCGCCGCCATTACCATGAGCGATAACAGCGCCGCCAATCTGCTGCTGGCCACCGTCGGCGGCCCCGCAGGATTGACTGCCTTTTTGCGCCAGATCGGCGACAACGTCACCCGCCTTGACCGCTGGGAAACGGAACTGAATGAGGCGCTTCCCGGCGACGCCCGCGACACCACTACCCCGGCCAGCATGGCCGCGACCCTGCGCAAGCTGCTGACCAGCCAGCGTCTGAGCGCCCGTTCGCAACGGCAGCTGCTGCAGTGGATGGTGGACGATCGGGTCGCCGGACCGTTGATCCGCTCCGTGCTGCCGGCGGGCTGGTTTATCGCCGATAAGACCGGAGCTAGCAAGCGGGGTGCGCGCGGGATTGTCGCCCTGCTTGGCCCGAATAACAAAGCAGAGCGCATCGTGGTGATTTATCTGCGGGATACGCCGGCGAGCATGGCCGAGCGAAATCAGCAAATCGCCGGGATCGGCGCGGCGCTGATCGAGCACTGGCAACGCTAA	ATGCGTTATATTCGCCTGTGTATTATCTCCCTGTTAGCCACCCTGCCGCTGGCG...TAA	861	1000	999	999.0	999	999	ATGCGTTATATTCGCCTGTGTATTATCTCCCTGTTAGCCACCCTGCCGCTGGCG...TAA	861	5151	24	884	False	True	False
276	gb|JQ808129|+|633-1188|ARO:3002546|AAC(6')-Ib	GTGACCAACAGCAACGATTCCGTAACACTGCGCCTCATGACTGAGCATGACCTT...TAA	555	(88) 7593+ (642)	88	642	GTGACCAACAGCAACGATTCCGTCACACTGCGCCTCATGACTGAGCATGACCTTGCGATGCTCTATGAGTGGCTAAATCGATCTCATATCGTCGAGTGGTGGGGCGGAGAAGAAGCACGCCCGACACTTGCTGACGTACAGGAACAGTACTTGCCAAGCGTTTTAGCGCAAGAGTCCGTCACTCCATACATTGCAATGCTGAATGGAGAGCCGATTGGGTATGCCCAGTCGTACGTTGCTCTTGGAAGCGGGGACGGATGGTGGGAAGAAGAAACCGATCCAGGAGTACGCGGAATAGACCAGTTACTGGCGAATGCATCACAACTGGGCAAAGGCTTGGGAACCAAGCTGGTTCGAGCTCTGGTTGAGTTGCTGTTCAATGATCCCGAGGTCACCAAGATCCAAACGGACCCGTCGCCGAGCAACTTGCGAGCGATCCGATGCTACGAGAAAGCGGGGTTTGAGAGGCAAGGTACCGTAACCACCCCAGATGGTCCAGCCGTGTACATGGTTCAAACACGCCAGGCATTCGAGCGAACACGCAGTGTTGCCTAA	GTGACCAACAGCAACGATTCCGTAACACTGCGCCTCATGACTGAGCATGACCTT...TAA	555	88	642	555.0	7593+	GTGACCAACAGCAACGATTCCGTCACACTGCGCCTCATGACTGAGCATGACCTTGCGATGCTCTATGAGTGGCTAAATCGATCTCATATCGTCGAGTGGTGGGGCGGAGAAGAAGCACGCCCGACACTTGCTGACGTACAGGAACAGTACTTGCCAAGCGTTTTAGCGCAAGAGTCCGTCACTCCATACATTGCAATGCTGAATGGAGAGCCGATTGGGTATGCCCAGTCGTACGTTGCTCTTGGAAGCGGGGACGGATGGTGGGAAGAAGAAACCGATCCAGGAGTACGCGGAATAGACCAGTTACTGGCGAATGCATCACAACTGGGCAAAGGCTTGGGAACCAAGCTGGTTCGAGCTCTGGTTGAGTTGCTGTTCAATGATCCCGAGGTCACCAAGATCCAAACGGACCCGTCGCCGAGCAACTTGCGAGCGATCCGATGCTACGAGAAAGCGGGGTTTGAGAGGCAAGGTACCGTAACCACCCCAGATGGTCCAGCCGTGTACATGGTTCAAACACGCCAGGCATTCGAGCGAACACGCAGTGTTGCCTAA	GTGACCAACAGCAACGATTCCGTAACACTGCGCCTCATGACTGAGCATGACCTT...TAA	555	7593	88	642	True	True	True
277	gb|JQ926986|+|0-861|ARO:3001345|SHV-144	ATGCGTTATATTCGCCTGTGTATTATCTCCCTGTTAGCCACCCTGCCGCTGGCG...TAA	861	(24) 5151- (884)	24	884	ATGCGTTATATTCGCCTGTGTATTATCTCCCTGTTAGCCACCCTGCCGCTGGCGGTACACGCCAGCCCGCAGCCGCTTGAGCAAATTAAACAAAGCGAAAGCCAGCTGTCGGGCCGCGTAGGCATGATAGAAATGGATCTGGCCAGCGGCCGCACGCTGACCGCCTGGCGCGCCGATGAACGCTTTCCCATGATGAGCACCTTTAAAGTAGTGCTCTGCGGCGCAGTGCTGGCGCGGGTGGATGCCGGTGACGAACAGCTGGAGCGAAAGATCCACTATCGCCAGCAGGATCTGGTGGACTACTCGCCGGTCAGCGAAAAACACCTTGCCGACGGCATGACGGTCGGCGAACTCTGCGCCGCCGCCATTACCATGAGCGATAACAGCGCCGCCAATCTGCTGCTGGCCACCGTCGGCGGCCCCGCAGGATTGACTGCCTTTTTGCGCCAGATCGGCGACAACGTCACCCGCCTTGACCGCTGGGAAACGGAACTGAATGAGGCGCTTCCCGGCGACGCCCGCGACACCACTACCCCGGCCAGCATGGCCGCGACCCTGCGCAAGCTGCTGACCAGCCAGCGTCTGAGCGCCCGTTCGCAACGGCAGCTGCTGCAGTGGATGGTGGACGATCGGGTCGCCGGACCGTTGATCCGCTCCGTGCTGCCGGCGGGCTGGTTTATCGCCGATAAGACCGGAGCTAGCAAGCGGGGTGCGCGCGGGATTGTCGCCCTGCTTGGCCCGAATAACAAAGCAGAGCGCATCGTGGTGATTTATCTGCGGGATACGCCGGCGAGCATGGCCGAGCGAAATCAGCAAATCGCCGGGATCGGCGCGGCGCTGATCGAGCACTGGCAACGCTAA	ATGCGTTATATTCGCCTGTGTATTATCTCCCTGTTAGCCACCCTGCCGCTGGCG...TAA	861	1000	999	999.0	999	999	ATGCGTTATATTCGCCTGTGTATTATCTCCCTGTTAGCCACCCTGCCGCTGGCG...TAA	861	5151	24	884	False	True	False
278	gb|JX013655|+|0-861|ARO:3001185|SHV-145	ATGCGTTATATTCGCCTGTGTATTATCTCCCTGTTAGCCACCCTGCCGCTGGCG...TAA	861	(24) 5151- (884)	24	884	ATGCGTTATATTCGCCTGTGTATTATCTCCCTGTTAGCCACCCTGCCGCTGGCGGTACACGCCAGCCCGCAGCCGCTTGAGCAAATTAAACAAAGCGAAAGCCAGCTGTCGGGCCGCGTAGGCATGATAGAAATGGATCTGGCCAGCGGCCGCACGCTGACCGCCTGGCGCGCCGATGAACGCTTTCCCATGATGAGCACCTTTAAAGTAGTGCTCTGCGGCGCAGTGCTGGCGCGGGTGGATGCCGGTGACGAACAGCTGGAGCGAAAGATCCACTATCGCCAGCAGGATCTGGTGGACTACTCGCCGGTCAGCGAAAAACACCTTGCCGACGGCATGACGGTCGGCGAACTCTGCGCCGCCGCCATTACCATGAGCGATAACAGCGCCGCCAATCTGCTGCTGGCCACCGTCGGCGGCCCCGCAGGATTGACTGCCTTTTTGCGCCAGATCGGCGACAACGTCACCCGCCTTGACCGCTGGGAAACGGAACTGAATGAGGCGCTTCCCGGCGACGCCCGCGACACCACTACCCCGGCCAGCATGGCCGCGACCCTGCGCAAGCTGCTGACCAGCCAGCGTCTGAGCGCCCGTTCGCAACGGCAGCTGCTGCAGTGGATGGTGGACGATCGGGTCGCCGGACCGTTGATCCGCTCCGTGCTGCCGGCGGGCTGGTTTATCGCCGATAAGACCGGAGCTAGCAAGCGGGGTGCGCGCGGGATTGTCGCCCTGCTTGGCCCGAATAACAAAGCAGAGCGCATCGTGGTGATTTATCTGCGGGATACGCCGGCGAGCATGGCCGAGCGAAATCAGCAAATCGCCGGGATCGGCGCGGCGCTGATCGAGCACTGGCAACGCTAA	ATGCGTTATATTCGCCTGTGTATTATCTCCCTGTTAGCCACCCTGCCGCTGGCG...TAA	861	1000	999	999.0	999	999	ATGCGTTATATTCGCCTGTGTATTATCTCCCTGTTAGCCACCCTGCCGCTGGCG...TAA	861	5151	24	884	False	True	False
279	gb|JX042489|+|141-1002|ARO:3000890|TEM-19	ATGAGTATTCAACATTTCCGTGTCGCCCTTATTCCCTTTTTTGCGGCATTTTGC...TAA	861	(37) 5967+ (897)	37	897	ATGAGTATTCAACATTTCCGTGTCGCCCTTATTCCCTTTTTTGCGGCATTTTGCCTTCCTGTTTTTGCTCACCCAGAAACGCTGGTGAAAGTAAAAGATGCTGAAGATCAGTTGGGTGCACGAGTGGGTTACATCGAACTGGATCTCAACAGCGGTAAGATCCTTGAGAGTTTTCGCCCCGAAGAACGTTTTCCAATGATGAGCACTTTTAAAGTTCTGCTATGTGGTGCGGTATTATCCCGTGTTGACGCCGGGCAAGAGCAACTCGGTCGCCGCATACACTATTCTCAGAATGACTTGGTTGAGTACTCACCAGTCACAGAAAAGCATCTTACGGATGGCATGACAGTAAGAGAATTATGCAGTGCTGCCATAACCATGAGTGATAACACTGCTGCCAACTTACTTCTGACAACGATCGGAGGACCGAAGGAGCTAACCGCTTTTTTGCACAACATGGGGGATCATGTAACTCGCCTTGATCGTTGGGAACCGGAGCTGAATGAAGCCATACCAAACGACGAGCGTGACACCACGATGCCTGCAGCAATGGCAACAACGTTGCGCAAACTATTAACTGGCGAACTACTTACTCTAGCTTCCCGGCAACAATTAATAGACTGGATGGAGGCGGATAAAGTTGCAGGACCACTTCTGCGCTCGGCCCTTCCGGCTGGCTGGTTTATTGCTGATAAATCTGGAGCCGGTGAGCGTGGGTCTCGCGGTATCATTGCAGCACTGGGGCCAGATGGTAAGCCCTCCCGTATCGTAGTTATCTACACGACGGGGAGTCAGGCAACTATGGATGAACGAAATAGACAGATCGCTGAGATAGGTGCCTCACTGATTAAGCATTGGTAA	ATGAGTATTCAACATTTCCGTGTCGCCCTTATTCCCTTTTTTGCGGCATTTTGC...TAA	861	37	897	861.0	5967+	ATGAGTATTCAACATTTCCGTGTCGCCCTTATTCCCTTTTTTGCGGCATTTTGCCTTCCTGTTTTTGCTCACCCAGAAACGCTGGTGAAAGTAAAAGATGCTGAAGATCAGTTGGGTGCACGAGTGGGTTACATCGAACTGGATCTCAACAGCGGTAAGATCCTTGAGAGTTTTCGCCCCGAAGAACGTTTTCCAATGATGAGCACTTTTAAAGTTCTGCTATGTGGTGCGGTATTATCCCGTGTTGACGCCGGGCAAGAGCAACTCGGTCGCCGCATACACTATTCTCAGAATGACTTGGTTGAGTACTCACCAGTCACAGAAAAGCATCTTACGGATGGCATGACAGTAAGAGAATTATGCAGTGCTGCCATAACCATGAGTGATAACACTGCTGCCAACTTACTTCTGACAACGATCGGAGGACCGAAGGAGCTAACCGCTTTTTTGCACAACATGGGGGATCATGTAACTCGCCTTGATCGTTGGGAACCGGAGCTGAATGAAGCCATACCAAACGACGAGCGTGACACCACGATGCCTGCAGCAATGGCAACAACGTTGCGCAAACTATTAACTGGCGAACTACTTACTCTAGCTTCCCGGCAACAATTAATAGACTGGATGGAGGCGGATAAAGTTGCAGGACCACTTCTGCGCTCGGCCCTTCCGGCTGGCTGGTTTATTGCTGATAAATCTGGAGCCGGTGAGCGTGGGTCTCGCGGTATCATTGCAGCACTGGGGCCAGATGGTAAGCCCTCCCGTATCGTAGTTATCTACACGACGGGGAGTCAGGCAACTATGGATGAACGAAATAGACAGATCGCTGAGATAGGTGCCTCACTGATTAAGCATTGGTAA	ATGAGTATTCAACATTTCCGTGTCGCCCTTATTCCCTTTTTTGCGGCATTTTGC...TAA	861	5967	37	897	True	True	True
280	gb|JX050178|+|0-853|ARO:3001058|TEM-199	TCAACATTTCCGTGTCGCCCTTATTCCCTTTTTTGCGGCATTTTGCCTTCCTGT...TAA	853	(45) 5967+ (897)	45	897	TCAACATTTCCGTGTCGCCCTTATTCCCTTTTTTGCGGCATTTTGCCTTCCTGTTTTTGCTCACCCAGAAACGCTGGTGAAAGTAAAAGATGCTGAAGATCAGTTGGGTGCACGAGTGGGTTACATCGAACTGGATCTCAACAGCGGTAAGATCCTTGAGAGTTTTCGCCCCGAAGAACGTTTTCCAATGATGAGCACTTTTAAAGTTCTGCTATGTGGTGCGGTATTATCCCGTGTTGACGCCGGGCAAGAGCAACTCGGTCGCCGCATACACTATTCTCAGAATGACTTGGTTGAGTACTCACCAGTCACAGAAAAGCATCTTACGGATGGCATGACAGTAAGAGAATTATGCAGTGCTGCCATAACCATGAGTGATAACACTGCTGCCAACTTACTTCTGACAACGATCGGAGGACCGAAGGAGCTAACCGCTTTTTTGCACAACATGGGGGATCATGTAACTCGCCTTGATCGTTGGGAACCGGAGCTGAATGAAGCCATACCAAACGACGAGCGTGACACCACGATGCCTGCAGCAATGGCAACAACGTTGCGCAAACTATTAACTGGCGAACTACTTACTCTAGCTTCCCGGCAACAATTAATAGACTGGATGGAGGCGGATAAAGTTGCAGGACCACTTCTGCGCTCGGCCCTTCCGGCTGGCTGGTTTATTGCTGATAAATCTGGAGCCGGTGAGCGTGGGTCTCGCGGTATCATTGCAGCACTGGGGCCAGATGGTAAGCCCTCCCGTATCGTAGTTATCTACACGACGGGGAGTCAGGCAACTATGGATGAACGAAATAGACAGATCGCTGAGATAGGTGCCTCACTGATTAAGCATTGGTAA	TCAACATTTCCGTGTCGCCCTTATTCCCTTTTTTGCGGCATTTTGCCTTCCTGT...TAA	853	1000	999	999.0	999	999	TCAACATTTCCGTGTCGCCCTTATTCCCTTTTTTGCGGCATTTTGCCTTCCTGT...TAA	853				False	False	False
281	gb|JX121114|+|0-858|ARO:3001186|SHV-147	ATGCGTTATATTCGCCTGTGTATTATCTCCCTGTTAGCCACCCTGCCGCTGGCG...CGC	858	(24) 5151- (881)	24	881	ATGCGTTATATTCGCCTGTGTATTATCTCCCTGTTAGCCACCCTGCCGCTGGCGGTACACGCCAGCCCGCAGCCGCTTGAGCAAATTAAACAAAGCGAAAGCCAGCTGTCGGGCCGCGTAGGCATGATAGAAATGGATCTGGCCAGCGGCCGCACGCTGACCGCCTGGCGCGCCGATGAACGCTTTCCCATGATGAGCACCTTTAAAGTAGTGCTCTGCGGCGCAGTGCTGGCGCGGGTGGATGCCGGTGACGAACAGCTGGAGCGAAAGATCCACTATCGCCAGCAGGATCTGGTGGACTACTCGCCGGTCAGCGAAAAACACCTTGCCGACGGCATGACGGTCGGCGAACTCTGCGCCGCCGCCATTACCATGAGCGATAACAGCGCCGCCAATCTGCTGCTGGCCACCGTCGGCGGCCCCGCAGGATTGACTGCCTTTTTGCGCCAGATCGGCGACAACGTCACCCGCCTTGACCGCTGGGAAACGGAACTGAATGAGGCGCTTCCCGGCGACGCCCGCGACACCACTACCCCGGCCAGCATGGCCGCGACCCTGCGCAAGCTGCTGACCAGCCAGCGTCTGAGCGCCCGTTCGCAACGGCAGCTGCTGCAGTGGATGGTGGACGATCGGGTCGCCGGACCGTTGATCCGCTCCGTGCTGCCGGCGGGCTGGTTTATCGCCGATAAGACCGGAGCTAGCAAGCGGGGTGCGCGCGGGATTGTCGCCCTGCTTGGCCCGAATAACAAAGCAGAGCGCATCGTGGTGATTTATCTGCGGGATACGCCGGCGAGCATGGCCGAGCGAAATCAGCAAATCGCCGGGATCGGCGCGGCGCTGATCGAGCACTGGCAACGC	ATGCGTTATATTCGCCTGTGTATTATCTCCCTGTTAGCCACCCTGCCGCTGGCG...CGC	858	1000	999	999.0	999	999	ATGCGTTATATTCGCCTGTGTATTATCTCCCTGTTAGCCACCCTGCCGCTGGCG...CGC	858	5151	24	881	False	True	False
282	gb|JX121115|+|0-858|ARO:3001187|SHV-148	ATGCGTTATATTCGCCTGTGTATTATCTCCCTGTTAGCCACCCTGCCGCTGGCG...CAA	858	(24) 5151- (879)	24	879	ATGCGTTATATTCGCCTGTGTATTATCTCCCTGTTAGCCACCCTGCCGCTGGCGGTACACGCCAGCCCGCAGCCGCTTGAGCAAATTAAACAAAGCGAAAGCCAGCTGTCGGGCCGCGTAGGCATGATAGAAATGGATCTGGCCAGCGGCCGCACGCTGACCGCCTGGCGCGCCGATGAACGCTTTCCCATGATGAGCACCTTTAAAGTAGTGCTCTGCGGCGCAGTGCTGGCGCGGGTGGATGCCGGTGACGAACAGCTGGAGCGAAAGATCCACTATCGCCAGCAGGATCTGGTGGACTACTCGCCGGTCAGCGAAAAACACCTTGCCGACGGCATGACGGTCGGCGAACTCTGCGCCGCCGCCATTACCATGAGCGATAACAGCGCCGCCAATCTGCTGCTGGCCACCGTCGGCGGCCCCGCAGGATTGACTGCCTTTTTGCGCCAGATCGGCGACAACGTCACCCGCCTTGACCGCTGGGAAACGGAACTGAATGAGGCGCTTCCCGGCGACGCCCGCGACACCACTACCCCGGCCAGCATGGCCGCGACCCTGCGCAAGCTGCTGACCAGCCAGCGTCTGAGCGCCCGTTCGCAACGGCAGCTGCTGCAGTGGATGGTGGACGATCGGGTCGCCGGACCGTTGATCCGCTCCGTGCTGCCGGCGGGCTGGTTTATCGCCGATAAGACCGGAGCTAGCAAGCGGGGTGCGCGCGGGATTGTCGCCCTGCTTGGCCCGAATAACAAAGCAGAGCGCATCGTGGTGATTTATCTGCGGGATACGCCGGCGAGCATGGCCGAGCGAAATCAGCAAATCGCCGGGATCGGCGCGGCGCTGATCGAGCACTGGCAAC	ATGCGTTATATTCGCCTGTGTATTATCTCCCTGTTAGCCACCCTGCCGCTGGCG...CAA	858	1000	999	999.0	999	999	ATGCGTTATATTCGCCTGTGTATTATCTCCCTGTTAGCCACCCTGCCGCTGGCG...CAA	858	5151	24	879	False	True	False
283	gb|JX121116|+|0-858|ARO:3001188|SHV-149	ATGCGTTATATTCGCCTGTGTATTATCTCCCTGTTAGCCACCCTGCCGCTGGCG...CGC	858	(24) 5151- (881)	24	881	ATGCGTTATATTCGCCTGTGTATTATCTCCCTGTTAGCCACCCTGCCGCTGGCGGTACACGCCAGCCCGCAGCCGCTTGAGCAAATTAAACAAAGCGAAAGCCAGCTGTCGGGCCGCGTAGGCATGATAGAAATGGATCTGGCCAGCGGCCGCACGCTGACCGCCTGGCGCGCCGATGAACGCTTTCCCATGATGAGCACCTTTAAAGTAGTGCTCTGCGGCGCAGTGCTGGCGCGGGTGGATGCCGGTGACGAACAGCTGGAGCGAAAGATCCACTATCGCCAGCAGGATCTGGTGGACTACTCGCCGGTCAGCGAAAAACACCTTGCCGACGGCATGACGGTCGGCGAACTCTGCGCCGCCGCCATTACCATGAGCGATAACAGCGCCGCCAATCTGCTGCTGGCCACCGTCGGCGGCCCCGCAGGATTGACTGCCTTTTTGCGCCAGATCGGCGACAACGTCACCCGCCTTGACCGCTGGGAAACGGAACTGAATGAGGCGCTTCCCGGCGACGCCCGCGACACCACTACCCCGGCCAGCATGGCCGCGACCCTGCGCAAGCTGCTGACCAGCCAGCGTCTGAGCGCCCGTTCGCAACGGCAGCTGCTGCAGTGGATGGTGGACGATCGGGTCGCCGGACCGTTGATCCGCTCCGTGCTGCCGGCGGGCTGGTTTATCGCCGATAAGACCGGAGCTAGCAAGCGGGGTGCGCGCGGGATTGTCGCCCTGCTTGGCCCGAATAACAAAGCAGAGCGCATCGTGGTGATTTATCTGCGGGATACGCCGGCGAGCATGGCCGAGCGAAATCAGCAAATCGCCGGGATCGGCGCGGCGCTGATCGAGCACTGGCAACGC	ATGCGTTATATTCGCCTGTGTATTATCTCCCTGTTAGCCACCCTGCCGCTGGCG...CGC	858	1000	999	999.0	999	999	ATGCGTTATATTCGCCTGTGTATTATCTCCCTGTTAGCCACCCTGCCGCTGGCG...CGC	858	5151	24	881	False	True	False
284	gb|JX121117|+|0-858|ARO:3001189|SHV-150	ATGCGTTATATTCGCCTGTGTATTATCTCCCTGTTAGCCACCCTGCCGCTGGCG...CGC	858	(24) 5151- (881)	24	881	ATGCGTTATATTCGCCTGTGTATTATCTCCCTGTTAGCCACCCTGCCGCTGGCGGTACACGCCAGCCCGCAGCCGCTTGAGCAAATTAAACAAAGCGAAAGCCAGCTGTCGGGCCGCGTAGGCATGATAGAAATGGATCTGGCCAGCGGCCGCACGCTGACCGCCTGGCGCGCCGATGAACGCTTTCCCATGATGAGCACCTTTAAAGTAGTGCTCTGCGGCGCAGTGCTGGCGCGGGTGGATGCCGGTGACGAACAGCTGGAGCGAAAGATCCACTATCGCCAGCAGGATCTGGTGGACTACTCGCCGGTCAGCGAAAAACACCTTGCCGACGGCATGACGGTCGGCGAACTCTGCGCCGCCGCCATTACCATGAGCGATAACAGCGCCGCCAATCTGCTGCTGGCCACCGTCGGCGGCCCCGCAGGATTGACTGCCTTTTTGCGCCAGATCGGCGACAACGTCACCCGCCTTGACCGCTGGGAAACGGAACTGAATGAGGCGCTTCCCGGCGACGCCCGCGACACCACTACCCCGGCCAGCATGGCCGCGACCCTGCGCAAGCTGCTGACCAGCCAGCGTCTGAGCGCCCGTTCGCAACGGCAGCTGCTGCAGTGGATGGTGGACGATCGGGTCGCCGGACCGTTGATCCGCTCCGTGCTGCCGGCGGGCTGGTTTATCGCCGATAAGACCGGAGCTAGCAAGCGGGGTGCGCGCGGGATTGTCGCCCTGCTTGGCCCGAATAACAAAGCAGAGCGCATCGTGGTGATTTATCTGCGGGATACGCCGGCGAGCATGGCCGAGCGAAATCAGCAAATCGCCGGGATCGGCGCGGCGCTGATCGAGCACTGGCAACGC	ATGCGTTATATTCGCCTGTGTATTATCTCCCTGTTAGCCACCCTGCCGCTGGCG...CGC	858	1000	999	999.0	999	999	ATGCGTTATATTCGCCTGTGTATTATCTCCCTGTTAGCCACCCTGCCGCTGGCG...CGC	858	5151	24	881	False	True	False
285	gb|JX121118|+|0-858|ARO:3001190|SHV-151	ATGCGTTATATTCGCCTGTGTATTATCTCCCTGTTAGCCACCCTGCCGCTGGCG...CGC	858	(24) 5151- (881)	24	881	ATGCGTTATATTCGCCTGTGTATTATCTCCCTGTTAGCCACCCTGCCGCTGGCGGTACACGCCAGCCCGCAGCCGCTTGAGCAAATTAAACAAAGCGAAAGCCAGCTGTCGGGCCGCGTAGGCATGATAGAAATGGATCTGGCCAGCGGCCGCACGCTGACCGCCTGGCGCGCCGATGAACGCTTTCCCATGATGAGCACCTTTAAAGTAGTGCTCTGCGGCGCAGTGCTGGCGCGGGTGGATGCCGGTGACGAACAGCTGGAGCGAAAGATCCACTATCGCCAGCAGGATCTGGTGGACTACTCGCCGGTCAGCGAAAAACACCTTGCCGACGGCATGACGGTCGGCGAACTCTGCGCCGCCGCCATTACCATGAGCGATAACAGCGCCGCCAATCTGCTGCTGGCCACCGTCGGCGGCCCCGCAGGATTGACTGCCTTTTTGCGCCAGATCGGCGACAACGTCACCCGCCTTGACCGCTGGGAAACGGAACTGAATGAGGCGCTTCCCGGCGACGCCCGCGACACCACTACCCCGGCCAGCATGGCCGCGACCCTGCGCAAGCTGCTGACCAGCCAGCGTCTGAGCGCCCGTTCGCAACGGCAGCTGCTGCAGTGGATGGTGGACGATCGGGTCGCCGGACCGTTGATCCGCTCCGTGCTGCCGGCGGGCTGGTTTATCGCCGATAAGACCGGAGCTAGCAAGCGGGGTGCGCGCGGGATTGTCGCCCTGCTTGGCCCGAATAACAAAGCAGAGCGCATCGTGGTGATTTATCTGCGGGATACGCCGGCGAGCATGGCCGAGCGAAATCAGCAAATCGCCGGGATCGGCGCGGCGCTGATCGAGCACTGGCAACGC	ATGCGTTATATTCGCCTGTGTATTATCTCCCTGTTAGCCACCCTGCCGCTGGCG...CGC	858	1000	999	999.0	999	999	ATGCGTTATATTCGCCTGTGTATTATCTCCCTGTTAGCCACCCTGCCGCTGGCG...CGC	858	5151	24	881	False	True	False
286	gb|JX121119|+|0-858|ARO:3001191|SHV-152	ATGCGTTATATTCGCCTGTGTATTATCTCCCTGTTAGCCACCCTGCCGCTGGCG...CGC	858	(24) 5151- (881)	24	881	ATGCGTTATATTCGCCTGTGTATTATCTCCCTGTTAGCCACCCTGCCGCTGGCGGTACACGCCAGCCCGCAGCCGCTTGAGCAAATTAAACAAAGCGAAAGCCAGCTGTCGGGCCGCGTAGGCATGATAGAAATGGATCTGGCCAGCGGCCGCACGCTGACCGCCTGGCGCGCCGATGAACGCTTTCCCATGATGAGCACCTTTAAAGTAGTGCTCTGCGGCGCAGTGCTGGCGCGGGTGGATGCCGGTGACGAACAGCTGGAGCGAAAGATCCACTATCGCCAGCAGGATCTGGTGGACTACTCGCCGGTCAGCGAAAAACACCTTGCCGACGGCATGACGGTCGGCGAACTCTGCGCCGCCGCCATTACCATGAGCGATAACAGCGCCGCCAATCTGCTGCTGGCCACCGTCGGCGGCCCCGCAGGATTGACTGCCTTTTTGCGCCAGATCGGCGACAACGTCACCCGCCTTGACCGCTGGGAAACGGAACTGAATGAGGCGCTTCCCGGCGACGCCCGCGACACCACTACCCCGGCCAGCATGGCCGCGACCCTGCGCAAGCTGCTGACCAGCCAGCGTCTGAGCGCCCGTTCGCAACGGCAGCTGCTGCAGTGGATGGTGGACGATCGGGTCGCCGGACCGTTGATCCGCTCCGTGCTGCCGGCGGGCTGGTTTATCGCCGATAAGACCGGAGCTAGCAAGCGGGGTGCGCGCGGGATTGTCGCCCTGCTTGGCCCGAATAACAAAGCAGAGCGCATCGTGGTGATTTATCTGCGGGATACGCCGGCGAGCATGGCCGAGCGAAATCAGCAAATCGCCGGGATCGGCGCGGCGCTGATCGAGCACTGGCAACGC	ATGCGTTATATTCGCCTGTGTATTATCTCCCTGTTAGCCACCCTGCCGCTGGCG...CGC	858	1000	999	999.0	999	999	ATGCGTTATATTCGCCTGTGTATTATCTCCCTGTTAGCCACCCTGCCGCTGGCG...CGC	858	5151	24	881	False	True	False
287	gb|JX121120|+|0-858|ARO:3001192|SHV-153	ATGCGTTATATTCGCCTGTGTATTATCTCCCTGTTAGCCACCCTGCCGCTGGCG...CGC	858	(24) 5151- (881)	24	881	ATGCGTTATATTCGCCTGTGTATTATCTCCCTGTTAGCCACCCTGCCGCTGGCGGTACACGCCAGCCCGCAGCCGCTTGAGCAAATTAAACAAAGCGAAAGCCAGCTGTCGGGCCGCGTAGGCATGATAGAAATGGATCTGGCCAGCGGCCGCACGCTGACCGCCTGGCGCGCCGATGAACGCTTTCCCATGATGAGCACCTTTAAAGTAGTGCTCTGCGGCGCAGTGCTGGCGCGGGTGGATGCCGGTGACGAACAGCTGGAGCGAAAGATCCACTATCGCCAGCAGGATCTGGTGGACTACTCGCCGGTCAGCGAAAAACACCTTGCCGACGGCATGACGGTCGGCGAACTCTGCGCCGCCGCCATTACCATGAGCGATAACAGCGCCGCCAATCTGCTGCTGGCCACCGTCGGCGGCCCCGCAGGATTGACTGCCTTTTTGCGCCAGATCGGCGACAACGTCACCCGCCTTGACCGCTGGGAAACGGAACTGAATGAGGCGCTTCCCGGCGACGCCCGCGACACCACTACCCCGGCCAGCATGGCCGCGACCCTGCGCAAGCTGCTGACCAGCCAGCGTCTGAGCGCCCGTTCGCAACGGCAGCTGCTGCAGTGGATGGTGGACGATCGGGTCGCCGGACCGTTGATCCGCTCCGTGCTGCCGGCGGGCTGGTTTATCGCCGATAAGACCGGAGCTAGCAAGCGGGGTGCGCGCGGGATTGTCGCCCTGCTTGGCCCGAATAACAAAGCAGAGCGCATCGTGGTGATTTATCTGCGGGATACGCCGGCGAGCATGGCCGAGCGAAATCAGCAAATCGCCGGGATCGGCGCGGCGCTGATCGAGCACTGGCAACGC	ATGCGTTATATTCGCCTGTGTATTATCTCCCTGTTAGCCACCCTGCCGCTGGCG...CGC	858	1000	999	999.0	999	999	ATGCGTTATATTCGCCTGTGTATTATCTCCCTGTTAGCCACCCTGCCGCTGGCG...CGC	858	5151	24	881	False	True	False
288	gb|JX121121|+|0-858|ARO:3001193|SHV-154	ATGCGTTATATTCGCCTGTGTATTATCTCCCTGTTAGCCACCCTGCCGCTGGCG...CGC	858	(24) 5151- (881)	24	881	ATGCGTTATATTCGCCTGTGTATTATCTCCCTGTTAGCCACCCTGCCGCTGGCGGTACACGCCAGCCCGCAGCCGCTTGAGCAAATTAAACAAAGCGAAAGCCAGCTGTCGGGCCGCGTAGGCATGATAGAAATGGATCTGGCCAGCGGCCGCACGCTGACCGCCTGGCGCGCCGATGAACGCTTTCCCATGATGAGCACCTTTAAAGTAGTGCTCTGCGGCGCAGTGCTGGCGCGGGTGGATGCCGGTGACGAACAGCTGGAGCGAAAGATCCACTATCGCCAGCAGGATCTGGTGGACTACTCGCCGGTCAGCGAAAAACACCTTGCCGACGGCATGACGGTCGGCGAACTCTGCGCCGCCGCCATTACCATGAGCGATAACAGCGCCGCCAATCTGCTGCTGGCCACCGTCGGCGGCCCCGCAGGATTGACTGCCTTTTTGCGCCAGATCGGCGACAACGTCACCCGCCTTGACCGCTGGGAAACGGAACTGAATGAGGCGCTTCCCGGCGACGCCCGCGACACCACTACCCCGGCCAGCATGGCCGCGACCCTGCGCAAGCTGCTGACCAGCCAGCGTCTGAGCGCCCGTTCGCAACGGCAGCTGCTGCAGTGGATGGTGGACGATCGGGTCGCCGGACCGTTGATCCGCTCCGTGCTGCCGGCGGGCTGGTTTATCGCCGATAAGACCGGAGCTAGCAAGCGGGGTGCGCGCGGGATTGTCGCCCTGCTTGGCCCGAATAACAAAGCAGAGCGCATCGTGGTGATTTATCTGCGGGATACGCCGGCGAGCATGGCCGAGCGAAATCAGCAAATCGCCGGGATCGGCGCGGCGCTGATCGAGCACTGGCAACGC	ATGCGTTATATTCGCCTGTGTATTATCTCCCTGTTAGCCACCCTGCCGCTGGCG...CGC	858	1000	999	999.0	999	999	ATGCGTTATATTCGCCTGTGTATTATCTCCCTGTTAGCCACCCTGCCGCTGGCG...CGC	858	5151	24	881	False	True	False
289	gb|JX121122|+|0-858|ARO:3001194|SHV-155	ATGCGTTATATTCGCCTGTGTATTATCTCCCTGTTAGCCACCCTGCCGCTGGCG...CAA	858	(24) 5151- (879)	24	879	ATGCGTTATATTCGCCTGTGTATTATCTCCCTGTTAGCCACCCTGCCGCTGGCGGTACACGCCAGCCCGCAGCCGCTTGAGCAAATTAAACAAAGCGAAAGCCAGCTGTCGGGCCGCGTAGGCATGATAGAAATGGATCTGGCCAGCGGCCGCACGCTGACCGCCTGGCGCGCCGATGAACGCTTTCCCATGATGAGCACCTTTAAAGTAGTGCTCTGCGGCGCAGTGCTGGCGCGGGTGGATGCCGGTGACGAACAGCTGGAGCGAAAGATCCACTATCGCCAGCAGGATCTGGTGGACTACTCGCCGGTCAGCGAAAAACACCTTGCCGACGGCATGACGGTCGGCGAACTCTGCGCCGCCGCCATTACCATGAGCGATAACAGCGCCGCCAATCTGCTGCTGGCCACCGTCGGCGGCCCCGCAGGATTGACTGCCTTTTTGCGCCAGATCGGCGACAACGTCACCCGCCTTGACCGCTGGGAAACGGAACTGAATGAGGCGCTTCCCGGCGACGCCCGCGACACCACTACCCCGGCCAGCATGGCCGCGACCCTGCGCAAGCTGCTGACCAGCCAGCGTCTGAGCGCCCGTTCGCAACGGCAGCTGCTGCAGTGGATGGTGGACGATCGGGTCGCCGGACCGTTGATCCGCTCCGTGCTGCCGGCGGGCTGGTTTATCGCCGATAAGACCGGAGCTAGCAAGCGGGGTGCGCGCGGGATTGTCGCCCTGCTTGGCCCGAATAACAAAGCAGAGCGCATCGTGGTGATTTATCTGCGGGATACGCCGGCGAGCATGGCCGAGCGAAATCAGCAAATCGCCGGGATCGGCGCGGCGCTGATCGAGCACTGGCAAC	ATGCGTTATATTCGCCTGTGTATTATCTCCCTGTTAGCCACCCTGCCGCTGGCG...CAA	858	1000	999	999.0	999	999	ATGCGTTATATTCGCCTGTGTATTATCTCCCTGTTAGCCACCCTGCCGCTGGCG...CAA	858	5151	24	879	False	True	False
290	gb|JX121123|+|0-861|ARO:3001195|SHV-156	ATGCGTTATATTCGCCTGTGTATTATCTCCCTGTTAGCCACCCTGCCGCTGGCG...TAA	861	(24) 5151- (884)	24	884	ATGCGTTATATTCGCCTGTGTATTATCTCCCTGTTAGCCACCCTGCCGCTGGCGGTACACGCCAGCCCGCAGCCGCTTGAGCAAATTAAACAAAGCGAAAGCCAGCTGTCGGGCCGCGTAGGCATGATAGAAATGGATCTGGCCAGCGGCCGCACGCTGACCGCCTGGCGCGCCGATGAACGCTTTCCCATGATGAGCACCTTTAAAGTAGTGCTCTGCGGCGCAGTGCTGGCGCGGGTGGATGCCGGTGACGAACAGCTGGAGCGAAAGATCCACTATCGCCAGCAGGATCTGGTGGACTACTCGCCGGTCAGCGAAAAACACCTTGCCGACGGCATGACGGTCGGCGAACTCTGCGCCGCCGCCATTACCATGAGCGATAACAGCGCCGCCAATCTGCTGCTGGCCACCGTCGGCGGCCCCGCAGGATTGACTGCCTTTTTGCGCCAGATCGGCGACAACGTCACCCGCCTTGACCGCTGGGAAACGGAACTGAATGAGGCGCTTCCCGGCGACGCCCGCGACACCACTACCCCGGCCAGCATGGCCGCGACCCTGCGCAAGCTGCTGACCAGCCAGCGTCTGAGCGCCCGTTCGCAACGGCAGCTGCTGCAGTGGATGGTGGACGATCGGGTCGCCGGACCGTTGATCCGCTCCGTGCTGCCGGCGGGCTGGTTTATCGCCGATAAGACCGGAGCTAGCAAGCGGGGTGCGCGCGGGATTGTCGCCCTGCTTGGCCCGAATAACAAAGCAGAGCGCATCGTGGTGATTTATCTGCGGGATACGCCGGCGAGCATGGCCGAGCGAAATCAGCAAATCGCCGGGATCGGCGCGGCGCTGATCGAGCACTGGCAACGCTAA	ATGCGTTATATTCGCCTGTGTATTATCTCCCTGTTAGCCACCCTGCCGCTGGCG...TAA	861	1000	999	999.0	999	999	ATGCGTTATATTCGCCTGTGTATTATCTCCCTGTTAGCCACCCTGCCGCTGGCG...TAA	861	5151	24	884	False	True	False
291	gb|JX121124|+|0-861|ARO:3001196|SHV-157	ATGCGTTATATTCGCCTGTGTATTATCTCCCTGTTAGCCACCCTGCCGCTGGCG...TAA	861	(24) 5151- (884)	24	884	ATGCGTTATATTCGCCTGTGTATTATCTCCCTGTTAGCCACCCTGCCGCTGGCGGTACACGCCAGCCCGCAGCCGCTTGAGCAAATTAAACAAAGCGAAAGCCAGCTGTCGGGCCGCGTAGGCATGATAGAAATGGATCTGGCCAGCGGCCGCACGCTGACCGCCTGGCGCGCCGATGAACGCTTTCCCATGATGAGCACCTTTAAAGTAGTGCTCTGCGGCGCAGTGCTGGCGCGGGTGGATGCCGGTGACGAACAGCTGGAGCGAAAGATCCACTATCGCCAGCAGGATCTGGTGGACTACTCGCCGGTCAGCGAAAAACACCTTGCCGACGGCATGACGGTCGGCGAACTCTGCGCCGCCGCCATTACCATGAGCGATAACAGCGCCGCCAATCTGCTGCTGGCCACCGTCGGCGGCCCCGCAGGATTGACTGCCTTTTTGCGCCAGATCGGCGACAACGTCACCCGCCTTGACCGCTGGGAAACGGAACTGAATGAGGCGCTTCCCGGCGACGCCCGCGACACCACTACCCCGGCCAGCATGGCCGCGACCCTGCGCAAGCTGCTGACCAGCCAGCGTCTGAGCGCCCGTTCGCAACGGCAGCTGCTGCAGTGGATGGTGGACGATCGGGTCGCCGGACCGTTGATCCGCTCCGTGCTGCCGGCGGGCTGGTTTATCGCCGATAAGACCGGAGCTAGCAAGCGGGGTGCGCGCGGGATTGTCGCCCTGCTTGGCCCGAATAACAAAGCAGAGCGCATCGTGGTGATTTATCTGCGGGATACGCCGGCGAGCATGGCCGAGCGAAATCAGCAAATCGCCGGGATCGGCGCGGCGCTGATCGAGCACTGGCAACGCTAA	ATGCGTTATATTCGCCTGTGTATTATCTCCCTGTTAGCCACCCTGCCGCTGGCG...TAA	861	1000	999	999.0	999	999	ATGCGTTATATTCGCCTGTGTATTATCTCCCTGTTAGCCACCCTGCCGCTGGCG...TAA	861	5151	24	884	False	True	False
292	gb|JX121125|+|0-858|ARO:3001197|SHV-158	ATGCGTTATATTCGCCTGTGTATTATCTCCCTGTTAGCCACCCTGCCGCTGGCG...CGC	858	(24) 5151- (881)	24	881	ATGCGTTATATTCGCCTGTGTATTATCTCCCTGTTAGCCACCCTGCCGCTGGCGGTACACGCCAGCCCGCAGCCGCTTGAGCAAATTAAACAAAGCGAAAGCCAGCTGTCGGGCCGCGTAGGCATGATAGAAATGGATCTGGCCAGCGGCCGCACGCTGACCGCCTGGCGCGCCGATGAACGCTTTCCCATGATGAGCACCTTTAAAGTAGTGCTCTGCGGCGCAGTGCTGGCGCGGGTGGATGCCGGTGACGAACAGCTGGAGCGAAAGATCCACTATCGCCAGCAGGATCTGGTGGACTACTCGCCGGTCAGCGAAAAACACCTTGCCGACGGCATGACGGTCGGCGAACTCTGCGCCGCCGCCATTACCATGAGCGATAACAGCGCCGCCAATCTGCTGCTGGCCACCGTCGGCGGCCCCGCAGGATTGACTGCCTTTTTGCGCCAGATCGGCGACAACGTCACCCGCCTTGACCGCTGGGAAACGGAACTGAATGAGGCGCTTCCCGGCGACGCCCGCGACACCACTACCCCGGCCAGCATGGCCGCGACCCTGCGCAAGCTGCTGACCAGCCAGCGTCTGAGCGCCCGTTCGCAACGGCAGCTGCTGCAGTGGATGGTGGACGATCGGGTCGCCGGACCGTTGATCCGCTCCGTGCTGCCGGCGGGCTGGTTTATCGCCGATAAGACCGGAGCTAGCAAGCGGGGTGCGCGCGGGATTGTCGCCCTGCTTGGCCCGAATAACAAAGCAGAGCGCATCGTGGTGATTTATCTGCGGGATACGCCGGCGAGCATGGCCGAGCGAAATCAGCAAATCGCCGGGATCGGCGCGGCGCTGATCGAGCACTGGCAACGC	ATGCGTTATATTCGCCTGTGTATTATCTCCCTGTTAGCCACCCTGCCGCTGGCG...CGC	858	1000	999	999.0	999	999	ATGCGTTATATTCGCCTGTGTATTATCTCCCTGTTAGCCACCCTGCCGCTGGCG...CGC	858	5151	24	881	False	True	False
293	gb|JX121126|+|0-858|ARO:3001198|SHV-159	ATGCGTTATATTCGCCTGTGTATTATCTCCCTGTTAGCCACCCTGCCGCTGGCG...CGC	858	(24) 5151- (881)	24	881	ATGCGTTATATTCGCCTGTGTATTATCTCCCTGTTAGCCACCCTGCCGCTGGCGGTACACGCCAGCCCGCAGCCGCTTGAGCAAATTAAACAAAGCGAAAGCCAGCTGTCGGGCCGCGTAGGCATGATAGAAATGGATCTGGCCAGCGGCCGCACGCTGACCGCCTGGCGCGCCGATGAACGCTTTCCCATGATGAGCACCTTTAAAGTAGTGCTCTGCGGCGCAGTGCTGGCGCGGGTGGATGCCGGTGACGAACAGCTGGAGCGAAAGATCCACTATCGCCAGCAGGATCTGGTGGACTACTCGCCGGTCAGCGAAAAACACCTTGCCGACGGCATGACGGTCGGCGAACTCTGCGCCGCCGCCATTACCATGAGCGATAACAGCGCCGCCAATCTGCTGCTGGCCACCGTCGGCGGCCCCGCAGGATTGACTGCCTTTTTGCGCCAGATCGGCGACAACGTCACCCGCCTTGACCGCTGGGAAACGGAACTGAATGAGGCGCTTCCCGGCGACGCCCGCGACACCACTACCCCGGCCAGCATGGCCGCGACCCTGCGCAAGCTGCTGACCAGCCAGCGTCTGAGCGCCCGTTCGCAACGGCAGCTGCTGCAGTGGATGGTGGACGATCGGGTCGCCGGACCGTTGATCCGCTCCGTGCTGCCGGCGGGCTGGTTTATCGCCGATAAGACCGGAGCTAGCAAGCGGGGTGCGCGCGGGATTGTCGCCCTGCTTGGCCCGAATAACAAAGCAGAGCGCATCGTGGTGATTTATCTGCGGGATACGCCGGCGAGCATGGCCGAGCGAAATCAGCAAATCGCCGGGATCGGCGCGGCGCTGATCGAGCACTGGCAACGC	ATGCGTTATATTCGCCTGTGTATTATCTCCCTGTTAGCCACCCTGCCGCTGGCG...CGC	858	24	881	858.0	5151-	ATGCGTTATATTCGCCTGTGTATTATCTCCCTGTTAGCCACCCTGCCGCTGGCGGTACACGCCAGCCCGCAGCCGCTTGAGCAAATTAAACAAAGCGAAAGCCAGCTGTCGGGCCGCGTAGGCATGATAGAAATGGATCTGGCCAGCGGCCGCACGCTGACCGCCTGGCGCGCCGATGAACGCTTTCCCATGATGAGCACCTTTAAAGTAGTGCTCTGCGGCGCAGTGCTGGCGCGGGTGGATGCCGGTGACGAACAGCTGGAGCGAAAGATCCACTATCGCCAGCAGGATCTGGTGGACTACTCGCCGGTCAGCGAAAAACACCTTGCCGACGGCATGACGGTCGGCGAACTCTGCGCCGCCGCCATTACCATGAGCGATAACAGCGCCGCCAATCTGCTGCTGGCCACCGTCGGCGGCCCCGCAGGATTGACTGCCTTTTTGCGCCAGATCGGCGACAACGTCACCCGCCTTGACCGCTGGGAAACGGAACTGAATGAGGCGCTTCCCGGCGACGCCCGCGACACCACTACCCCGGCCAGCATGGCCGCGACCCTGCGCAAGCTGCTGACCAGCCAGCGTCTGAGCGCCCGTTCGCAACGGCAGCTGCTGCAGTGGATGGTGGACGATCGGGTCGCCGGACCGTTGATCCGCTCCGTGCTGCCGGCGGGCTGGTTTATCGCCGATAAGACCGGAGCTAGCAAGCGGGGTGCGCGCGGGATTGTCGCCCTGCTTGGCCCGAATAACAAAGCAGAGCGCATCGTGGTGATTTATCTGCGGGATACGCCGGCGAGCATGGCCGAGCGAAATCAGCAAATCGCCGGGATCGGCGCGGCGCTGATCGAGCACTGGCAACGC	ATGCGTTATATTCGCCTGTGTATTATCTCCCTGTTAGCCACCCTGCCGCTGGCG...CGC	858	5151	24	881	True	True	True
294	gb|JX121127|+|0-861|ARO:3001199|SHV-160	ATGCGTTATATTCGCCTGTGTATTATCTCCCTGTTAGCCACCCTGCCGCTGGCG...TAA	861	(24) 5151- (884)	24	884	ATGCGTTATATTCGCCTGTGTATTATCTCCCTGTTAGCCACCCTGCCGCTGGCGGTACACGCCAGCCCGCAGCCGCTTGAGCAAATTAAACAAAGCGAAAGCCAGCTGTCGGGCCGCGTAGGCATGATAGAAATGGATCTGGCCAGCGGCCGCACGCTGACCGCCTGGCGCGCCGATGAACGCTTTCCCATGATGAGCACCTTTAAAGTAGTGCTCTGCGGCGCAGTGCTGGCGCGGGTGGATGCCGGTGACGAACAGCTGGAGCGAAAGATCCACTATCGCCAGCAGGATCTGGTGGACTACTCGCCGGTCAGCGAAAAACACCTTGCCGACGGCATGACGGTCGGCGAACTCTGCGCCGCCGCCATTACCATGAGCGATAACAGCGCCGCCAATCTGCTGCTGGCCACCGTCGGCGGCCCCGCAGGATTGACTGCCTTTTTGCGCCAGATCGGCGACAACGTCACCCGCCTTGACCGCTGGGAAACGGAACTGAATGAGGCGCTTCCCGGCGACGCCCGCGACACCACTACCCCGGCCAGCATGGCCGCGACCCTGCGCAAGCTGCTGACCAGCCAGCGTCTGAGCGCCCGTTCGCAACGGCAGCTGCTGCAGTGGATGGTGGACGATCGGGTCGCCGGACCGTTGATCCGCTCCGTGCTGCCGGCGGGCTGGTTTATCGCCGATAAGACCGGAGCTAGCAAGCGGGGTGCGCGCGGGATTGTCGCCCTGCTTGGCCCGAATAACAAAGCAGAGCGCATCGTGGTGATTTATCTGCGGGATACGCCGGCGAGCATGGCCGAGCGAAATCAGCAAATCGCCGGGATCGGCGCGGCGCTGATCGAGCACTGGCAACGCTAA	ATGCGTTATATTCGCCTGTGTATTATCTCCCTGTTAGCCACCCTGCCGCTGGCG...TAA	861	24	884	861.0	5151-	ATGCGTTATATTCGCCTGTGTATTATCTCCCTGTTAGCCACCCTGCCGCTGGCGGTACACGCCAGCCCGCAGCCGCTTGAGCAAATTAAACAAAGCGAAAGCCAGCTGTCGGGCCGCGTAGGCATGATAGAAATGGATCTGGCCAGCGGCCGCACGCTGACCGCCTGGCGCGCCGATGAACGCTTTCCCATGATGAGCACCTTTAAAGTAGTGCTCTGCGGCGCAGTGCTGGCGCGGGTGGATGCCGGTGACGAACAGCTGGAGCGAAAGATCCACTATCGCCAGCAGGATCTGGTGGACTACTCGCCGGTCAGCGAAAAACACCTTGCCGACGGCATGACGGTCGGCGAACTCTGCGCCGCCGCCATTACCATGAGCGATAACAGCGCCGCCAATCTGCTGCTGGCCACCGTCGGCGGCCCCGCAGGATTGACTGCCTTTTTGCGCCAGATCGGCGACAACGTCACCCGCCTTGACCGCTGGGAAACGGAACTGAATGAGGCGCTTCCCGGCGACGCCCGCGACACCACTACCCCGGCCAGCATGGCCGCGACCCTGCGCAAGCTGCTGACCAGCCAGCGTCTGAGCGCCCGTTCGCAACGGCAGCTGCTGCAGTGGATGGTGGACGATCGGGTCGCCGGACCGTTGATCCGCTCCGTGCTGCCGGCGGGCTGGTTTATCGCCGATAAGACCGGAGCTAGCAAGCGGGGTGCGCGCGGGATTGTCGCCCTGCTTGGCCCGAATAACAAAGCAGAGCGCATCGTGGTGATTTATCTGCGGGATACGCCGGCGAGCATGGCCGAGCGAAATCAGCAAATCGCCGGGATCGGCGCGGCGCTGATCGAGCACTGGCAACGCTAA	ATGCGTTATATTCGCCTGTGTATTATCTCCCTGTTAGCCACCCTGCCGCTGGCG...TAA	861	5151	24	884	True	True	True
295	gb|JX121128|+|0-861|ARO:3001200|SHV-161	ATGCGTTATATTCGCCTGTGTATTATCTCCCTGTTAGCCACCCTGCCGCTGGCG...TAA	861	(24) 5151- (884)	24	884	ATGCGTTATATTCGCCTGTGTATTATCTCCCTGTTAGCCACCCTGCCGCTGGCGGTACACGCCAGCCCGCAGCCGCTTGAGCAAATTAAACAAAGCGAAAGCCAGCTGTCGGGCCGCGTAGGCATGATAGAAATGGATCTGGCCAGCGGCCGCACGCTGACCGCCTGGCGCGCCGATGAACGCTTTCCCATGATGAGCACCTTTAAAGTAGTGCTCTGCGGCGCAGTGCTGGCGCGGGTGGATGCCGGTGACGAACAGCTGGAGCGAAAGATCCACTATCGCCAGCAGGATCTGGTGGACTACTCGCCGGTCAGCGAAAAACACCTTGCCGACGGCATGACGGTCGGCGAACTCTGCGCCGCCGCCATTACCATGAGCGATAACAGCGCCGCCAATCTGCTGCTGGCCACCGTCGGCGGCCCCGCAGGATTGACTGCCTTTTTGCGCCAGATCGGCGACAACGTCACCCGCCTTGACCGCTGGGAAACGGAACTGAATGAGGCGCTTCCCGGCGACGCCCGCGACACCACTACCCCGGCCAGCATGGCCGCGACCCTGCGCAAGCTGCTGACCAGCCAGCGTCTGAGCGCCCGTTCGCAACGGCAGCTGCTGCAGTGGATGGTGGACGATCGGGTCGCCGGACCGTTGATCCGCTCCGTGCTGCCGGCGGGCTGGTTTATCGCCGATAAGACCGGAGCTAGCAAGCGGGGTGCGCGCGGGATTGTCGCCCTGCTTGGCCCGAATAACAAAGCAGAGCGCATCGTGGTGATTTATCTGCGGGATACGCCGGCGAGCATGGCCGAGCGAAATCAGCAAATCGCCGGGATCGGCGCGGCGCTGATCGAGCACTGGCAACGCTAA	ATGCGTTATATTCGCCTGTGTATTATCTCCCTGTTAGCCACCCTGCCGCTGGCG...TAA	861	24	884	861.0	5151-	ATGCGTTATATTCGCCTGTGTATTATCTCCCTGTTAGCCACCCTGCCGCTGGCGGTACACGCCAGCCCGCAGCCGCTTGAGCAAATTAAACAAAGCGAAAGCCAGCTGTCGGGCCGCGTAGGCATGATAGAAATGGATCTGGCCAGCGGCCGCACGCTGACCGCCTGGCGCGCCGATGAACGCTTTCCCATGATGAGCACCTTTAAAGTAGTGCTCTGCGGCGCAGTGCTGGCGCGGGTGGATGCCGGTGACGAACAGCTGGAGCGAAAGATCCACTATCGCCAGCAGGATCTGGTGGACTACTCGCCGGTCAGCGAAAAACACCTTGCCGACGGCATGACGGTCGGCGAACTCTGCGCCGCCGCCATTACCATGAGCGATAACAGCGCCGCCAATCTGCTGCTGGCCACCGTCGGCGGCCCCGCAGGATTGACTGCCTTTTTGCGCCAGATCGGCGACAACGTCACCCGCCTTGACCGCTGGGAAACGGAACTGAATGAGGCGCTTCCCGGCGACGCCCGCGACACCACTACCCCGGCCAGCATGGCCGCGACCCTGCGCAAGCTGCTGACCAGCCAGCGTCTGAGCGCCCGTTCGCAACGGCAGCTGCTGCAGTGGATGGTGGACGATCGGGTCGCCGGACCGTTGATCCGCTCCGTGCTGCCGGCGGGCTGGTTTATCGCCGATAAGACCGGAGCTAGCAAGCGGGGTGCGCGCGGGATTGTCGCCCTGCTTGGCCCGAATAACAAAGCAGAGCGCATCGTGGTGATTTATCTGCGGGATACGCCGGCGAGCATGGCCGAGCGAAATCAGCAAATCGCCGGGATCGGCGCGGCGCTGATCGAGCACTGGCAACGCTAA	ATGCGTTATATTCGCCTGTGTATTATCTCCCTGTTAGCCACCCTGCCGCTGGCG...TAA	861	5151	24	884	True	True	True
296	gb|JX121129|+|0-858|ARO:3001201|SHV-162	ATGCGTTATATTCGCCTGTGTATTATCTCCCTGTTAGCCACCCTGCCGCTGGCG...CGC	858	(24) 5151- (881)	24	881	ATGCGTTATATTCGCCTGTGTATTATCTCCCTGTTAGCCACCCTGCCGCTGGCGGTACACGCCAGCCCGCAGCCGCTTGAGCAAATTAAACAAAGCGAAAGCCAGCTGTCGGGCCGCGTAGGCATGATAGAAATGGATCTGGCCAGCGGCCGCACGCTGACCGCCTGGCGCGCCGATGAACGCTTTCCCATGATGAGCACCTTTAAAGTAGTGCTCTGCGGCGCAGTGCTGGCGCGGGTGGATGCCGGTGACGAACAGCTGGAGCGAAAGATCCACTATCGCCAGCAGGATCTGGTGGACTACTCGCCGGTCAGCGAAAAACACCTTGCCGACGGCATGACGGTCGGCGAACTCTGCGCCGCCGCCATTACCATGAGCGATAACAGCGCCGCCAATCTGCTGCTGGCCACCGTCGGCGGCCCCGCAGGATTGACTGCCTTTTTGCGCCAGATCGGCGACAACGTCACCCGCCTTGACCGCTGGGAAACGGAACTGAATGAGGCGCTTCCCGGCGACGCCCGCGACACCACTACCCCGGCCAGCATGGCCGCGACCCTGCGCAAGCTGCTGACCAGCCAGCGTCTGAGCGCCCGTTCGCAACGGCAGCTGCTGCAGTGGATGGTGGACGATCGGGTCGCCGGACCGTTGATCCGCTCCGTGCTGCCGGCGGGCTGGTTTATCGCCGATAAGACCGGAGCTAGCAAGCGGGGTGCGCGCGGGATTGTCGCCCTGCTTGGCCCGAATAACAAAGCAGAGCGCATCGTGGTGATTTATCTGCGGGATACGCCGGCGAGCATGGCCGAGCGAAATCAGCAAATCGCCGGGATCGGCGCGGCGCTGATCGAGCACTGGCAACGC	ATGCGTTATATTCGCCTGTGTATTATCTCCCTGTTAGCCACCCTGCCGCTGGCG...CGC	858	24	881	858.0	5151-	ATGCGTTATATTCGCCTGTGTATTATCTCCCTGTTAGCCACCCTGCCGCTGGCGGTACACGCCAGCCCGCAGCCGCTTGAGCAAATTAAACAAAGCGAAAGCCAGCTGTCGGGCCGCGTAGGCATGATAGAAATGGATCTGGCCAGCGGCCGCACGCTGACCGCCTGGCGCGCCGATGAACGCTTTCCCATGATGAGCACCTTTAAAGTAGTGCTCTGCGGCGCAGTGCTGGCGCGGGTGGATGCCGGTGACGAACAGCTGGAGCGAAAGATCCACTATCGCCAGCAGGATCTGGTGGACTACTCGCCGGTCAGCGAAAAACACCTTGCCGACGGCATGACGGTCGGCGAACTCTGCGCCGCCGCCATTACCATGAGCGATAACAGCGCCGCCAATCTGCTGCTGGCCACCGTCGGCGGCCCCGCAGGATTGACTGCCTTTTTGCGCCAGATCGGCGACAACGTCACCCGCCTTGACCGCTGGGAAACGGAACTGAATGAGGCGCTTCCCGGCGACGCCCGCGACACCACTACCCCGGCCAGCATGGCCGCGACCCTGCGCAAGCTGCTGACCAGCCAGCGTCTGAGCGCCCGTTCGCAACGGCAGCTGCTGCAGTGGATGGTGGACGATCGGGTCGCCGGACCGTTGATCCGCTCCGTGCTGCCGGCGGGCTGGTTTATCGCCGATAAGACCGGAGCTAGCAAGCGGGGTGCGCGCGGGATTGTCGCCCTGCTTGGCCCGAATAACAAAGCAGAGCGCATCGTGGTGATTTATCTGCGGGATACGCCGGCGAGCATGGCCGAGCGAAATCAGCAAATCGCCGGGATCGGCGCGGCGCTGATCGAGCACTGGCAACGC	ATGCGTTATATTCGCCTGTGTATTATCTCCCTGTTAGCCACCCTGCCGCTGGCG...CGC	858	5151	24	881	True	True	True
297	gb|JX121130|+|0-858|ARO:3001202|SHV-163	ATGCGTTATATTCGCCTGTGTATTATCTCCCTGTTAGCCACCCTGCCGCTGGCG...CAA	858	(24) 5151- (879)	24	879	ATGCGTTATATTCGCCTGTGTATTATCTCCCTGTTAGCCACCCTGCCGCTGGCGGTACACGCCAGCCCGCAGCCGCTTGAGCAAATTAAACAAAGCGAAAGCCAGCTGTCGGGCCGCGTAGGCATGATAGAAATGGATCTGGCCAGCGGCCGCACGCTGACCGCCTGGCGCGCCGATGAACGCTTTCCCATGATGAGCACCTTTAAAGTAGTGCTCTGCGGCGCAGTGCTGGCGCGGGTGGATGCCGGTGACGAACAGCTGGAGCGAAAGATCCACTATCGCCAGCAGGATCTGGTGGACTACTCGCCGGTCAGCGAAAAACACCTTGCCGACGGCATGACGGTCGGCGAACTCTGCGCCGCCGCCATTACCATGAGCGATAACAGCGCCGCCAATCTGCTGCTGGCCACCGTCGGCGGCCCCGCAGGATTGACTGCCTTTTTGCGCCAGATCGGCGACAACGTCACCCGCCTTGACCGCTGGGAAACGGAACTGAATGAGGCGCTTCCCGGCGACGCCCGCGACACCACTACCCCGGCCAGCATGGCCGCGACCCTGCGCAAGCTGCTGACCAGCCAGCGTCTGAGCGCCCGTTCGCAACGGCAGCTGCTGCAGTGGATGGTGGACGATCGGGTCGCCGGACCGTTGATCCGCTCCGTGCTGCCGGCGGGCTGGTTTATCGCCGATAAGACCGGAGCTAGCAAGCGGGGTGCGCGCGGGATTGTCGCCCTGCTTGGCCCGAATAACAAAGCAGAGCGCATCGTGGTGATTTATCTGCGGGATACGCCGGCGAGCATGGCCGAGCGAAATCAGCAAATCGCCGGGATCGGCGCGGCGCTGATCGAGCACTGGCAAC	ATGCGTTATATTCGCCTGTGTATTATCTCCCTGTTAGCCACCCTGCCGCTGGCG...CAA	858	24	879	858.0	5151-	ATGCGTTATATTCGCCTGTGTATTATCTCCCTGTTAGCCACCCTGCCGCTGGCGGTACACGCCAGCCCGCAGCCGCTTGAGCAAATTAAACAAAGCGAAAGCCAGCTGTCGGGCCGCGTAGGCATGATAGAAATGGATCTGGCCAGCGGCCGCACGCTGACCGCCTGGCGCGCCGATGAACGCTTTCCCATGATGAGCACCTTTAAAGTAGTGCTCTGCGGCGCAGTGCTGGCGCGGGTGGATGCCGGTGACGAACAGCTGGAGCGAAAGATCCACTATCGCCAGCAGGATCTGGTGGACTACTCGCCGGTCAGCGAAAAACACCTTGCCGACGGCATGACGGTCGGCGAACTCTGCGCCGCCGCCATTACCATGAGCGATAACAGCGCCGCCAATCTGCTGCTGGCCACCGTCGGCGGCCCCGCAGGATTGACTGCCTTTTTGCGCCAGATCGGCGACAACGTCACCCGCCTTGACCGCTGGGAAACGGAACTGAATGAGGCGCTTCCCGGCGACGCCCGCGACACCACTACCCCGGCCAGCATGGCCGCGACCCTGCGCAAGCTGCTGACCAGCCAGCGTCTGAGCGCCCGTTCGCAACGGCAGCTGCTGCAGTGGATGGTGGACGATCGGGTCGCCGGACCGTTGATCCGCTCCGTGCTGCCGGCGGGCTGGTTTATCGCCGATAAGACCGGAGCTAGCAAGCGGGGTGCGCGCGGGATTGTCGCCCTGCTTGGCCCGAATAACAAAGCAGAGCGCATCGTGGTGATTTATCTGCGGGATACGCCGGCGAGCATGGCCGAGCGAAATCAGCAAATCGCCGGGATCGGCGCGGCGCTGATCGAGCACTGGCAAC	ATGCGTTATATTCGCCTGTGTATTATCTCCCTGTTAGCCACCCTGCCGCTGGCG...CAA	858	5151	24	879	True	True	True
298	gb|JX121131|+|0-858|ARO:3001203|SHV-165	ATGCGTTATATTCGCCTGTGTATTATCTCCCTGTTAGCCCCCCTGCCGCTGGCG...CGC	858	(24) 5151- (881)	24	881	ATGCGTTATATTCGCCTGTGTATTATCTCCCTGTTAGCCACCCTGCCGCTGGCGGTACACGCCAGCCCGCAGCCGCTTGAGCAAATTAAACAAAGCGAAAGCCAGCTGTCGGGCCGCGTAGGCATGATAGAAATGGATCTGGCCAGCGGCCGCACGCTGACCGCCTGGCGCGCCGATGAACGCTTTCCCATGATGAGCACCTTTAAAGTAGTGCTCTGCGGCGCAGTGCTGGCGCGGGTGGATGCCGGTGACGAACAGCTGGAGCGAAAGATCCACTATCGCCAGCAGGATCTGGTGGACTACTCGCCGGTCAGCGAAAAACACCTTGCCGACGGCATGACGGTCGGCGAACTCTGCGCCGCCGCCATTACCATGAGCGATAACAGCGCCGCCAATCTGCTGCTGGCCACCGTCGGCGGCCCCGCAGGATTGACTGCCTTTTTGCGCCAGATCGGCGACAACGTCACCCGCCTTGACCGCTGGGAAACGGAACTGAATGAGGCGCTTCCCGGCGACGCCCGCGACACCACTACCCCGGCCAGCATGGCCGCGACCCTGCGCAAGCTGCTGACCAGCCAGCGTCTGAGCGCCCGTTCGCAACGGCAGCTGCTGCAGTGGATGGTGGACGATCGGGTCGCCGGACCGTTGATCCGCTCCGTGCTGCCGGCGGGCTGGTTTATCGCCGATAAGACCGGAGCTAGCAAGCGGGGTGCGCGCGGGATTGTCGCCCTGCTTGGCCCGAATAACAAAGCAGAGCGCATCGTGGTGATTTATCTGCGGGATACGCCGGCGAGCATGGCCGAGCGAAATCAGCAAATCGCCGGGATCGGCGCGGCGCTGATCGAGCACTGGCAACGC	ATGCGTTATATTCGCCTGTGTATTATCTCCCTGTTAGCCCCCCTGCCGCTGGCG...CGC	858	24	881	858.0	5151-	ATGCGTTATATTCGCCTGTGTATTATCTCCCTGTTAGCCACCCTGCCGCTGGCGGTACACGCCAGCCCGCAGCCGCTTGAGCAAATTAAACAAAGCGAAAGCCAGCTGTCGGGCCGCGTAGGCATGATAGAAATGGATCTGGCCAGCGGCCGCACGCTGACCGCCTGGCGCGCCGATGAACGCTTTCCCATGATGAGCACCTTTAAAGTAGTGCTCTGCGGCGCAGTGCTGGCGCGGGTGGATGCCGGTGACGAACAGCTGGAGCGAAAGATCCACTATCGCCAGCAGGATCTGGTGGACTACTCGCCGGTCAGCGAAAAACACCTTGCCGACGGCATGACGGTCGGCGAACTCTGCGCCGCCGCCATTACCATGAGCGATAACAGCGCCGCCAATCTGCTGCTGGCCACCGTCGGCGGCCCCGCAGGATTGACTGCCTTTTTGCGCCAGATCGGCGACAACGTCACCCGCCTTGACCGCTGGGAAACGGAACTGAATGAGGCGCTTCCCGGCGACGCCCGCGACACCACTACCCCGGCCAGCATGGCCGCGACCCTGCGCAAGCTGCTGACCAGCCAGCGTCTGAGCGCCCGTTCGCAACGGCAGCTGCTGCAGTGGATGGTGGACGATCGGGTCGCCGGACCGTTGATCCGCTCCGTGCTGCCGGCGGGCTGGTTTATCGCCGATAAGACCGGAGCTAGCAAGCGGGGTGCGCGCGGGATTGTCGCCCTGCTTGGCCCGAATAACAAAGCAGAGCGCATCGTGGTGATTTATCTGCGGGATACGCCGGCGAGCATGGCCGAGCGAAATCAGCAAATCGCCGGGATCGGCGCGGCGCTGATCGAGCACTGGCAACGC	ATGCGTTATATTCGCCTGTGTATTATCTCCCTGTTAGCCCCCCTGCCGCTGGCG...CGC	858	5151	24	881	True	True	True
299	gb|JX268631|+|0-861|ARO:3001091|SHV-33	ATGCGTTATATTCGCCTGTGTATTATCTCCCTGTTAGCCACCCTGCCGCTGGCG...TAA	861	(24) 5151- (884)	24	884	ATGCGTTATATTCGCCTGTGTATTATCTCCCTGTTAGCCACCCTGCCGCTGGCGGTACACGCCAGCCCGCAGCCGCTTGAGCAAATTAAACAAAGCGAAAGCCAGCTGTCGGGCCGCGTAGGCATGATAGAAATGGATCTGGCCAGCGGCCGCACGCTGACCGCCTGGCGCGCCGATGAACGCTTTCCCATGATGAGCACCTTTAAAGTAGTGCTCTGCGGCGCAGTGCTGGCGCGGGTGGATGCCGGTGACGAACAGCTGGAGCGAAAGATCCACTATCGCCAGCAGGATCTGGTGGACTACTCGCCGGTCAGCGAAAAACACCTTGCCGACGGCATGACGGTCGGCGAACTCTGCGCCGCCGCCATTACCATGAGCGATAACAGCGCCGCCAATCTGCTGCTGGCCACCGTCGGCGGCCCCGCAGGATTGACTGCCTTTTTGCGCCAGATCGGCGACAACGTCACCCGCCTTGACCGCTGGGAAACGGAACTGAATGAGGCGCTTCCCGGCGACGCCCGCGACACCACTACCCCGGCCAGCATGGCCGCGACCCTGCGCAAGCTGCTGACCAGCCAGCGTCTGAGCGCCCGTTCGCAACGGCAGCTGCTGCAGTGGATGGTGGACGATCGGGTCGCCGGACCGTTGATCCGCTCCGTGCTGCCGGCGGGCTGGTTTATCGCCGATAAGACCGGAGCTAGCAAGCGGGGTGCGCGCGGGATTGTCGCCCTGCTTGGCCCGAATAACAAAGCAGAGCGCATCGTGGTGATTTATCTGCGGGATACGCCGGCGAGCATGGCCGAGCGAAATCAGCAAATCGCCGGGATCGGCGCGGCGCTGATCGAGCACTGGCAACGCTAA	ATGCGTTATATTCGCCTGTGTATTATCTCCCTGTTAGCCACCCTGCCGCTGGCG...TAA	861	1000	999	999.0	999	999	ATGCGTTATATTCGCCTGTGTATTATCTCCCTGTTAGCCACCCTGCCGCTGGCG...TAA	861	5151	24	884	False	True	False
300	gb|JX310327|+|0-861|ARO:3001378|TEM-201	ATGAGTATTCAACATTTTCGTGTCGCCCTTATTCCCTTTTTTGCGGCATTTTGC...TAA	861	(37) 5967+ (897)	37	897	ATGAGTATTCAACATTTCCGTGTCGCCCTTATTCCCTTTTTTGCGGCATTTTGCCTTCCTGTTTTTGCTCACCCAGAAACGCTGGTGAAAGTAAAAGATGCTGAAGATCAGTTGGGTGCACGAGTGGGTTACATCGAACTGGATCTCAACAGCGGTAAGATCCTTGAGAGTTTTCGCCCCGAAGAACGTTTTCCAATGATGAGCACTTTTAAAGTTCTGCTATGTGGTGCGGTATTATCCCGTGTTGACGCCGGGCAAGAGCAACTCGGTCGCCGCATACACTATTCTCAGAATGACTTGGTTGAGTACTCACCAGTCACAGAAAAGCATCTTACGGATGGCATGACAGTAAGAGAATTATGCAGTGCTGCCATAACCATGAGTGATAACACTGCTGCCAACTTACTTCTGACAACGATCGGAGGACCGAAGGAGCTAACCGCTTTTTTGCACAACATGGGGGATCATGTAACTCGCCTTGATCGTTGGGAACCGGAGCTGAATGAAGCCATACCAAACGACGAGCGTGACACCACGATGCCTGCAGCAATGGCAACAACGTTGCGCAAACTATTAACTGGCGAACTACTTACTCTAGCTTCCCGGCAACAATTAATAGACTGGATGGAGGCGGATAAAGTTGCAGGACCACTTCTGCGCTCGGCCCTTCCGGCTGGCTGGTTTATTGCTGATAAATCTGGAGCCGGTGAGCGTGGGTCTCGCGGTATCATTGCAGCACTGGGGCCAGATGGTAAGCCCTCCCGTATCGTAGTTATCTACACGACGGGGAGTCAGGCAACTATGGATGAACGAAATAGACAGATCGCTGAGATAGGTGCCTCACTGATTAAGCATTGGTAA	ATGAGTATTCAACATTTTCGTGTCGCCCTTATTCCCTTTTTTGCGGCATTTTGC...TAA	861	37	897	861.0	5967+	ATGAGTATTCAACATTTCCGTGTCGCCCTTATTCCCTTTTTTGCGGCATTTTGCCTTCCTGTTTTTGCTCACCCAGAAACGCTGGTGAAAGTAAAAGATGCTGAAGATCAGTTGGGTGCACGAGTGGGTTACATCGAACTGGATCTCAACAGCGGTAAGATCCTTGAGAGTTTTCGCCCCGAAGAACGTTTTCCAATGATGAGCACTTTTAAAGTTCTGCTATGTGGTGCGGTATTATCCCGTGTTGACGCCGGGCAAGAGCAACTCGGTCGCCGCATACACTATTCTCAGAATGACTTGGTTGAGTACTCACCAGTCACAGAAAAGCATCTTACGGATGGCATGACAGTAAGAGAATTATGCAGTGCTGCCATAACCATGAGTGATAACACTGCTGCCAACTTACTTCTGACAACGATCGGAGGACCGAAGGAGCTAACCGCTTTTTTGCACAACATGGGGGATCATGTAACTCGCCTTGATCGTTGGGAACCGGAGCTGAATGAAGCCATACCAAACGACGAGCGTGACACCACGATGCCTGCAGCAATGGCAACAACGTTGCGCAAACTATTAACTGGCGAACTACTTACTCTAGCTTCCCGGCAACAATTAATAGACTGGATGGAGGCGGATAAAGTTGCAGGACCACTTCTGCGCTCGGCCCTTCCGGCTGGCTGGTTTATTGCTGATAAATCTGGAGCCGGTGAGCGTGGGTCTCGCGGTATCATTGCAGCACTGGGGCCAGATGGTAAGCCCTCCCGTATCGTAGTTATCTACACGACGGGGAGTCAGGCAACTATGGATGAACGAAATAGACAGATCGCTGAGATAGGTGCCTCACTGATTAAGCATTGGTAA	ATGAGTATTCAACATTTTCGTGTCGCCCTTATTCCCTTTTTTGCGGCATTTTGC...TAA	861	5967	37	897	True	True	True
301	gb|JX870080|+|0-861|ARO:3001352|SHV-168	ATGCGTTATTTTCGCCTGTGTATTATCTCTCTGTTAGCCACCCTGCCGCTGGCG...TAA	861	(24) 5151- (884)	24	884	ATGCGTTATATTCGCCTGTGTATTATCTCCCTGTTAGCCACCCTGCCGCTGGCGGTACACGCCAGCCCGCAGCCGCTTGAGCAAATTAAACAAAGCGAAAGCCAGCTGTCGGGCCGCGTAGGCATGATAGAAATGGATCTGGCCAGCGGCCGCACGCTGACCGCCTGGCGCGCCGATGAACGCTTTCCCATGATGAGCACCTTTAAAGTAGTGCTCTGCGGCGCAGTGCTGGCGCGGGTGGATGCCGGTGACGAACAGCTGGAGCGAAAGATCCACTATCGCCAGCAGGATCTGGTGGACTACTCGCCGGTCAGCGAAAAACACCTTGCCGACGGCATGACGGTCGGCGAACTCTGCGCCGCCGCCATTACCATGAGCGATAACAGCGCCGCCAATCTGCTGCTGGCCACCGTCGGCGGCCCCGCAGGATTGACTGCCTTTTTGCGCCAGATCGGCGACAACGTCACCCGCCTTGACCGCTGGGAAACGGAACTGAATGAGGCGCTTCCCGGCGACGCCCGCGACACCACTACCCCGGCCAGCATGGCCGCGACCCTGCGCAAGCTGCTGACCAGCCAGCGTCTGAGCGCCCGTTCGCAACGGCAGCTGCTGCAGTGGATGGTGGACGATCGGGTCGCCGGACCGTTGATCCGCTCCGTGCTGCCGGCGGGCTGGTTTATCGCCGATAAGACCGGAGCTAGCAAGCGGGGTGCGCGCGGGATTGTCGCCCTGCTTGGCCCGAATAACAAAGCAGAGCGCATCGTGGTGATTTATCTGCGGGATACGCCGGCGAGCATGGCCGAGCGAAATCAGCAAATCGCCGGGATCGGCGCGGCGCTGATCGAGCACTGGCAACGCTAA	ATGCGTTATTTTCGCCTGTGTATTATCTCTCTGTTAGCCACCCTGCCGCTGGCG...TAA	861	24	884	861.0	5151-	ATGCGTTATATTCGCCTGTGTATTATCTCCCTGTTAGCCACCCTGCCGCTGGCGGTACACGCCAGCCCGCAGCCGCTTGAGCAAATTAAACAAAGCGAAAGCCAGCTGTCGGGCCGCGTAGGCATGATAGAAATGGATCTGGCCAGCGGCCGCACGCTGACCGCCTGGCGCGCCGATGAACGCTTTCCCATGATGAGCACCTTTAAAGTAGTGCTCTGCGGCGCAGTGCTGGCGCGGGTGGATGCCGGTGACGAACAGCTGGAGCGAAAGATCCACTATCGCCAGCAGGATCTGGTGGACTACTCGCCGGTCAGCGAAAAACACCTTGCCGACGGCATGACGGTCGGCGAACTCTGCGCCGCCGCCATTACCATGAGCGATAACAGCGCCGCCAATCTGCTGCTGGCCACCGTCGGCGGCCCCGCAGGATTGACTGCCTTTTTGCGCCAGATCGGCGACAACGTCACCCGCCTTGACCGCTGGGAAACGGAACTGAATGAGGCGCTTCCCGGCGACGCCCGCGACACCACTACCCCGGCCAGCATGGCCGCGACCCTGCGCAAGCTGCTGACCAGCCAGCGTCTGAGCGCCCGTTCGCAACGGCAGCTGCTGCAGTGGATGGTGGACGATCGGGTCGCCGGACCGTTGATCCGCTCCGTGCTGCCGGCGGGCTGGTTTATCGCCGATAAGACCGGAGCTAGCAAGCGGGGTGCGCGCGGGATTGTCGCCCTGCTTGGCCCGAATAACAAAGCAGAGCGCATCGTGGTGATTTATCTGCGGGATACGCCGGCGAGCATGGCCGAGCGAAATCAGCAAATCGCCGGGATCGGCGCGGCGCTGATCGAGCACTGGCAACGCTAA	ATGCGTTATTTTCGCCTGTGTATTATCTCTCTGTTAGCCACCCTGCCGCTGGCG...TAA	861	5151	24	884	True	True	True
302	gb|KC149518|+|0-861|ARO:3001369|TEM-153	ATGAGTATTCAACATTTCCGTGTCGCCCTTATTCCCTTTTTTGCGGCATTTTGC...TAA	861	(37) 5967+ (897)	37	897	ATGAGTATTCAACATTTCCGTGTCGCCCTTATTCCCTTTTTTGCGGCATTTTGCCTTCCTGTTTTTGCTCACCCAGAAACGCTGGTGAAAGTAAAAGATGCTGAAGATCAGTTGGGTGCACGAGTGGGTTACATCGAACTGGATCTCAACAGCGGTAAGATCCTTGAGAGTTTTCGCCCCGAAGAACGTTTTCCAATGATGAGCACTTTTAAAGTTCTGCTATGTGGTGCGGTATTATCCCGTGTTGACGCCGGGCAAGAGCAACTCGGTCGCCGCATACACTATTCTCAGAATGACTTGGTTGAGTACTCACCAGTCACAGAAAAGCATCTTACGGATGGCATGACAGTAAGAGAATTATGCAGTGCTGCCATAACCATGAGTGATAACACTGCTGCCAACTTACTTCTGACAACGATCGGAGGACCGAAGGAGCTAACCGCTTTTTTGCACAACATGGGGGATCATGTAACTCGCCTTGATCGTTGGGAACCGGAGCTGAATGAAGCCATACCAAACGACGAGCGTGACACCACGATGCCTGCAGCAATGGCAACAACGTTGCGCAAACTATTAACTGGCGAACTACTTACTCTAGCTTCCCGGCAACAATTAATAGACTGGATGGAGGCGGATAAAGTTGCAGGACCACTTCTGCGCTCGGCCCTTCCGGCTGGCTGGTTTATTGCTGATAAATCTGGAGCCGGTGAGCGTGGGTCTCGCGGTATCATTGCAGCACTGGGGCCAGATGGTAAGCCCTCCCGTATCGTAGTTATCTACACGACGGGGAGTCAGGCAACTATGGATGAACGAAATAGACAGATCGCTGAGATAGGTGCCTCACTGATTAAGCATTGGTAA	ATGAGTATTCAACATTTCCGTGTCGCCCTTATTCCCTTTTTTGCGGCATTTTGC...TAA	861	37	897	861.0	5967+	ATGAGTATTCAACATTTCCGTGTCGCCCTTATTCCCTTTTTTGCGGCATTTTGCCTTCCTGTTTTTGCTCACCCAGAAACGCTGGTGAAAGTAAAAGATGCTGAAGATCAGTTGGGTGCACGAGTGGGTTACATCGAACTGGATCTCAACAGCGGTAAGATCCTTGAGAGTTTTCGCCCCGAAGAACGTTTTCCAATGATGAGCACTTTTAAAGTTCTGCTATGTGGTGCGGTATTATCCCGTGTTGACGCCGGGCAAGAGCAACTCGGTCGCCGCATACACTATTCTCAGAATGACTTGGTTGAGTACTCACCAGTCACAGAAAAGCATCTTACGGATGGCATGACAGTAAGAGAATTATGCAGTGCTGCCATAACCATGAGTGATAACACTGCTGCCAACTTACTTCTGACAACGATCGGAGGACCGAAGGAGCTAACCGCTTTTTTGCACAACATGGGGGATCATGTAACTCGCCTTGATCGTTGGGAACCGGAGCTGAATGAAGCCATACCAAACGACGAGCGTGACACCACGATGCCTGCAGCAATGGCAACAACGTTGCGCAAACTATTAACTGGCGAACTACTTACTCTAGCTTCCCGGCAACAATTAATAGACTGGATGGAGGCGGATAAAGTTGCAGGACCACTTCTGCGCTCGGCCCTTCCGGCTGGCTGGTTTATTGCTGATAAATCTGGAGCCGGTGAGCGTGGGTCTCGCGGTATCATTGCAGCACTGGGGCCAGATGGTAAGCCCTCCCGTATCGTAGTTATCTACACGACGGGGAGTCAGGCAACTATGGATGAACGAAATAGACAGATCGCTGAGATAGGTGCCTCACTGATTAAGCATTGGTAA	ATGAGTATTCAACATTTCCGTGTCGCCCTTATTCCCTTTTTTGCGGCATTTTGC...TAA	861	5967	37	897	True	True	True
303	gb|KC243783|+|0-2007|ARO:3000617|mecA	ATGAAAAAGATAAAAATTGTTCCACTTATTTTAATAGTTGTAGTTGTCGGGTTT...TAA	2007	(7594) 32799+ (9600)	7594	9600	ATGAAAAAGATAAAAATTGTTCCACTTATTTTAATAGTTGTAGTTGTCGGGTTTGGTATATATTTTTATGCTTCCAAAGATAAAGAAATTAATAATACTATTGATGCAATTGAAGATAAAAATTTCAAACAAGTTTATAAAGATAGCAGTTATATTTCTAAAAGCGATAATGGTGAAGTAGAAATGACTGAACGTCCGATAAAAATATATAATAGTTTAGGCGTTAAAGATATAAACATTCAGGATCGTAAAATAAAAAAAGTATCTAAAAATAAAAAACGAGTAGATGCTCAATATAAAATTAAAACAAACTACGGTAACATTGATCGCAACGTTCAATTTAATTTTGTTAAAGAAGATGGTATGTGGAAGTTAGATTGGGATCATAGCGTCATTATTCCAGGAATGCAGAAAGACCAAAGCATACATATTGAAAATTTAAAATCAGAACGTGGTAAAATTTTAGACCGAAACAATGTGGAATTGGCCAATACAGGAACAGCATATGAGATAGGCATCGTTCCAAAGAATGTATCTAAAAAAGATTATAAAGCAATCGCTAAAGAACTAAGTATTTCTGAAGACTATATCAAACAACAAATGGATCAAAATTGGGTACAAGATGATACCTTCGTTCCACTTAAAACCGTTAAAAAAATGGATGAATATTTAAGTGATTTCGCAAAAAAATTTCATCTTACAACTAATGAAACAGAAAGTCGTAACTATCCTCTAGGAAAAGCGACTTCACATCTATTAGGTTATGTTGGTCCCATTAACTCTGAAGAATTAAAACAAAAAGAATATAAAGGCTATAAAGATGATGCAGTTATTGGTAAAAAGGGACTCGAAAAACTTTACGATAAAAAGCTCCAACATGAAGATGGCTATCGTGTCACAATCGTTGACGATAATAGCAATACAATCGCACATACATTAATAGAGAAAAAGAAAAAAGATGGCAAAGATATTCAACTAACTATTGATGCTAAAGTTCAAAAGAGTATTTATAACAACATGAAAAATGATTATGGCTCAGGTACTGCTATCCACCCTCAAACAGGTGAATTATTAGCACTTGTAAGCACACCTTCATATGACGTCTATCCATTTATGTATGGCATGAGTAACGAAGAATATAATAAATTAACCGAAGATAAAAAAGAACCTCTGCTCAACAAGTTCCAGATTACAACTTCACCAGGTTCAACTCAAAAAATATTAACAGCAATGATTGGGTTAAATAACAAAACATTAGACGATAAAACAAGTTATAAAATCGATGGTAAAGGTTGGCAAAAAGATAAATCTTGGGGTGGTTACAACGTTACAAGATATGAAGTGGTAAATGGTAATATCGACTTAAAACAAGCAATAGAATCATCAGATAACATTTTCTTTGCTAGAGTAGCACTCGAATTAGGCAGTAAGAAATTTGAAAAAGGCATGAAAAAACTAGGTGTTGGTGAAGATATACCAAGTGATTATCCATTTTATAATGCTCAAATTTCAAACAAAAATTTAGATAATGAAATATTATTAGCTGATTCAGGTTACGGACAAGGTGAAATACTGATTAACCCAGTACAGATCCTTTCAATCTATAGCGCATTAGAAAATAATGGCAATATTAACGCACCTCACTTATTAAAAGACACGAAAAACAAAGTTTGGAAGAAAAATATTATTTCCAAAGAAAATATCAATCTATTAACTGATGGTATGCAACAAGTCGTAAATAAAACACATAAAGAAGATATTTATAGATCTTATGCAAACTTAATTGGCAAATCCGGTACTGCAGAACTCAAAATGAAACAAGGAGAAACTGGCAGACAAATTGGGTGGTTTATATCATATGATAAAGATAATCCAAACATGATGATGGCTATTAATGTTAAAGATGTACAAGATAAAGGAATGGCTAGCTACAATGCCAAAATCTCAGGTAAAGTGTATGATGAGCTATATGAGAACGGTAATAAAAAATACGATATAGATGAATAA	ATGAAAAAGATAAAAATTGTTCCACTTATTTTAATAGTTGTAGTTGTCGGGTTT...TAA	2007	1000	999	999.0	999	999	ATGAAAAAGATAAAAATTGTTCCACTTATTTTAATAGTTGTAGTTGTCGGGTTT...TAA	2007	32799	7594	9600	False	True	False
304	gb|KC292503|+|4334-5195|ARO:3000904|TEM-34	ATGAGTATTCAACATTTTCGTGTCGCCCTTATTCCCTTTTTTGCGGCATTTTGC...TAA	861	(37) 5967+ (897)	37	897	ATGAGTATTCAACATTTCCGTGTCGCCCTTATTCCCTTTTTTGCGGCATTTTGCCTTCCTGTTTTTGCTCACCCAGAAACGCTGGTGAAAGTAAAAGATGCTGAAGATCAGTTGGGTGCACGAGTGGGTTACATCGAACTGGATCTCAACAGCGGTAAGATCCTTGAGAGTTTTCGCCCCGAAGAACGTTTTCCAATGATGAGCACTTTTAAAGTTCTGCTATGTGGTGCGGTATTATCCCGTGTTGACGCCGGGCAAGAGCAACTCGGTCGCCGCATACACTATTCTCAGAATGACTTGGTTGAGTACTCACCAGTCACAGAAAAGCATCTTACGGATGGCATGACAGTAAGAGAATTATGCAGTGCTGCCATAACCATGAGTGATAACACTGCTGCCAACTTACTTCTGACAACGATCGGAGGACCGAAGGAGCTAACCGCTTTTTTGCACAACATGGGGGATCATGTAACTCGCCTTGATCGTTGGGAACCGGAGCTGAATGAAGCCATACCAAACGACGAGCGTGACACCACGATGCCTGCAGCAATGGCAACAACGTTGCGCAAACTATTAACTGGCGAACTACTTACTCTAGCTTCCCGGCAACAATTAATAGACTGGATGGAGGCGGATAAAGTTGCAGGACCACTTCTGCGCTCGGCCCTTCCGGCTGGCTGGTTTATTGCTGATAAATCTGGAGCCGGTGAGCGTGGGTCTCGCGGTATCATTGCAGCACTGGGGCCAGATGGTAAGCCCTCCCGTATCGTAGTTATCTACACGACGGGGAGTCAGGCAACTATGGATGAACGAAATAGACAGATCGCTGAGATAGGTGCCTCACTGATTAAGCATTGGTAA	ATGAGTATTCAACATTTTCGTGTCGCCCTTATTCCCTTTTTTGCGGCATTTTGC...TAA	861	37	897	861.0	5967+	ATGAGTATTCAACATTTCCGTGTCGCCCTTATTCCCTTTTTTGCGGCATTTTGCCTTCCTGTTTTTGCTCACCCAGAAACGCTGGTGAAAGTAAAAGATGCTGAAGATCAGTTGGGTGCACGAGTGGGTTACATCGAACTGGATCTCAACAGCGGTAAGATCCTTGAGAGTTTTCGCCCCGAAGAACGTTTTCCAATGATGAGCACTTTTAAAGTTCTGCTATGTGGTGCGGTATTATCCCGTGTTGACGCCGGGCAAGAGCAACTCGGTCGCCGCATACACTATTCTCAGAATGACTTGGTTGAGTACTCACCAGTCACAGAAAAGCATCTTACGGATGGCATGACAGTAAGAGAATTATGCAGTGCTGCCATAACCATGAGTGATAACACTGCTGCCAACTTACTTCTGACAACGATCGGAGGACCGAAGGAGCTAACCGCTTTTTTGCACAACATGGGGGATCATGTAACTCGCCTTGATCGTTGGGAACCGGAGCTGAATGAAGCCATACCAAACGACGAGCGTGACACCACGATGCCTGCAGCAATGGCAACAACGTTGCGCAAACTATTAACTGGCGAACTACTTACTCTAGCTTCCCGGCAACAATTAATAGACTGGATGGAGGCGGATAAAGTTGCAGGACCACTTCTGCGCTCGGCCCTTCCGGCTGGCTGGTTTATTGCTGATAAATCTGGAGCCGGTGAGCGTGGGTCTCGCGGTATCATTGCAGCACTGGGGCCAGATGGTAAGCCCTCCCGTATCGTAGTTATCTACACGACGGGGAGTCAGGCAACTATGGATGAACGAAATAGACAGATCGCTGAGATAGGTGCCTCACTGATTAAGCATTGGTAA	ATGAGTATTCAACATTTTCGTGTCGCCCTTATTCCCTTTTTTGCGGCATTTTGC...TAA	861	5967	37	897	True	True	True
305	gb|KC783461|+|0-861|ARO:3001383|TEM-206	ATGAGTATTCAACATTTTCGTGTCACCCTTATTCCCTTTTTTGCGGCATTTTGC...TAA	861	(37) 5967+ (897)	37	897	ATGAGTATTCAACATTTCCGTGTCGCCCTTATTCCCTTTTTTGCGGCATTTTGCCTTCCTGTTTTTGCTCACCCAGAAACGCTGGTGAAAGTAAAAGATGCTGAAGATCAGTTGGGTGCACGAGTGGGTTACATCGAACTGGATCTCAACAGCGGTAAGATCCTTGAGAGTTTTCGCCCCGAAGAACGTTTTCCAATGATGAGCACTTTTAAAGTTCTGCTATGTGGTGCGGTATTATCCCGTGTTGACGCCGGGCAAGAGCAACTCGGTCGCCGCATACACTATTCTCAGAATGACTTGGTTGAGTACTCACCAGTCACAGAAAAGCATCTTACGGATGGCATGACAGTAAGAGAATTATGCAGTGCTGCCATAACCATGAGTGATAACACTGCTGCCAACTTACTTCTGACAACGATCGGAGGACCGAAGGAGCTAACCGCTTTTTTGCACAACATGGGGGATCATGTAACTCGCCTTGATCGTTGGGAACCGGAGCTGAATGAAGCCATACCAAACGACGAGCGTGACACCACGATGCCTGCAGCAATGGCAACAACGTTGCGCAAACTATTAACTGGCGAACTACTTACTCTAGCTTCCCGGCAACAATTAATAGACTGGATGGAGGCGGATAAAGTTGCAGGACCACTTCTGCGCTCGGCCCTTCCGGCTGGCTGGTTTATTGCTGATAAATCTGGAGCCGGTGAGCGTGGGTCTCGCGGTATCATTGCAGCACTGGGGCCAGATGGTAAGCCCTCCCGTATCGTAGTTATCTACACGACGGGGAGTCAGGCAACTATGGATGAACGAAATAGACAGATCGCTGAGATAGGTGCCTCACTGATTAAGCATTGGTAA	ATGAGTATTCAACATTTTCGTGTCACCCTTATTCCCTTTTTTGCGGCATTTTGC...TAA	861	37	897	861.0	5967+	ATGAGTATTCAACATTTCCGTGTCGCCCTTATTCCCTTTTTTGCGGCATTTTGCCTTCCTGTTTTTGCTCACCCAGAAACGCTGGTGAAAGTAAAAGATGCTGAAGATCAGTTGGGTGCACGAGTGGGTTACATCGAACTGGATCTCAACAGCGGTAAGATCCTTGAGAGTTTTCGCCCCGAAGAACGTTTTCCAATGATGAGCACTTTTAAAGTTCTGCTATGTGGTGCGGTATTATCCCGTGTTGACGCCGGGCAAGAGCAACTCGGTCGCCGCATACACTATTCTCAGAATGACTTGGTTGAGTACTCACCAGTCACAGAAAAGCATCTTACGGATGGCATGACAGTAAGAGAATTATGCAGTGCTGCCATAACCATGAGTGATAACACTGCTGCCAACTTACTTCTGACAACGATCGGAGGACCGAAGGAGCTAACCGCTTTTTTGCACAACATGGGGGATCATGTAACTCGCCTTGATCGTTGGGAACCGGAGCTGAATGAAGCCATACCAAACGACGAGCGTGACACCACGATGCCTGCAGCAATGGCAACAACGTTGCGCAAACTATTAACTGGCGAACTACTTACTCTAGCTTCCCGGCAACAATTAATAGACTGGATGGAGGCGGATAAAGTTGCAGGACCACTTCTGCGCTCGGCCCTTCCGGCTGGCTGGTTTATTGCTGATAAATCTGGAGCCGGTGAGCGTGGGTCTCGCGGTATCATTGCAGCACTGGGGCCAGATGGTAAGCCCTCCCGTATCGTAGTTATCTACACGACGGGGAGTCAGGCAACTATGGATGAACGAAATAGACAGATCGCTGAGATAGGTGCCTCACTGATTAAGCATTGGTAA	ATGAGTATTCAACATTTTCGTGTCACCCTTATTCCCTTTTTTGCGGCATTTTGC...TAA	861	5967	37	897	True	True	True
306	gb|KC818234|+|0-861|ARO:3001384|TEM-207	ATGAGTATTCAACATTTTCGTGTCGCCCTTATTCCCTTTTTTGCGGCATTTTGC...TAA	861	(37) 5967+ (897)	37	897	ATGAGTATTCAACATTTCCGTGTCGCCCTTATTCCCTTTTTTGCGGCATTTTGCCTTCCTGTTTTTGCTCACCCAGAAACGCTGGTGAAAGTAAAAGATGCTGAAGATCAGTTGGGTGCACGAGTGGGTTACATCGAACTGGATCTCAACAGCGGTAAGATCCTTGAGAGTTTTCGCCCCGAAGAACGTTTTCCAATGATGAGCACTTTTAAAGTTCTGCTATGTGGTGCGGTATTATCCCGTGTTGACGCCGGGCAAGAGCAACTCGGTCGCCGCATACACTATTCTCAGAATGACTTGGTTGAGTACTCACCAGTCACAGAAAAGCATCTTACGGATGGCATGACAGTAAGAGAATTATGCAGTGCTGCCATAACCATGAGTGATAACACTGCTGCCAACTTACTTCTGACAACGATCGGAGGACCGAAGGAGCTAACCGCTTTTTTGCACAACATGGGGGATCATGTAACTCGCCTTGATCGTTGGGAACCGGAGCTGAATGAAGCCATACCAAACGACGAGCGTGACACCACGATGCCTGCAGCAATGGCAACAACGTTGCGCAAACTATTAACTGGCGAACTACTTACTCTAGCTTCCCGGCAACAATTAATAGACTGGATGGAGGCGGATAAAGTTGCAGGACCACTTCTGCGCTCGGCCCTTCCGGCTGGCTGGTTTATTGCTGATAAATCTGGAGCCGGTGAGCGTGGGTCTCGCGGTATCATTGCAGCACTGGGGCCAGATGGTAAGCCCTCCCGTATCGTAGTTATCTACACGACGGGGAGTCAGGCAACTATGGATGAACGAAATAGACAGATCGCTGAGATAGGTGCCTCACTGATTAAGCATTGGTAA	ATGAGTATTCAACATTTTCGTGTCGCCCTTATTCCCTTTTTTGCGGCATTTTGC...TAA	861	37	897	861.0	5967+	ATGAGTATTCAACATTTCCGTGTCGCCCTTATTCCCTTTTTTGCGGCATTTTGCCTTCCTGTTTTTGCTCACCCAGAAACGCTGGTGAAAGTAAAAGATGCTGAAGATCAGTTGGGTGCACGAGTGGGTTACATCGAACTGGATCTCAACAGCGGTAAGATCCTTGAGAGTTTTCGCCCCGAAGAACGTTTTCCAATGATGAGCACTTTTAAAGTTCTGCTATGTGGTGCGGTATTATCCCGTGTTGACGCCGGGCAAGAGCAACTCGGTCGCCGCATACACTATTCTCAGAATGACTTGGTTGAGTACTCACCAGTCACAGAAAAGCATCTTACGGATGGCATGACAGTAAGAGAATTATGCAGTGCTGCCATAACCATGAGTGATAACACTGCTGCCAACTTACTTCTGACAACGATCGGAGGACCGAAGGAGCTAACCGCTTTTTTGCACAACATGGGGGATCATGTAACTCGCCTTGATCGTTGGGAACCGGAGCTGAATGAAGCCATACCAAACGACGAGCGTGACACCACGATGCCTGCAGCAATGGCAACAACGTTGCGCAAACTATTAACTGGCGAACTACTTACTCTAGCTTCCCGGCAACAATTAATAGACTGGATGGAGGCGGATAAAGTTGCAGGACCACTTCTGCGCTCGGCCCTTCCGGCTGGCTGGTTTATTGCTGATAAATCTGGAGCCGGTGAGCGTGGGTCTCGCGGTATCATTGCAGCACTGGGGCCAGATGGTAAGCCCTCCCGTATCGTAGTTATCTACACGACGGGGAGTCAGGCAACTATGGATGAACGAAATAGACAGATCGCTGAGATAGGTGCCTCACTGATTAAGCATTGGTAA	ATGAGTATTCAACATTTTCGTGTCGCCCTTATTCCCTTTTTTGCGGCATTTTGC...TAA	861	5967	37	897	True	True	True
307	gb|KC865667|+|183-1044|ARO:3001385|TEM-208	ATGAGTATTCAACATTTTCGTGTCGCCCTTATTCCCTTTTTTGCGGCATTTTGC...TAA	861	(37) 5967+ (897)	37	897	ATGAGTATTCAACATTTCCGTGTCGCCCTTATTCCCTTTTTTGCGGCATTTTGCCTTCCTGTTTTTGCTCACCCAGAAACGCTGGTGAAAGTAAAAGATGCTGAAGATCAGTTGGGTGCACGAGTGGGTTACATCGAACTGGATCTCAACAGCGGTAAGATCCTTGAGAGTTTTCGCCCCGAAGAACGTTTTCCAATGATGAGCACTTTTAAAGTTCTGCTATGTGGTGCGGTATTATCCCGTGTTGACGCCGGGCAAGAGCAACTCGGTCGCCGCATACACTATTCTCAGAATGACTTGGTTGAGTACTCACCAGTCACAGAAAAGCATCTTACGGATGGCATGACAGTAAGAGAATTATGCAGTGCTGCCATAACCATGAGTGATAACACTGCTGCCAACTTACTTCTGACAACGATCGGAGGACCGAAGGAGCTAACCGCTTTTTTGCACAACATGGGGGATCATGTAACTCGCCTTGATCGTTGGGAACCGGAGCTGAATGAAGCCATACCAAACGACGAGCGTGACACCACGATGCCTGCAGCAATGGCAACAACGTTGCGCAAACTATTAACTGGCGAACTACTTACTCTAGCTTCCCGGCAACAATTAATAGACTGGATGGAGGCGGATAAAGTTGCAGGACCACTTCTGCGCTCGGCCCTTCCGGCTGGCTGGTTTATTGCTGATAAATCTGGAGCCGGTGAGCGTGGGTCTCGCGGTATCATTGCAGCACTGGGGCCAGATGGTAAGCCCTCCCGTATCGTAGTTATCTACACGACGGGGAGTCAGGCAACTATGGATGAACGAAATAGACAGATCGCTGAGATAGGTGCCTCACTGATTAAGCATTGGTAA	ATGAGTATTCAACATTTTCGTGTCGCCCTTATTCCCTTTTTTGCGGCATTTTGC...TAA	861	37	897	861.0	5967+	ATGAGTATTCAACATTTCCGTGTCGCCCTTATTCCCTTTTTTGCGGCATTTTGCCTTCCTGTTTTTGCTCACCCAGAAACGCTGGTGAAAGTAAAAGATGCTGAAGATCAGTTGGGTGCACGAGTGGGTTACATCGAACTGGATCTCAACAGCGGTAAGATCCTTGAGAGTTTTCGCCCCGAAGAACGTTTTCCAATGATGAGCACTTTTAAAGTTCTGCTATGTGGTGCGGTATTATCCCGTGTTGACGCCGGGCAAGAGCAACTCGGTCGCCGCATACACTATTCTCAGAATGACTTGGTTGAGTACTCACCAGTCACAGAAAAGCATCTTACGGATGGCATGACAGTAAGAGAATTATGCAGTGCTGCCATAACCATGAGTGATAACACTGCTGCCAACTTACTTCTGACAACGATCGGAGGACCGAAGGAGCTAACCGCTTTTTTGCACAACATGGGGGATCATGTAACTCGCCTTGATCGTTGGGAACCGGAGCTGAATGAAGCCATACCAAACGACGAGCGTGACACCACGATGCCTGCAGCAATGGCAACAACGTTGCGCAAACTATTAACTGGCGAACTACTTACTCTAGCTTCCCGGCAACAATTAATAGACTGGATGGAGGCGGATAAAGTTGCAGGACCACTTCTGCGCTCGGCCCTTCCGGCTGGCTGGTTTATTGCTGATAAATCTGGAGCCGGTGAGCGTGGGTCTCGCGGTATCATTGCAGCACTGGGGCCAGATGGTAAGCCCTCCCGTATCGTAGTTATCTACACGACGGGGAGTCAGGCAACTATGGATGAACGAAATAGACAGATCGCTGAGATAGGTGCCTCACTGATTAAGCATTGGTAA	ATGAGTATTCAACATTTTCGTGTCGCCCTTATTCCCTTTTTTGCGGCATTTTGC...TAA	861	5967	37	897	True	True	True
308	gb|KC900516|+|0-858|ARO:3001382|TEM-205	ATGAGTATTCAACATTTCCGTGTCGCCCTTATTCCCTTTTTTGCGGCATTTTGC...TGG	858	(37) 5967+ (894)	37	894	ATGAGTATTCAACATTTCCGTGTCGCCCTTATTCCCTTTTTTGCGGCATTTTGCCTTCCTGTTTTTGCTCACCCAGAAACGCTGGTGAAAGTAAAAGATGCTGAAGATCAGTTGGGTGCACGAGTGGGTTACATCGAACTGGATCTCAACAGCGGTAAGATCCTTGAGAGTTTTCGCCCCGAAGAACGTTTTCCAATGATGAGCACTTTTAAAGTTCTGCTATGTGGTGCGGTATTATCCCGTGTTGACGCCGGGCAAGAGCAACTCGGTCGCCGCATACACTATTCTCAGAATGACTTGGTTGAGTACTCACCAGTCACAGAAAAGCATCTTACGGATGGCATGACAGTAAGAGAATTATGCAGTGCTGCCATAACCATGAGTGATAACACTGCTGCCAACTTACTTCTGACAACGATCGGAGGACCGAAGGAGCTAACCGCTTTTTTGCACAACATGGGGGATCATGTAACTCGCCTTGATCGTTGGGAACCGGAGCTGAATGAAGCCATACCAAACGACGAGCGTGACACCACGATGCCTGCAGCAATGGCAACAACGTTGCGCAAACTATTAACTGGCGAACTACTTACTCTAGCTTCCCGGCAACAATTAATAGACTGGATGGAGGCGGATAAAGTTGCAGGACCACTTCTGCGCTCGGCCCTTCCGGCTGGCTGGTTTATTGCTGATAAATCTGGAGCCGGTGAGCGTGGGTCTCGCGGTATCATTGCAGCACTGGGGCCAGATGGTAAGCCCTCCCGTATCGTAGTTATCTACACGACGGGGAGTCAGGCAACTATGGATGAACGAAATAGACAGATCGCTGAGATAGGTGCCTCACTGATTAAGCATTGG	ATGAGTATTCAACATTTCCGTGTCGCCCTTATTCCCTTTTTTGCGGCATTTTGC...TGG	858	37	894	858.0	5967+	ATGAGTATTCAACATTTCCGTGTCGCCCTTATTCCCTTTTTTGCGGCATTTTGCCTTCCTGTTTTTGCTCACCCAGAAACGCTGGTGAAAGTAAAAGATGCTGAAGATCAGTTGGGTGCACGAGTGGGTTACATCGAACTGGATCTCAACAGCGGTAAGATCCTTGAGAGTTTTCGCCCCGAAGAACGTTTTCCAATGATGAGCACTTTTAAAGTTCTGCTATGTGGTGCGGTATTATCCCGTGTTGACGCCGGGCAAGAGCAACTCGGTCGCCGCATACACTATTCTCAGAATGACTTGGTTGAGTACTCACCAGTCACAGAAAAGCATCTTACGGATGGCATGACAGTAAGAGAATTATGCAGTGCTGCCATAACCATGAGTGATAACACTGCTGCCAACTTACTTCTGACAACGATCGGAGGACCGAAGGAGCTAACCGCTTTTTTGCACAACATGGGGGATCATGTAACTCGCCTTGATCGTTGGGAACCGGAGCTGAATGAAGCCATACCAAACGACGAGCGTGACACCACGATGCCTGCAGCAATGGCAACAACGTTGCGCAAACTATTAACTGGCGAACTACTTACTCTAGCTTCCCGGCAACAATTAATAGACTGGATGGAGGCGGATAAAGTTGCAGGACCACTTCTGCGCTCGGCCCTTCCGGCTGGCTGGTTTATTGCTGATAAATCTGGAGCCGGTGAGCGTGGGTCTCGCGGTATCATTGCAGCACTGGGGCCAGATGGTAAGCCCTCCCGTATCGTAGTTATCTACACGACGGGGAGTCAGGCAACTATGGATGAACGAAATAGACAGATCGCTGAGATAGGTGCCTCACTGATTAAGCATTGG	ATGAGTATTCAACATTTCCGTGTCGCCCTTATTCCCTTTTTTGCGGCATTTTGC...TGG	858	5967	37	894	True	True	True
309	gb|KF240808|+|0-861|ARO:3001386|TEM-209	ATGAGTATTCAACATTTCCGTGTCGCCCTTATTCCCTTTTTTGCGGCATTTTGC...TAA	861	(37) 5967+ (897)	37	897	ATGAGTATTCAACATTTCCGTGTCGCCCTTATTCCCTTTTTTGCGGCATTTTGCCTTCCTGTTTTTGCTCACCCAGAAACGCTGGTGAAAGTAAAAGATGCTGAAGATCAGTTGGGTGCACGAGTGGGTTACATCGAACTGGATCTCAACAGCGGTAAGATCCTTGAGAGTTTTCGCCCCGAAGAACGTTTTCCAATGATGAGCACTTTTAAAGTTCTGCTATGTGGTGCGGTATTATCCCGTGTTGACGCCGGGCAAGAGCAACTCGGTCGCCGCATACACTATTCTCAGAATGACTTGGTTGAGTACTCACCAGTCACAGAAAAGCATCTTACGGATGGCATGACAGTAAGAGAATTATGCAGTGCTGCCATAACCATGAGTGATAACACTGCTGCCAACTTACTTCTGACAACGATCGGAGGACCGAAGGAGCTAACCGCTTTTTTGCACAACATGGGGGATCATGTAACTCGCCTTGATCGTTGGGAACCGGAGCTGAATGAAGCCATACCAAACGACGAGCGTGACACCACGATGCCTGCAGCAATGGCAACAACGTTGCGCAAACTATTAACTGGCGAACTACTTACTCTAGCTTCCCGGCAACAATTAATAGACTGGATGGAGGCGGATAAAGTTGCAGGACCACTTCTGCGCTCGGCCCTTCCGGCTGGCTGGTTTATTGCTGATAAATCTGGAGCCGGTGAGCGTGGGTCTCGCGGTATCATTGCAGCACTGGGGCCAGATGGTAAGCCCTCCCGTATCGTAGTTATCTACACGACGGGGAGTCAGGCAACTATGGATGAACGAAATAGACAGATCGCTGAGATAGGTGCCTCACTGATTAAGCATTGGTAA	ATGAGTATTCAACATTTCCGTGTCGCCCTTATTCCCTTTTTTGCGGCATTTTGC...TAA	861	37	897	861.0	5967+	ATGAGTATTCAACATTTCCGTGTCGCCCTTATTCCCTTTTTTGCGGCATTTTGCCTTCCTGTTTTTGCTCACCCAGAAACGCTGGTGAAAGTAAAAGATGCTGAAGATCAGTTGGGTGCACGAGTGGGTTACATCGAACTGGATCTCAACAGCGGTAAGATCCTTGAGAGTTTTCGCCCCGAAGAACGTTTTCCAATGATGAGCACTTTTAAAGTTCTGCTATGTGGTGCGGTATTATCCCGTGTTGACGCCGGGCAAGAGCAACTCGGTCGCCGCATACACTATTCTCAGAATGACTTGGTTGAGTACTCACCAGTCACAGAAAAGCATCTTACGGATGGCATGACAGTAAGAGAATTATGCAGTGCTGCCATAACCATGAGTGATAACACTGCTGCCAACTTACTTCTGACAACGATCGGAGGACCGAAGGAGCTAACCGCTTTTTTGCACAACATGGGGGATCATGTAACTCGCCTTGATCGTTGGGAACCGGAGCTGAATGAAGCCATACCAAACGACGAGCGTGACACCACGATGCCTGCAGCAATGGCAACAACGTTGCGCAAACTATTAACTGGCGAACTACTTACTCTAGCTTCCCGGCAACAATTAATAGACTGGATGGAGGCGGATAAAGTTGCAGGACCACTTCTGCGCTCGGCCCTTCCGGCTGGCTGGTTTATTGCTGATAAATCTGGAGCCGGTGAGCGTGGGTCTCGCGGTATCATTGCAGCACTGGGGCCAGATGGTAAGCCCTCCCGTATCGTAGTTATCTACACGACGGGGAGTCAGGCAACTATGGATGAACGAAATAGACAGATCGCTGAGATAGGTGCCTCACTGATTAAGCATTGGTAA	ATGAGTATTCAACATTTCCGTGTCGCCCTTATTCCCTTTTTTGCGGCATTTTGC...TAA	861	5967	37	897	True	True	True
310	gb|KF513177|+|0-861|ARO:3001356|SHV-172	ATGCGTTATATTCGCCTGTGTATTATCTCCCTGTTAGCCACCCTGCCGCTGGCG...TAA	861	(24) 5151- (884)	24	884	ATGCGTTATATTCGCCTGTGTATTATCTCCCTGTTAGCCACCCTGCCGCTGGCGGTACACGCCAGCCCGCAGCCGCTTGAGCAAATTAAACAAAGCGAAAGCCAGCTGTCGGGCCGCGTAGGCATGATAGAAATGGATCTGGCCAGCGGCCGCACGCTGACCGCCTGGCGCGCCGATGAACGCTTTCCCATGATGAGCACCTTTAAAGTAGTGCTCTGCGGCGCAGTGCTGGCGCGGGTGGATGCCGGTGACGAACAGCTGGAGCGAAAGATCCACTATCGCCAGCAGGATCTGGTGGACTACTCGCCGGTCAGCGAAAAACACCTTGCCGACGGCATGACGGTCGGCGAACTCTGCGCCGCCGCCATTACCATGAGCGATAACAGCGCCGCCAATCTGCTGCTGGCCACCGTCGGCGGCCCCGCAGGATTGACTGCCTTTTTGCGCCAGATCGGCGACAACGTCACCCGCCTTGACCGCTGGGAAACGGAACTGAATGAGGCGCTTCCCGGCGACGCCCGCGACACCACTACCCCGGCCAGCATGGCCGCGACCCTGCGCAAGCTGCTGACCAGCCAGCGTCTGAGCGCCCGTTCGCAACGGCAGCTGCTGCAGTGGATGGTGGACGATCGGGTCGCCGGACCGTTGATCCGCTCCGTGCTGCCGGCGGGCTGGTTTATCGCCGATAAGACCGGAGCTAGCAAGCGGGGTGCGCGCGGGATTGTCGCCCTGCTTGGCCCGAATAACAAAGCAGAGCGCATCGTGGTGATTTATCTGCGGGATACGCCGGCGAGCATGGCCGAGCGAAATCAGCAAATCGCCGGGATCGGCGCGGCGCTGATCGAGCACTGGCAACGCTAA	ATGCGTTATATTCGCCTGTGTATTATCTCCCTGTTAGCCACCCTGCCGCTGGCG...TAA	861	24	884	861.0	5151-	ATGCGTTATATTCGCCTGTGTATTATCTCCCTGTTAGCCACCCTGCCGCTGGCGGTACACGCCAGCCCGCAGCCGCTTGAGCAAATTAAACAAAGCGAAAGCCAGCTGTCGGGCCGCGTAGGCATGATAGAAATGGATCTGGCCAGCGGCCGCACGCTGACCGCCTGGCGCGCCGATGAACGCTTTCCCATGATGAGCACCTTTAAAGTAGTGCTCTGCGGCGCAGTGCTGGCGCGGGTGGATGCCGGTGACGAACAGCTGGAGCGAAAGATCCACTATCGCCAGCAGGATCTGGTGGACTACTCGCCGGTCAGCGAAAAACACCTTGCCGACGGCATGACGGTCGGCGAACTCTGCGCCGCCGCCATTACCATGAGCGATAACAGCGCCGCCAATCTGCTGCTGGCCACCGTCGGCGGCCCCGCAGGATTGACTGCCTTTTTGCGCCAGATCGGCGACAACGTCACCCGCCTTGACCGCTGGGAAACGGAACTGAATGAGGCGCTTCCCGGCGACGCCCGCGACACCACTACCCCGGCCAGCATGGCCGCGACCCTGCGCAAGCTGCTGACCAGCCAGCGTCTGAGCGCCCGTTCGCAACGGCAGCTGCTGCAGTGGATGGTGGACGATCGGGTCGCCGGACCGTTGATCCGCTCCGTGCTGCCGGCGGGCTGGTTTATCGCCGATAAGACCGGAGCTAGCAAGCGGGGTGCGCGCGGGATTGTCGCCCTGCTTGGCCCGAATAACAAAGCAGAGCGCATCGTGGTGATTTATCTGCGGGATACGCCGGCGAGCATGGCCGAGCGAAATCAGCAAATCGCCGGGATCGGCGCGGCGCTGATCGAGCACTGGCAACGCTAA	ATGCGTTATATTCGCCTGTGTATTATCTCCCTGTTAGCCACCCTGCCGCTGGCG...TAA	861	5151	24	884	True	True	True
311	gb|KF513178|+|0-861|ARO:3001357|SHV-173	ATGCGTTATATTCGCCTGTGTATTATCTCCCTGTTAGCCACCCTGCCGCTGGCG...TAA	861	(24) 5151- (884)	24	884	ATGCGTTATATTCGCCTGTGTATTATCTCCCTGTTAGCCACCCTGCCGCTGGCGGTACACGCCAGCCCGCAGCCGCTTGAGCAAATTAAACAAAGCGAAAGCCAGCTGTCGGGCCGCGTAGGCATGATAGAAATGGATCTGGCCAGCGGCCGCACGCTGACCGCCTGGCGCGCCGATGAACGCTTTCCCATGATGAGCACCTTTAAAGTAGTGCTCTGCGGCGCAGTGCTGGCGCGGGTGGATGCCGGTGACGAACAGCTGGAGCGAAAGATCCACTATCGCCAGCAGGATCTGGTGGACTACTCGCCGGTCAGCGAAAAACACCTTGCCGACGGCATGACGGTCGGCGAACTCTGCGCCGCCGCCATTACCATGAGCGATAACAGCGCCGCCAATCTGCTGCTGGCCACCGTCGGCGGCCCCGCAGGATTGACTGCCTTTTTGCGCCAGATCGGCGACAACGTCACCCGCCTTGACCGCTGGGAAACGGAACTGAATGAGGCGCTTCCCGGCGACGCCCGCGACACCACTACCCCGGCCAGCATGGCCGCGACCCTGCGCAAGCTGCTGACCAGCCAGCGTCTGAGCGCCCGTTCGCAACGGCAGCTGCTGCAGTGGATGGTGGACGATCGGGTCGCCGGACCGTTGATCCGCTCCGTGCTGCCGGCGGGCTGGTTTATCGCCGATAAGACCGGAGCTAGCAAGCGGGGTGCGCGCGGGATTGTCGCCCTGCTTGGCCCGAATAACAAAGCAGAGCGCATCGTGGTGATTTATCTGCGGGATACGCCGGCGAGCATGGCCGAGCGAAATCAGCAAATCGCCGGGATCGGCGCGGCGCTGATCGAGCACTGGCAACGCTAA	ATGCGTTATATTCGCCTGTGTATTATCTCCCTGTTAGCCACCCTGCCGCTGGCG...TAA	861	24	884	861.0	5151-	ATGCGTTATATTCGCCTGTGTATTATCTCCCTGTTAGCCACCCTGCCGCTGGCGGTACACGCCAGCCCGCAGCCGCTTGAGCAAATTAAACAAAGCGAAAGCCAGCTGTCGGGCCGCGTAGGCATGATAGAAATGGATCTGGCCAGCGGCCGCACGCTGACCGCCTGGCGCGCCGATGAACGCTTTCCCATGATGAGCACCTTTAAAGTAGTGCTCTGCGGCGCAGTGCTGGCGCGGGTGGATGCCGGTGACGAACAGCTGGAGCGAAAGATCCACTATCGCCAGCAGGATCTGGTGGACTACTCGCCGGTCAGCGAAAAACACCTTGCCGACGGCATGACGGTCGGCGAACTCTGCGCCGCCGCCATTACCATGAGCGATAACAGCGCCGCCAATCTGCTGCTGGCCACCGTCGGCGGCCCCGCAGGATTGACTGCCTTTTTGCGCCAGATCGGCGACAACGTCACCCGCCTTGACCGCTGGGAAACGGAACTGAATGAGGCGCTTCCCGGCGACGCCCGCGACACCACTACCCCGGCCAGCATGGCCGCGACCCTGCGCAAGCTGCTGACCAGCCAGCGTCTGAGCGCCCGTTCGCAACGGCAGCTGCTGCAGTGGATGGTGGACGATCGGGTCGCCGGACCGTTGATCCGCTCCGTGCTGCCGGCGGGCTGGTTTATCGCCGATAAGACCGGAGCTAGCAAGCGGGGTGCGCGCGGGATTGTCGCCCTGCTTGGCCCGAATAACAAAGCAGAGCGCATCGTGGTGATTTATCTGCGGGATACGCCGGCGAGCATGGCCGAGCGAAATCAGCAAATCGCCGGGATCGGCGCGGCGCTGATCGAGCACTGGCAACGCTAA	ATGCGTTATATTCGCCTGTGTATTATCTCCCTGTTAGCCACCCTGCCGCTGGCG...TAA	861	5151	24	884	True	True	True
312	gb|KF513179|+|0-861|ARO:3001388|TEM-211	ATGAGTATTAAACATTTCCGTGTCGCCCTTATTCCCTTTTTTGCGGCATTTTGC...TAA	861	(37) 5967+ (897)	37	897	ATGAGTATTCAACATTTCCGTGTCGCCCTTATTCCCTTTTTTGCGGCATTTTGCCTTCCTGTTTTTGCTCACCCAGAAACGCTGGTGAAAGTAAAAGATGCTGAAGATCAGTTGGGTGCACGAGTGGGTTACATCGAACTGGATCTCAACAGCGGTAAGATCCTTGAGAGTTTTCGCCCCGAAGAACGTTTTCCAATGATGAGCACTTTTAAAGTTCTGCTATGTGGTGCGGTATTATCCCGTGTTGACGCCGGGCAAGAGCAACTCGGTCGCCGCATACACTATTCTCAGAATGACTTGGTTGAGTACTCACCAGTCACAGAAAAGCATCTTACGGATGGCATGACAGTAAGAGAATTATGCAGTGCTGCCATAACCATGAGTGATAACACTGCTGCCAACTTACTTCTGACAACGATCGGAGGACCGAAGGAGCTAACCGCTTTTTTGCACAACATGGGGGATCATGTAACTCGCCTTGATCGTTGGGAACCGGAGCTGAATGAAGCCATACCAAACGACGAGCGTGACACCACGATGCCTGCAGCAATGGCAACAACGTTGCGCAAACTATTAACTGGCGAACTACTTACTCTAGCTTCCCGGCAACAATTAATAGACTGGATGGAGGCGGATAAAGTTGCAGGACCACTTCTGCGCTCGGCCCTTCCGGCTGGCTGGTTTATTGCTGATAAATCTGGAGCCGGTGAGCGTGGGTCTCGCGGTATCATTGCAGCACTGGGGCCAGATGGTAAGCCCTCCCGTATCGTAGTTATCTACACGACGGGGAGTCAGGCAACTATGGATGAACGAAATAGACAGATCGCTGAGATAGGTGCCTCACTGATTAAGCATTGGTAA	ATGAGTATTAAACATTTCCGTGTCGCCCTTATTCCCTTTTTTGCGGCATTTTGC...TAA	861	37	897	861.0	5967+	ATGAGTATTCAACATTTCCGTGTCGCCCTTATTCCCTTTTTTGCGGCATTTTGCCTTCCTGTTTTTGCTCACCCAGAAACGCTGGTGAAAGTAAAAGATGCTGAAGATCAGTTGGGTGCACGAGTGGGTTACATCGAACTGGATCTCAACAGCGGTAAGATCCTTGAGAGTTTTCGCCCCGAAGAACGTTTTCCAATGATGAGCACTTTTAAAGTTCTGCTATGTGGTGCGGTATTATCCCGTGTTGACGCCGGGCAAGAGCAACTCGGTCGCCGCATACACTATTCTCAGAATGACTTGGTTGAGTACTCACCAGTCACAGAAAAGCATCTTACGGATGGCATGACAGTAAGAGAATTATGCAGTGCTGCCATAACCATGAGTGATAACACTGCTGCCAACTTACTTCTGACAACGATCGGAGGACCGAAGGAGCTAACCGCTTTTTTGCACAACATGGGGGATCATGTAACTCGCCTTGATCGTTGGGAACCGGAGCTGAATGAAGCCATACCAAACGACGAGCGTGACACCACGATGCCTGCAGCAATGGCAACAACGTTGCGCAAACTATTAACTGGCGAACTACTTACTCTAGCTTCCCGGCAACAATTAATAGACTGGATGGAGGCGGATAAAGTTGCAGGACCACTTCTGCGCTCGGCCCTTCCGGCTGGCTGGTTTATTGCTGATAAATCTGGAGCCGGTGAGCGTGGGTCTCGCGGTATCATTGCAGCACTGGGGCCAGATGGTAAGCCCTCCCGTATCGTAGTTATCTACACGACGGGGAGTCAGGCAACTATGGATGAACGAAATAGACAGATCGCTGAGATAGGTGCCTCACTGATTAAGCATTGGTAA	ATGAGTATTAAACATTTCCGTGTCGCCCTTATTCCCTTTTTTGCGGCATTTTGC...TAA	861	5967	37	897	True	True	True
313	gb|KF663615|+|0-858|ARO:3001390|TEM-213	ATGAGTATTCAACATTTCCGTGTCGCCCTTATTCCCTTTTTTGCGGCATTTTGC...TGG	858	(37) 5967+ (894)	37	894	ATGAGTATTCAACATTTCCGTGTCGCCCTTATTCCCTTTTTTGCGGCATTTTGCCTTCCTGTTTTTGCTCACCCAGAAACGCTGGTGAAAGTAAAAGATGCTGAAGATCAGTTGGGTGCACGAGTGGGTTACATCGAACTGGATCTCAACAGCGGTAAGATCCTTGAGAGTTTTCGCCCCGAAGAACGTTTTCCAATGATGAGCACTTTTAAAGTTCTGCTATGTGGTGCGGTATTATCCCGTGTTGACGCCGGGCAAGAGCAACTCGGTCGCCGCATACACTATTCTCAGAATGACTTGGTTGAGTACTCACCAGTCACAGAAAAGCATCTTACGGATGGCATGACAGTAAGAGAATTATGCAGTGCTGCCATAACCATGAGTGATAACACTGCTGCCAACTTACTTCTGACAACGATCGGAGGACCGAAGGAGCTAACCGCTTTTTTGCACAACATGGGGGATCATGTAACTCGCCTTGATCGTTGGGAACCGGAGCTGAATGAAGCCATACCAAACGACGAGCGTGACACCACGATGCCTGCAGCAATGGCAACAACGTTGCGCAAACTATTAACTGGCGAACTACTTACTCTAGCTTCCCGGCAACAATTAATAGACTGGATGGAGGCGGATAAAGTTGCAGGACCACTTCTGCGCTCGGCCCTTCCGGCTGGCTGGTTTATTGCTGATAAATCTGGAGCCGGTGAGCGTGGGTCTCGCGGTATCATTGCAGCACTGGGGCCAGATGGTAAGCCCTCCCGTATCGTAGTTATCTACACGACGGGGAGTCAGGCAACTATGGATGAACGAAATAGACAGATCGCTGAGATAGGTGCCTCACTGATTAAGCATTGG	ATGAGTATTCAACATTTCCGTGTCGCCCTTATTCCCTTTTTTGCGGCATTTTGC...TGG	858	37	894	858.0	5967+	ATGAGTATTCAACATTTCCGTGTCGCCCTTATTCCCTTTTTTGCGGCATTTTGCCTTCCTGTTTTTGCTCACCCAGAAACGCTGGTGAAAGTAAAAGATGCTGAAGATCAGTTGGGTGCACGAGTGGGTTACATCGAACTGGATCTCAACAGCGGTAAGATCCTTGAGAGTTTTCGCCCCGAAGAACGTTTTCCAATGATGAGCACTTTTAAAGTTCTGCTATGTGGTGCGGTATTATCCCGTGTTGACGCCGGGCAAGAGCAACTCGGTCGCCGCATACACTATTCTCAGAATGACTTGGTTGAGTACTCACCAGTCACAGAAAAGCATCTTACGGATGGCATGACAGTAAGAGAATTATGCAGTGCTGCCATAACCATGAGTGATAACACTGCTGCCAACTTACTTCTGACAACGATCGGAGGACCGAAGGAGCTAACCGCTTTTTTGCACAACATGGGGGATCATGTAACTCGCCTTGATCGTTGGGAACCGGAGCTGAATGAAGCCATACCAAACGACGAGCGTGACACCACGATGCCTGCAGCAATGGCAACAACGTTGCGCAAACTATTAACTGGCGAACTACTTACTCTAGCTTCCCGGCAACAATTAATAGACTGGATGGAGGCGGATAAAGTTGCAGGACCACTTCTGCGCTCGGCCCTTCCGGCTGGCTGGTTTATTGCTGATAAATCTGGAGCCGGTGAGCGTGGGTCTCGCGGTATCATTGCAGCACTGGGGCCAGATGGTAAGCCCTCCCGTATCGTAGTTATCTACACGACGGGGAGTCAGGCAACTATGGATGAACGAAATAGACAGATCGCTGAGATAGGTGCCTCACTGATTAAGCATTGG	ATGAGTATTCAACATTTCCGTGTCGCCCTTATTCCCTTTTTTGCGGCATTTTGC...TGG	858	5967	37	894	True	True	True
314	gb|KF705208|+|0-861|ARO:3001362|SHV-179	ATGCGTTATATTCGCCTGTGTATTATCTCCCTGTTAGCCACCCTGCCGCTGGCG...TAA	861	(24) 5151- (884)	24	884	ATGCGTTATATTCGCCTGTGTATTATCTCCCTGTTAGCCACCCTGCCGCTGGCGGTACACGCCAGCCCGCAGCCGCTTGAGCAAATTAAACAAAGCGAAAGCCAGCTGTCGGGCCGCGTAGGCATGATAGAAATGGATCTGGCCAGCGGCCGCACGCTGACCGCCTGGCGCGCCGATGAACGCTTTCCCATGATGAGCACCTTTAAAGTAGTGCTCTGCGGCGCAGTGCTGGCGCGGGTGGATGCCGGTGACGAACAGCTGGAGCGAAAGATCCACTATCGCCAGCAGGATCTGGTGGACTACTCGCCGGTCAGCGAAAAACACCTTGCCGACGGCATGACGGTCGGCGAACTCTGCGCCGCCGCCATTACCATGAGCGATAACAGCGCCGCCAATCTGCTGCTGGCCACCGTCGGCGGCCCCGCAGGATTGACTGCCTTTTTGCGCCAGATCGGCGACAACGTCACCCGCCTTGACCGCTGGGAAACGGAACTGAATGAGGCGCTTCCCGGCGACGCCCGCGACACCACTACCCCGGCCAGCATGGCCGCGACCCTGCGCAAGCTGCTGACCAGCCAGCGTCTGAGCGCCCGTTCGCAACGGCAGCTGCTGCAGTGGATGGTGGACGATCGGGTCGCCGGACCGTTGATCCGCTCCGTGCTGCCGGCGGGCTGGTTTATCGCCGATAAGACCGGAGCTAGCAAGCGGGGTGCGCGCGGGATTGTCGCCCTGCTTGGCCCGAATAACAAAGCAGAGCGCATCGTGGTGATTTATCTGCGGGATACGCCGGCGAGCATGGCCGAGCGAAATCAGCAAATCGCCGGGATCGGCGCGGCGCTGATCGAGCACTGGCAACGCTAA	ATGCGTTATATTCGCCTGTGTATTATCTCCCTGTTAGCCACCCTGCCGCTGGCG...TAA	861	24	884	861.0	5151-	ATGCGTTATATTCGCCTGTGTATTATCTCCCTGTTAGCCACCCTGCCGCTGGCGGTACACGCCAGCCCGCAGCCGCTTGAGCAAATTAAACAAAGCGAAAGCCAGCTGTCGGGCCGCGTAGGCATGATAGAAATGGATCTGGCCAGCGGCCGCACGCTGACCGCCTGGCGCGCCGATGAACGCTTTCCCATGATGAGCACCTTTAAAGTAGTGCTCTGCGGCGCAGTGCTGGCGCGGGTGGATGCCGGTGACGAACAGCTGGAGCGAAAGATCCACTATCGCCAGCAGGATCTGGTGGACTACTCGCCGGTCAGCGAAAAACACCTTGCCGACGGCATGACGGTCGGCGAACTCTGCGCCGCCGCCATTACCATGAGCGATAACAGCGCCGCCAATCTGCTGCTGGCCACCGTCGGCGGCCCCGCAGGATTGACTGCCTTTTTGCGCCAGATCGGCGACAACGTCACCCGCCTTGACCGCTGGGAAACGGAACTGAATGAGGCGCTTCCCGGCGACGCCCGCGACACCACTACCCCGGCCAGCATGGCCGCGACCCTGCGCAAGCTGCTGACCAGCCAGCGTCTGAGCGCCCGTTCGCAACGGCAGCTGCTGCAGTGGATGGTGGACGATCGGGTCGCCGGACCGTTGATCCGCTCCGTGCTGCCGGCGGGCTGGTTTATCGCCGATAAGACCGGAGCTAGCAAGCGGGGTGCGCGCGGGATTGTCGCCCTGCTTGGCCCGAATAACAAAGCAGAGCGCATCGTGGTGATTTATCTGCGGGATACGCCGGCGAGCATGGCCGAGCGAAATCAGCAAATCGCCGGGATCGGCGCGGCGCTGATCGAGCACTGGCAACGCTAA	ATGCGTTATATTCGCCTGTGTATTATCTCCCTGTTAGCCACCCTGCCGCTGGCG...TAA	861	5151	24	884	True	True	True
315	gb|KF705209|+|0-861|ARO:3001361|SHV-178	ATGCGTTATATTCGCCTGTGTATTATCTCCCTGTTAGCCACCCTGCCGCTGGCG...TAA	861	(24) 5151- (884)	24	884	ATGCGTTATATTCGCCTGTGTATTATCTCCCTGTTAGCCACCCTGCCGCTGGCGGTACACGCCAGCCCGCAGCCGCTTGAGCAAATTAAACAAAGCGAAAGCCAGCTGTCGGGCCGCGTAGGCATGATAGAAATGGATCTGGCCAGCGGCCGCACGCTGACCGCCTGGCGCGCCGATGAACGCTTTCCCATGATGAGCACCTTTAAAGTAGTGCTCTGCGGCGCAGTGCTGGCGCGGGTGGATGCCGGTGACGAACAGCTGGAGCGAAAGATCCACTATCGCCAGCAGGATCTGGTGGACTACTCGCCGGTCAGCGAAAAACACCTTGCCGACGGCATGACGGTCGGCGAACTCTGCGCCGCCGCCATTACCATGAGCGATAACAGCGCCGCCAATCTGCTGCTGGCCACCGTCGGCGGCCCCGCAGGATTGACTGCCTTTTTGCGCCAGATCGGCGACAACGTCACCCGCCTTGACCGCTGGGAAACGGAACTGAATGAGGCGCTTCCCGGCGACGCCCGCGACACCACTACCCCGGCCAGCATGGCCGCGACCCTGCGCAAGCTGCTGACCAGCCAGCGTCTGAGCGCCCGTTCGCAACGGCAGCTGCTGCAGTGGATGGTGGACGATCGGGTCGCCGGACCGTTGATCCGCTCCGTGCTGCCGGCGGGCTGGTTTATCGCCGATAAGACCGGAGCTAGCAAGCGGGGTGCGCGCGGGATTGTCGCCCTGCTTGGCCCGAATAACAAAGCAGAGCGCATCGTGGTGATTTATCTGCGGGATACGCCGGCGAGCATGGCCGAGCGAAATCAGCAAATCGCCGGGATCGGCGCGGCGCTGATCGAGCACTGGCAACGCTAA	ATGCGTTATATTCGCCTGTGTATTATCTCCCTGTTAGCCACCCTGCCGCTGGCG...TAA	861	24	884	861.0	5151-	ATGCGTTATATTCGCCTGTGTATTATCTCCCTGTTAGCCACCCTGCCGCTGGCGGTACACGCCAGCCCGCAGCCGCTTGAGCAAATTAAACAAAGCGAAAGCCAGCTGTCGGGCCGCGTAGGCATGATAGAAATGGATCTGGCCAGCGGCCGCACGCTGACCGCCTGGCGCGCCGATGAACGCTTTCCCATGATGAGCACCTTTAAAGTAGTGCTCTGCGGCGCAGTGCTGGCGCGGGTGGATGCCGGTGACGAACAGCTGGAGCGAAAGATCCACTATCGCCAGCAGGATCTGGTGGACTACTCGCCGGTCAGCGAAAAACACCTTGCCGACGGCATGACGGTCGGCGAACTCTGCGCCGCCGCCATTACCATGAGCGATAACAGCGCCGCCAATCTGCTGCTGGCCACCGTCGGCGGCCCCGCAGGATTGACTGCCTTTTTGCGCCAGATCGGCGACAACGTCACCCGCCTTGACCGCTGGGAAACGGAACTGAATGAGGCGCTTCCCGGCGACGCCCGCGACACCACTACCCCGGCCAGCATGGCCGCGACCCTGCGCAAGCTGCTGACCAGCCAGCGTCTGAGCGCCCGTTCGCAACGGCAGCTGCTGCAGTGGATGGTGGACGATCGGGTCGCCGGACCGTTGATCCGCTCCGTGCTGCCGGCGGGCTGGTTTATCGCCGATAAGACCGGAGCTAGCAAGCGGGGTGCGCGCGGGATTGTCGCCCTGCTTGGCCCGAATAACAAAGCAGAGCGCATCGTGGTGATTTATCTGCGGGATACGCCGGCGAGCATGGCCGAGCGAAATCAGCAAATCGCCGGGATCGGCGCGGCGCTGATCGAGCACTGGCAACGCTAA	ATGCGTTATATTCGCCTGTGTATTATCTCCCTGTTAGCCACCCTGCCGCTGGCG...TAA	861	5151	24	884	True	True	True
316	gb|KF921535.1|+|617-1091|ARO:3002859|dfrA14	TTGAAAGTATCATTGATGGCTGCGAAAGCGAAAAACGGCGTGATTGGTTGCGGT...TAA	474	(73) 27465+ (546)	73	546	TTGAAAGTATCATTGATGGCTGCGAAAGCGAAAAACGGCGTGATTGGTTGCGGTCCAGACATACCCTGGTCCGCGAAAGGGGAGCAGCTACTTTTTAAAGCATTGACCTACAATCAGTGGCTTCTGGTGGGTCGCAAGACGTTTGAATCTATGGGCGCACTCCCCAATAGGAAATACGCGGTCGTTACCCGCTCAGGTTGGACATCAAATGATGACAATGTAGTTGTATTTCAGTCAATCGAAGAGGCCATGGACAGGCTAGCTGAATTCACCGGTCACGTTATAGTGTCTGGTGGCGGAGAAATTTACCGAGAAACATTACCCATGGCCTCTACGCTCCACTTATCGACGATCGACATCGAGCCAGAGGGGGATGTTTTCTTCCCGAGTATTCCAAATACCTTCGAAGTTGTTTTTGAGCAACACTTTACTTCAAACATTAACTATTGCTATCAAATTTGGAAAAAGGGTTAA	TTGAAAGTATCATTGATGGCTGCGAAAGCGAAAAACGGCGTGATTGGTTGCGGT...TAA	474	1000	999	999.0	999	999	TTGAAAGTATCATTGATGGCTGCGAAAGCGAAAAACGGCGTGATTGGTTGCGGT...TAA	474	27465	73	546	False	True	False
317	gb|KF944358|+|0-861|ARO:3001393|TEM-216	ATGAGTATTCAACATTTTCGTGTCTCCCTTATTCCCTTTTTTGCGGCATTTTGC...TAA	861	(37) 5967+ (897)	37	897	ATGAGTATTCAACATTTCCGTGTCGCCCTTATTCCCTTTTTTGCGGCATTTTGCCTTCCTGTTTTTGCTCACCCAGAAACGCTGGTGAAAGTAAAAGATGCTGAAGATCAGTTGGGTGCACGAGTGGGTTACATCGAACTGGATCTCAACAGCGGTAAGATCCTTGAGAGTTTTCGCCCCGAAGAACGTTTTCCAATGATGAGCACTTTTAAAGTTCTGCTATGTGGTGCGGTATTATCCCGTGTTGACGCCGGGCAAGAGCAACTCGGTCGCCGCATACACTATTCTCAGAATGACTTGGTTGAGTACTCACCAGTCACAGAAAAGCATCTTACGGATGGCATGACAGTAAGAGAATTATGCAGTGCTGCCATAACCATGAGTGATAACACTGCTGCCAACTTACTTCTGACAACGATCGGAGGACCGAAGGAGCTAACCGCTTTTTTGCACAACATGGGGGATCATGTAACTCGCCTTGATCGTTGGGAACCGGAGCTGAATGAAGCCATACCAAACGACGAGCGTGACACCACGATGCCTGCAGCAATGGCAACAACGTTGCGCAAACTATTAACTGGCGAACTACTTACTCTAGCTTCCCGGCAACAATTAATAGACTGGATGGAGGCGGATAAAGTTGCAGGACCACTTCTGCGCTCGGCCCTTCCGGCTGGCTGGTTTATTGCTGATAAATCTGGAGCCGGTGAGCGTGGGTCTCGCGGTATCATTGCAGCACTGGGGCCAGATGGTAAGCCCTCCCGTATCGTAGTTATCTACACGACGGGGAGTCAGGCAACTATGGATGAACGAAATAGACAGATCGCTGAGATAGGTGCCTCACTGATTAAGCATTGGTAA	ATGAGTATTCAACATTTTCGTGTCTCCCTTATTCCCTTTTTTGCGGCATTTTGC...TAA	861	37	897	861.0	5967+	ATGAGTATTCAACATTTCCGTGTCGCCCTTATTCCCTTTTTTGCGGCATTTTGCCTTCCTGTTTTTGCTCACCCAGAAACGCTGGTGAAAGTAAAAGATGCTGAAGATCAGTTGGGTGCACGAGTGGGTTACATCGAACTGGATCTCAACAGCGGTAAGATCCTTGAGAGTTTTCGCCCCGAAGAACGTTTTCCAATGATGAGCACTTTTAAAGTTCTGCTATGTGGTGCGGTATTATCCCGTGTTGACGCCGGGCAAGAGCAACTCGGTCGCCGCATACACTATTCTCAGAATGACTTGGTTGAGTACTCACCAGTCACAGAAAAGCATCTTACGGATGGCATGACAGTAAGAGAATTATGCAGTGCTGCCATAACCATGAGTGATAACACTGCTGCCAACTTACTTCTGACAACGATCGGAGGACCGAAGGAGCTAACCGCTTTTTTGCACAACATGGGGGATCATGTAACTCGCCTTGATCGTTGGGAACCGGAGCTGAATGAAGCCATACCAAACGACGAGCGTGACACCACGATGCCTGCAGCAATGGCAACAACGTTGCGCAAACTATTAACTGGCGAACTACTTACTCTAGCTTCCCGGCAACAATTAATAGACTGGATGGAGGCGGATAAAGTTGCAGGACCACTTCTGCGCTCGGCCCTTCCGGCTGGCTGGTTTATTGCTGATAAATCTGGAGCCGGTGAGCGTGGGTCTCGCGGTATCATTGCAGCACTGGGGCCAGATGGTAAGCCCTCCCGTATCGTAGTTATCTACACGACGGGGAGTCAGGCAACTATGGATGAACGAAATAGACAGATCGCTGAGATAGGTGCCTCACTGATTAAGCATTGGTAA	ATGAGTATTCAACATTTTCGTGTCTCCCTTATTCCCTTTTTTGCGGCATTTTGC...TAA	861	5967	37	897	True	True	True
318	gb|KJ776406|+|16-877|ARO:3001340|SHV-119	ATGCGTCATATTCGCCTGTGTATTATCTCCCTGTTAGCCACCCTGCCGCTGGCG...TAA	861	(24) 5151- (884)	24	884	ATGCGTTATATTCGCCTGTGTATTATCTCCCTGTTAGCCACCCTGCCGCTGGCGGTACACGCCAGCCCGCAGCCGCTTGAGCAAATTAAACAAAGCGAAAGCCAGCTGTCGGGCCGCGTAGGCATGATAGAAATGGATCTGGCCAGCGGCCGCACGCTGACCGCCTGGCGCGCCGATGAACGCTTTCCCATGATGAGCACCTTTAAAGTAGTGCTCTGCGGCGCAGTGCTGGCGCGGGTGGATGCCGGTGACGAACAGCTGGAGCGAAAGATCCACTATCGCCAGCAGGATCTGGTGGACTACTCGCCGGTCAGCGAAAAACACCTTGCCGACGGCATGACGGTCGGCGAACTCTGCGCCGCCGCCATTACCATGAGCGATAACAGCGCCGCCAATCTGCTGCTGGCCACCGTCGGCGGCCCCGCAGGATTGACTGCCTTTTTGCGCCAGATCGGCGACAACGTCACCCGCCTTGACCGCTGGGAAACGGAACTGAATGAGGCGCTTCCCGGCGACGCCCGCGACACCACTACCCCGGCCAGCATGGCCGCGACCCTGCGCAAGCTGCTGACCAGCCAGCGTCTGAGCGCCCGTTCGCAACGGCAGCTGCTGCAGTGGATGGTGGACGATCGGGTCGCCGGACCGTTGATCCGCTCCGTGCTGCCGGCGGGCTGGTTTATCGCCGATAAGACCGGAGCTAGCAAGCGGGGTGCGCGCGGGATTGTCGCCCTGCTTGGCCCGAATAACAAAGCAGAGCGCATCGTGGTGATTTATCTGCGGGATACGCCGGCGAGCATGGCCGAGCGAAATCAGCAAATCGCCGGGATCGGCGCGGCGCTGATCGAGCACTGGCAACGCTAA	ATGCGTCATATTCGCCTGTGTATTATCTCCCTGTTAGCCACCCTGCCGCTGGCG...TAA	861	24	884	861.0	5151-	ATGCGTTATATTCGCCTGTGTATTATCTCCCTGTTAGCCACCCTGCCGCTGGCGGTACACGCCAGCCCGCAGCCGCTTGAGCAAATTAAACAAAGCGAAAGCCAGCTGTCGGGCCGCGTAGGCATGATAGAAATGGATCTGGCCAGCGGCCGCACGCTGACCGCCTGGCGCGCCGATGAACGCTTTCCCATGATGAGCACCTTTAAAGTAGTGCTCTGCGGCGCAGTGCTGGCGCGGGTGGATGCCGGTGACGAACAGCTGGAGCGAAAGATCCACTATCGCCAGCAGGATCTGGTGGACTACTCGCCGGTCAGCGAAAAACACCTTGCCGACGGCATGACGGTCGGCGAACTCTGCGCCGCCGCCATTACCATGAGCGATAACAGCGCCGCCAATCTGCTGCTGGCCACCGTCGGCGGCCCCGCAGGATTGACTGCCTTTTTGCGCCAGATCGGCGACAACGTCACCCGCCTTGACCGCTGGGAAACGGAACTGAATGAGGCGCTTCCCGGCGACGCCCGCGACACCACTACCCCGGCCAGCATGGCCGCGACCCTGCGCAAGCTGCTGACCAGCCAGCGTCTGAGCGCCCGTTCGCAACGGCAGCTGCTGCAGTGGATGGTGGACGATCGGGTCGCCGGACCGTTGATCCGCTCCGTGCTGCCGGCGGGCTGGTTTATCGCCGATAAGACCGGAGCTAGCAAGCGGGGTGCGCGCGGGATTGTCGCCCTGCTTGGCCCGAATAACAAAGCAGAGCGCATCGTGGTGATTTATCTGCGGGATACGCCGGCGAGCATGGCCGAGCGAAATCAGCAAATCGCCGGGATCGGCGCGGCGCTGATCGAGCACTGGCAACGCTAA	ATGCGTCATATTCGCCTGTGTATTATCTCCCTGTTAGCCACCCTGCCGCTGGCG...TAA	861	5151	24	884	True	True	True
319	gb|KM114268|+|0-861|ARO:3003157|TEM-219	ATGAGTATTCAACATTTTCGTGTCGCCCTTATTCCCTTTTTTGCGGCATTTTGC...TAA	861	(37) 5967+ (897)	37	897	ATGAGTATTCAACATTTCCGTGTCGCCCTTATTCCCTTTTTTGCGGCATTTTGCCTTCCTGTTTTTGCTCACCCAGAAACGCTGGTGAAAGTAAAAGATGCTGAAGATCAGTTGGGTGCACGAGTGGGTTACATCGAACTGGATCTCAACAGCGGTAAGATCCTTGAGAGTTTTCGCCCCGAAGAACGTTTTCCAATGATGAGCACTTTTAAAGTTCTGCTATGTGGTGCGGTATTATCCCGTGTTGACGCCGGGCAAGAGCAACTCGGTCGCCGCATACACTATTCTCAGAATGACTTGGTTGAGTACTCACCAGTCACAGAAAAGCATCTTACGGATGGCATGACAGTAAGAGAATTATGCAGTGCTGCCATAACCATGAGTGATAACACTGCTGCCAACTTACTTCTGACAACGATCGGAGGACCGAAGGAGCTAACCGCTTTTTTGCACAACATGGGGGATCATGTAACTCGCCTTGATCGTTGGGAACCGGAGCTGAATGAAGCCATACCAAACGACGAGCGTGACACCACGATGCCTGCAGCAATGGCAACAACGTTGCGCAAACTATTAACTGGCGAACTACTTACTCTAGCTTCCCGGCAACAATTAATAGACTGGATGGAGGCGGATAAAGTTGCAGGACCACTTCTGCGCTCGGCCCTTCCGGCTGGCTGGTTTATTGCTGATAAATCTGGAGCCGGTGAGCGTGGGTCTCGCGGTATCATTGCAGCACTGGGGCCAGATGGTAAGCCCTCCCGTATCGTAGTTATCTACACGACGGGGAGTCAGGCAACTATGGATGAACGAAATAGACAGATCGCTGAGATAGGTGCCTCACTGATTAAGCATTGGTAA	ATGAGTATTCAACATTTTCGTGTCGCCCTTATTCCCTTTTTTGCGGCATTTTGC...TAA	861	37	897	861.0	5967+	ATGAGTATTCAACATTTCCGTGTCGCCCTTATTCCCTTTTTTGCGGCATTTTGCCTTCCTGTTTTTGCTCACCCAGAAACGCTGGTGAAAGTAAAAGATGCTGAAGATCAGTTGGGTGCACGAGTGGGTTACATCGAACTGGATCTCAACAGCGGTAAGATCCTTGAGAGTTTTCGCCCCGAAGAACGTTTTCCAATGATGAGCACTTTTAAAGTTCTGCTATGTGGTGCGGTATTATCCCGTGTTGACGCCGGGCAAGAGCAACTCGGTCGCCGCATACACTATTCTCAGAATGACTTGGTTGAGTACTCACCAGTCACAGAAAAGCATCTTACGGATGGCATGACAGTAAGAGAATTATGCAGTGCTGCCATAACCATGAGTGATAACACTGCTGCCAACTTACTTCTGACAACGATCGGAGGACCGAAGGAGCTAACCGCTTTTTTGCACAACATGGGGGATCATGTAACTCGCCTTGATCGTTGGGAACCGGAGCTGAATGAAGCCATACCAAACGACGAGCGTGACACCACGATGCCTGCAGCAATGGCAACAACGTTGCGCAAACTATTAACTGGCGAACTACTTACTCTAGCTTCCCGGCAACAATTAATAGACTGGATGGAGGCGGATAAAGTTGCAGGACCACTTCTGCGCTCGGCCCTTCCGGCTGGCTGGTTTATTGCTGATAAATCTGGAGCCGGTGAGCGTGGGTCTCGCGGTATCATTGCAGCACTGGGGCCAGATGGTAAGCCCTCCCGTATCGTAGTTATCTACACGACGGGGAGTCAGGCAACTATGGATGAACGAAATAGACAGATCGCTGAGATAGGTGCCTCACTGATTAAGCATTGGTAA	ATGAGTATTCAACATTTTCGTGTCGCCCTTATTCCCTTTTTTGCGGCATTTTGC...TAA	861	5967	37	897	True	True	True
320	gb|KM233164|+|0-861|ARO:3003152|SHV-185	ATGCGTTATATTCGCCTGTGTATTATCTCCCTGTTAGCCACCCTGCCGCTGGCG...TAA	861	(24) 5151- (884)	24	884	ATGCGTTATATTCGCCTGTGTATTATCTCCCTGTTAGCCACCCTGCCGCTGGCGGTACACGCCAGCCCGCAGCCGCTTGAGCAAATTAAACAAAGCGAAAGCCAGCTGTCGGGCCGCGTAGGCATGATAGAAATGGATCTGGCCAGCGGCCGCACGCTGACCGCCTGGCGCGCCGATGAACGCTTTCCCATGATGAGCACCTTTAAAGTAGTGCTCTGCGGCGCAGTGCTGGCGCGGGTGGATGCCGGTGACGAACAGCTGGAGCGAAAGATCCACTATCGCCAGCAGGATCTGGTGGACTACTCGCCGGTCAGCGAAAAACACCTTGCCGACGGCATGACGGTCGGCGAACTCTGCGCCGCCGCCATTACCATGAGCGATAACAGCGCCGCCAATCTGCTGCTGGCCACCGTCGGCGGCCCCGCAGGATTGACTGCCTTTTTGCGCCAGATCGGCGACAACGTCACCCGCCTTGACCGCTGGGAAACGGAACTGAATGAGGCGCTTCCCGGCGACGCCCGCGACACCACTACCCCGGCCAGCATGGCCGCGACCCTGCGCAAGCTGCTGACCAGCCAGCGTCTGAGCGCCCGTTCGCAACGGCAGCTGCTGCAGTGGATGGTGGACGATCGGGTCGCCGGACCGTTGATCCGCTCCGTGCTGCCGGCGGGCTGGTTTATCGCCGATAAGACCGGAGCTAGCAAGCGGGGTGCGCGCGGGATTGTCGCCCTGCTTGGCCCGAATAACAAAGCAGAGCGCATCGTGGTGATTTATCTGCGGGATACGCCGGCGAGCATGGCCGAGCGAAATCAGCAAATCGCCGGGATCGGCGCGGCGCTGATCGAGCACTGGCAACGCTAA	ATGCGTTATATTCGCCTGTGTATTATCTCCCTGTTAGCCACCCTGCCGCTGGCG...TAA	861	24	884	861.0	5151-	ATGCGTTATATTCGCCTGTGTATTATCTCCCTGTTAGCCACCCTGCCGCTGGCGGTACACGCCAGCCCGCAGCCGCTTGAGCAAATTAAACAAAGCGAAAGCCAGCTGTCGGGCCGCGTAGGCATGATAGAAATGGATCTGGCCAGCGGCCGCACGCTGACCGCCTGGCGCGCCGATGAACGCTTTCCCATGATGAGCACCTTTAAAGTAGTGCTCTGCGGCGCAGTGCTGGCGCGGGTGGATGCCGGTGACGAACAGCTGGAGCGAAAGATCCACTATCGCCAGCAGGATCTGGTGGACTACTCGCCGGTCAGCGAAAAACACCTTGCCGACGGCATGACGGTCGGCGAACTCTGCGCCGCCGCCATTACCATGAGCGATAACAGCGCCGCCAATCTGCTGCTGGCCACCGTCGGCGGCCCCGCAGGATTGACTGCCTTTTTGCGCCAGATCGGCGACAACGTCACCCGCCTTGACCGCTGGGAAACGGAACTGAATGAGGCGCTTCCCGGCGACGCCCGCGACACCACTACCCCGGCCAGCATGGCCGCGACCCTGCGCAAGCTGCTGACCAGCCAGCGTCTGAGCGCCCGTTCGCAACGGCAGCTGCTGCAGTGGATGGTGGACGATCGGGTCGCCGGACCGTTGATCCGCTCCGTGCTGCCGGCGGGCTGGTTTATCGCCGATAAGACCGGAGCTAGCAAGCGGGGTGCGCGCGGGATTGTCGCCCTGCTTGGCCCGAATAACAAAGCAGAGCGCATCGTGGTGATTTATCTGCGGGATACGCCGGCGAGCATGGCCGAGCGAAATCAGCAAATCGCCGGGATCGGCGCGGCGCTGATCGAGCACTGGCAACGCTAA	ATGCGTTATATTCGCCTGTGTATTATCTCCCTGTTAGCCACCCTGCCGCTGGCG...TAA	861	5151	24	884	True	True	True
321	gb|KM233165|+|0-861|ARO:3003153|SHV-186	ATGCGTTATATTCGCCTGTGTATTATCTCCCTGTTAGCCACCCTGCCGCTGGCG...TAA	861	(24) 5151- (884)	24	884	ATGCGTTATATTCGCCTGTGTATTATCTCCCTGTTAGCCACCCTGCCGCTGGCGGTACACGCCAGCCCGCAGCCGCTTGAGCAAATTAAACAAAGCGAAAGCCAGCTGTCGGGCCGCGTAGGCATGATAGAAATGGATCTGGCCAGCGGCCGCACGCTGACCGCCTGGCGCGCCGATGAACGCTTTCCCATGATGAGCACCTTTAAAGTAGTGCTCTGCGGCGCAGTGCTGGCGCGGGTGGATGCCGGTGACGAACAGCTGGAGCGAAAGATCCACTATCGCCAGCAGGATCTGGTGGACTACTCGCCGGTCAGCGAAAAACACCTTGCCGACGGCATGACGGTCGGCGAACTCTGCGCCGCCGCCATTACCATGAGCGATAACAGCGCCGCCAATCTGCTGCTGGCCACCGTCGGCGGCCCCGCAGGATTGACTGCCTTTTTGCGCCAGATCGGCGACAACGTCACCCGCCTTGACCGCTGGGAAACGGAACTGAATGAGGCGCTTCCCGGCGACGCCCGCGACACCACTACCCCGGCCAGCATGGCCGCGACCCTGCGCAAGCTGCTGACCAGCCAGCGTCTGAGCGCCCGTTCGCAACGGCAGCTGCTGCAGTGGATGGTGGACGATCGGGTCGCCGGACCGTTGATCCGCTCCGTGCTGCCGGCGGGCTGGTTTATCGCCGATAAGACCGGAGCTAGCAAGCGGGGTGCGCGCGGGATTGTCGCCCTGCTTGGCCCGAATAACAAAGCAGAGCGCATCGTGGTGATTTATCTGCGGGATACGCCGGCGAGCATGGCCGAGCGAAATCAGCAAATCGCCGGGATCGGCGCGGCGCTGATCGAGCACTGGCAACGCTAA	ATGCGTTATATTCGCCTGTGTATTATCTCCCTGTTAGCCACCCTGCCGCTGGCG...TAA	861	24	884	861.0	5151-	ATGCGTTATATTCGCCTGTGTATTATCTCCCTGTTAGCCACCCTGCCGCTGGCGGTACACGCCAGCCCGCAGCCGCTTGAGCAAATTAAACAAAGCGAAAGCCAGCTGTCGGGCCGCGTAGGCATGATAGAAATGGATCTGGCCAGCGGCCGCACGCTGACCGCCTGGCGCGCCGATGAACGCTTTCCCATGATGAGCACCTTTAAAGTAGTGCTCTGCGGCGCAGTGCTGGCGCGGGTGGATGCCGGTGACGAACAGCTGGAGCGAAAGATCCACTATCGCCAGCAGGATCTGGTGGACTACTCGCCGGTCAGCGAAAAACACCTTGCCGACGGCATGACGGTCGGCGAACTCTGCGCCGCCGCCATTACCATGAGCGATAACAGCGCCGCCAATCTGCTGCTGGCCACCGTCGGCGGCCCCGCAGGATTGACTGCCTTTTTGCGCCAGATCGGCGACAACGTCACCCGCCTTGACCGCTGGGAAACGGAACTGAATGAGGCGCTTCCCGGCGACGCCCGCGACACCACTACCCCGGCCAGCATGGCCGCGACCCTGCGCAAGCTGCTGACCAGCCAGCGTCTGAGCGCCCGTTCGCAACGGCAGCTGCTGCAGTGGATGGTGGACGATCGGGTCGCCGGACCGTTGATCCGCTCCGTGCTGCCGGCGGGCTGGTTTATCGCCGATAAGACCGGAGCTAGCAAGCGGGGTGCGCGCGGGATTGTCGCCCTGCTTGGCCCGAATAACAAAGCAGAGCGCATCGTGGTGATTTATCTGCGGGATACGCCGGCGAGCATGGCCGAGCGAAATCAGCAAATCGCCGGGATCGGCGCGGCGCTGATCGAGCACTGGCAACGCTAA	ATGCGTTATATTCGCCTGTGTATTATCTCCCTGTTAGCCACCCTGCCGCTGGCG...TAA	861	5151	24	884	True	True	True
322	gb|KM998962.1|+|0-861|ARO:3003158|TEM-220	ATGAGTATTCAACATTTTCGTGTCGCCCTTATTCCCTTTTTTGCGGCATTTTGC...TAA	861	(37) 5967+ (897)	37	897	ATGAGTATTCAACATTTCCGTGTCGCCCTTATTCCCTTTTTTGCGGCATTTTGCCTTCCTGTTTTTGCTCACCCAGAAACGCTGGTGAAAGTAAAAGATGCTGAAGATCAGTTGGGTGCACGAGTGGGTTACATCGAACTGGATCTCAACAGCGGTAAGATCCTTGAGAGTTTTCGCCCCGAAGAACGTTTTCCAATGATGAGCACTTTTAAAGTTCTGCTATGTGGTGCGGTATTATCCCGTGTTGACGCCGGGCAAGAGCAACTCGGTCGCCGCATACACTATTCTCAGAATGACTTGGTTGAGTACTCACCAGTCACAGAAAAGCATCTTACGGATGGCATGACAGTAAGAGAATTATGCAGTGCTGCCATAACCATGAGTGATAACACTGCTGCCAACTTACTTCTGACAACGATCGGAGGACCGAAGGAGCTAACCGCTTTTTTGCACAACATGGGGGATCATGTAACTCGCCTTGATCGTTGGGAACCGGAGCTGAATGAAGCCATACCAAACGACGAGCGTGACACCACGATGCCTGCAGCAATGGCAACAACGTTGCGCAAACTATTAACTGGCGAACTACTTACTCTAGCTTCCCGGCAACAATTAATAGACTGGATGGAGGCGGATAAAGTTGCAGGACCACTTCTGCGCTCGGCCCTTCCGGCTGGCTGGTTTATTGCTGATAAATCTGGAGCCGGTGAGCGTGGGTCTCGCGGTATCATTGCAGCACTGGGGCCAGATGGTAAGCCCTCCCGTATCGTAGTTATCTACACGACGGGGAGTCAGGCAACTATGGATGAACGAAATAGACAGATCGCTGAGATAGGTGCCTCACTGATTAAGCATTGGTAA	ATGAGTATTCAACATTTTCGTGTCGCCCTTATTCCCTTTTTTGCGGCATTTTGC...TAA	861	37	897	861.0	5967+	ATGAGTATTCAACATTTCCGTGTCGCCCTTATTCCCTTTTTTGCGGCATTTTGCCTTCCTGTTTTTGCTCACCCAGAAACGCTGGTGAAAGTAAAAGATGCTGAAGATCAGTTGGGTGCACGAGTGGGTTACATCGAACTGGATCTCAACAGCGGTAAGATCCTTGAGAGTTTTCGCCCCGAAGAACGTTTTCCAATGATGAGCACTTTTAAAGTTCTGCTATGTGGTGCGGTATTATCCCGTGTTGACGCCGGGCAAGAGCAACTCGGTCGCCGCATACACTATTCTCAGAATGACTTGGTTGAGTACTCACCAGTCACAGAAAAGCATCTTACGGATGGCATGACAGTAAGAGAATTATGCAGTGCTGCCATAACCATGAGTGATAACACTGCTGCCAACTTACTTCTGACAACGATCGGAGGACCGAAGGAGCTAACCGCTTTTTTGCACAACATGGGGGATCATGTAACTCGCCTTGATCGTTGGGAACCGGAGCTGAATGAAGCCATACCAAACGACGAGCGTGACACCACGATGCCTGCAGCAATGGCAACAACGTTGCGCAAACTATTAACTGGCGAACTACTTACTCTAGCTTCCCGGCAACAATTAATAGACTGGATGGAGGCGGATAAAGTTGCAGGACCACTTCTGCGCTCGGCCCTTCCGGCTGGCTGGTTTATTGCTGATAAATCTGGAGCCGGTGAGCGTGGGTCTCGCGGTATCATTGCAGCACTGGGGCCAGATGGTAAGCCCTCCCGTATCGTAGTTATCTACACGACGGGGAGTCAGGCAACTATGGATGAACGAAATAGACAGATCGCTGAGATAGGTGCCTCACTGATTAAGCATTGGTAA	ATGAGTATTCAACATTTTCGTGTCGCCCTTATTCCCTTTTTTGCGGCATTTTGC...TAA	861	5967	37	897	True	True	True
323	gb|KP050487.1|+|0-861|ARO:3001350|SHV-180	ATGCGTTATATTCGCCTGTGTATTATCTCCCTGTTAGCCACCCTGCCGCTGGCG...TAA	861	(24) 5151- (884)	24	884	ATGCGTTATATTCGCCTGTGTATTATCTCCCTGTTAGCCACCCTGCCGCTGGCGGTACACGCCAGCCCGCAGCCGCTTGAGCAAATTAAACAAAGCGAAAGCCAGCTGTCGGGCCGCGTAGGCATGATAGAAATGGATCTGGCCAGCGGCCGCACGCTGACCGCCTGGCGCGCCGATGAACGCTTTCCCATGATGAGCACCTTTAAAGTAGTGCTCTGCGGCGCAGTGCTGGCGCGGGTGGATGCCGGTGACGAACAGCTGGAGCGAAAGATCCACTATCGCCAGCAGGATCTGGTGGACTACTCGCCGGTCAGCGAAAAACACCTTGCCGACGGCATGACGGTCGGCGAACTCTGCGCCGCCGCCATTACCATGAGCGATAACAGCGCCGCCAATCTGCTGCTGGCCACCGTCGGCGGCCCCGCAGGATTGACTGCCTTTTTGCGCCAGATCGGCGACAACGTCACCCGCCTTGACCGCTGGGAAACGGAACTGAATGAGGCGCTTCCCGGCGACGCCCGCGACACCACTACCCCGGCCAGCATGGCCGCGACCCTGCGCAAGCTGCTGACCAGCCAGCGTCTGAGCGCCCGTTCGCAACGGCAGCTGCTGCAGTGGATGGTGGACGATCGGGTCGCCGGACCGTTGATCCGCTCCGTGCTGCCGGCGGGCTGGTTTATCGCCGATAAGACCGGAGCTAGCAAGCGGGGTGCGCGCGGGATTGTCGCCCTGCTTGGCCCGAATAACAAAGCAGAGCGCATCGTGGTGATTTATCTGCGGGATACGCCGGCGAGCATGGCCGAGCGAAATCAGCAAATCGCCGGGATCGGCGCGGCGCTGATCGAGCACTGGCAACGCTAA	ATGCGTTATATTCGCCTGTGTATTATCTCCCTGTTAGCCACCCTGCCGCTGGCG...TAA	861	24	884	861.0	5151-	ATGCGTTATATTCGCCTGTGTATTATCTCCCTGTTAGCCACCCTGCCGCTGGCGGTACACGCCAGCCCGCAGCCGCTTGAGCAAATTAAACAAAGCGAAAGCCAGCTGTCGGGCCGCGTAGGCATGATAGAAATGGATCTGGCCAGCGGCCGCACGCTGACCGCCTGGCGCGCCGATGAACGCTTTCCCATGATGAGCACCTTTAAAGTAGTGCTCTGCGGCGCAGTGCTGGCGCGGGTGGATGCCGGTGACGAACAGCTGGAGCGAAAGATCCACTATCGCCAGCAGGATCTGGTGGACTACTCGCCGGTCAGCGAAAAACACCTTGCCGACGGCATGACGGTCGGCGAACTCTGCGCCGCCGCCATTACCATGAGCGATAACAGCGCCGCCAATCTGCTGCTGGCCACCGTCGGCGGCCCCGCAGGATTGACTGCCTTTTTGCGCCAGATCGGCGACAACGTCACCCGCCTTGACCGCTGGGAAACGGAACTGAATGAGGCGCTTCCCGGCGACGCCCGCGACACCACTACCCCGGCCAGCATGGCCGCGACCCTGCGCAAGCTGCTGACCAGCCAGCGTCTGAGCGCCCGTTCGCAACGGCAGCTGCTGCAGTGGATGGTGGACGATCGGGTCGCCGGACCGTTGATCCGCTCCGTGCTGCCGGCGGGCTGGTTTATCGCCGATAAGACCGGAGCTAGCAAGCGGGGTGCGCGCGGGATTGTCGCCCTGCTTGGCCCGAATAACAAAGCAGAGCGCATCGTGGTGATTTATCTGCGGGATACGCCGGCGAGCATGGCCGAGCGAAATCAGCAAATCGCCGGGATCGGCGCGGCGCTGATCGAGCACTGGCAACGCTAA	ATGCGTTATATTCGCCTGTGTATTATCTCCCTGTTAGCCACCCTGCCGCTGGCG...TAA	861	5151	24	884	True	True	True
324	gb|KP050489|+|0-861|ARO:3001364|SHV-182	ATGCGTTATATTCGCCTGTGTATTATCTCCCTGTTAGCCACCCTGCCGCTGGCG...TAA	861	(24) 5151- (884)	24	884	ATGCGTTATATTCGCCTGTGTATTATCTCCCTGTTAGCCACCCTGCCGCTGGCGGTACACGCCAGCCCGCAGCCGCTTGAGCAAATTAAACAAAGCGAAAGCCAGCTGTCGGGCCGCGTAGGCATGATAGAAATGGATCTGGCCAGCGGCCGCACGCTGACCGCCTGGCGCGCCGATGAACGCTTTCCCATGATGAGCACCTTTAAAGTAGTGCTCTGCGGCGCAGTGCTGGCGCGGGTGGATGCCGGTGACGAACAGCTGGAGCGAAAGATCCACTATCGCCAGCAGGATCTGGTGGACTACTCGCCGGTCAGCGAAAAACACCTTGCCGACGGCATGACGGTCGGCGAACTCTGCGCCGCCGCCATTACCATGAGCGATAACAGCGCCGCCAATCTGCTGCTGGCCACCGTCGGCGGCCCCGCAGGATTGACTGCCTTTTTGCGCCAGATCGGCGACAACGTCACCCGCCTTGACCGCTGGGAAACGGAACTGAATGAGGCGCTTCCCGGCGACGCCCGCGACACCACTACCCCGGCCAGCATGGCCGCGACCCTGCGCAAGCTGCTGACCAGCCAGCGTCTGAGCGCCCGTTCGCAACGGCAGCTGCTGCAGTGGATGGTGGACGATCGGGTCGCCGGACCGTTGATCCGCTCCGTGCTGCCGGCGGGCTGGTTTATCGCCGATAAGACCGGAGCTAGCAAGCGGGGTGCGCGCGGGATTGTCGCCCTGCTTGGCCCGAATAACAAAGCAGAGCGCATCGTGGTGATTTATCTGCGGGATACGCCGGCGAGCATGGCCGAGCGAAATCAGCAAATCGCCGGGATCGGCGCGGCGCTGATCGAGCACTGGCAACGCTAA	ATGCGTTATATTCGCCTGTGTATTATCTCCCTGTTAGCCACCCTGCCGCTGGCG...TAA	861	24	884	861.0	5151-	ATGCGTTATATTCGCCTGTGTATTATCTCCCTGTTAGCCACCCTGCCGCTGGCGGTACACGCCAGCCCGCAGCCGCTTGAGCAAATTAAACAAAGCGAAAGCCAGCTGTCGGGCCGCGTAGGCATGATAGAAATGGATCTGGCCAGCGGCCGCACGCTGACCGCCTGGCGCGCCGATGAACGCTTTCCCATGATGAGCACCTTTAAAGTAGTGCTCTGCGGCGCAGTGCTGGCGCGGGTGGATGCCGGTGACGAACAGCTGGAGCGAAAGATCCACTATCGCCAGCAGGATCTGGTGGACTACTCGCCGGTCAGCGAAAAACACCTTGCCGACGGCATGACGGTCGGCGAACTCTGCGCCGCCGCCATTACCATGAGCGATAACAGCGCCGCCAATCTGCTGCTGGCCACCGTCGGCGGCCCCGCAGGATTGACTGCCTTTTTGCGCCAGATCGGCGACAACGTCACCCGCCTTGACCGCTGGGAAACGGAACTGAATGAGGCGCTTCCCGGCGACGCCCGCGACACCACTACCCCGGCCAGCATGGCCGCGACCCTGCGCAAGCTGCTGACCAGCCAGCGTCTGAGCGCCCGTTCGCAACGGCAGCTGCTGCAGTGGATGGTGGACGATCGGGTCGCCGGACCGTTGATCCGCTCCGTGCTGCCGGCGGGCTGGTTTATCGCCGATAAGACCGGAGCTAGCAAGCGGGGTGCGCGCGGGATTGTCGCCCTGCTTGGCCCGAATAACAAAGCAGAGCGCATCGTGGTGATTTATCTGCGGGATACGCCGGCGAGCATGGCCGAGCGAAATCAGCAAATCGCCGGGATCGGCGCGGCGCTGATCGAGCACTGGCAACGCTAA	ATGCGTTATATTCGCCTGTGTATTATCTCCCTGTTAGCCACCCTGCCGCTGGCG...TAA	861	5151	24	884	True	True	True
325	gb|KP050491|+|0-861|ARO:3001391|TEM-214	ATGAGTATTCAACATTTTCGTGTCGCCCTTTTTCCCTTTTTTGCGGCATTTTGC...TAA	861	(37) 5967+ (897)	37	897	ATGAGTATTCAACATTTCCGTGTCGCCCTTATTCCCTTTTTTGCGGCATTTTGCCTTCCTGTTTTTGCTCACCCAGAAACGCTGGTGAAAGTAAAAGATGCTGAAGATCAGTTGGGTGCACGAGTGGGTTACATCGAACTGGATCTCAACAGCGGTAAGATCCTTGAGAGTTTTCGCCCCGAAGAACGTTTTCCAATGATGAGCACTTTTAAAGTTCTGCTATGTGGTGCGGTATTATCCCGTGTTGACGCCGGGCAAGAGCAACTCGGTCGCCGCATACACTATTCTCAGAATGACTTGGTTGAGTACTCACCAGTCACAGAAAAGCATCTTACGGATGGCATGACAGTAAGAGAATTATGCAGTGCTGCCATAACCATGAGTGATAACACTGCTGCCAACTTACTTCTGACAACGATCGGAGGACCGAAGGAGCTAACCGCTTTTTTGCACAACATGGGGGATCATGTAACTCGCCTTGATCGTTGGGAACCGGAGCTGAATGAAGCCATACCAAACGACGAGCGTGACACCACGATGCCTGCAGCAATGGCAACAACGTTGCGCAAACTATTAACTGGCGAACTACTTACTCTAGCTTCCCGGCAACAATTAATAGACTGGATGGAGGCGGATAAAGTTGCAGGACCACTTCTGCGCTCGGCCCTTCCGGCTGGCTGGTTTATTGCTGATAAATCTGGAGCCGGTGAGCGTGGGTCTCGCGGTATCATTGCAGCACTGGGGCCAGATGGTAAGCCCTCCCGTATCGTAGTTATCTACACGACGGGGAGTCAGGCAACTATGGATGAACGAAATAGACAGATCGCTGAGATAGGTGCCTCACTGATTAAGCATTGGTAA	ATGAGTATTCAACATTTTCGTGTCGCCCTTTTTCCCTTTTTTGCGGCATTTTGC...TAA	861	37	897	861.0	5967+	ATGAGTATTCAACATTTCCGTGTCGCCCTTATTCCCTTTTTTGCGGCATTTTGCCTTCCTGTTTTTGCTCACCCAGAAACGCTGGTGAAAGTAAAAGATGCTGAAGATCAGTTGGGTGCACGAGTGGGTTACATCGAACTGGATCTCAACAGCGGTAAGATCCTTGAGAGTTTTCGCCCCGAAGAACGTTTTCCAATGATGAGCACTTTTAAAGTTCTGCTATGTGGTGCGGTATTATCCCGTGTTGACGCCGGGCAAGAGCAACTCGGTCGCCGCATACACTATTCTCAGAATGACTTGGTTGAGTACTCACCAGTCACAGAAAAGCATCTTACGGATGGCATGACAGTAAGAGAATTATGCAGTGCTGCCATAACCATGAGTGATAACACTGCTGCCAACTTACTTCTGACAACGATCGGAGGACCGAAGGAGCTAACCGCTTTTTTGCACAACATGGGGGATCATGTAACTCGCCTTGATCGTTGGGAACCGGAGCTGAATGAAGCCATACCAAACGACGAGCGTGACACCACGATGCCTGCAGCAATGGCAACAACGTTGCGCAAACTATTAACTGGCGAACTACTTACTCTAGCTTCCCGGCAACAATTAATAGACTGGATGGAGGCGGATAAAGTTGCAGGACCACTTCTGCGCTCGGCCCTTCCGGCTGGCTGGTTTATTGCTGATAAATCTGGAGCCGGTGAGCGTGGGTCTCGCGGTATCATTGCAGCACTGGGGCCAGATGGTAAGCCCTCCCGTATCGTAGTTATCTACACGACGGGGAGTCAGGCAACTATGGATGAACGAAATAGACAGATCGCTGAGATAGGTGCCTCACTGATTAAGCATTGGTAA	ATGAGTATTCAACATTTTCGTGTCGCCCTTTTTCCCTTTTTTGCGGCATTTTGC...TAA	861	5967	37	897	True	True	True
326	gb|KP050492|+|0-861|ARO:3001392|TEM-215	ATGAGTATTCAACATTTTCGTGTCGCCCTTATTCCCTTTTTTGCGGCATTTTGC...TAA	861	(37) 5967+ (897)	37	897	ATGAGTATTCAACATTTCCGTGTCGCCCTTATTCCCTTTTTTGCGGCATTTTGCCTTCCTGTTTTTGCTCACCCAGAAACGCTGGTGAAAGTAAAAGATGCTGAAGATCAGTTGGGTGCACGAGTGGGTTACATCGAACTGGATCTCAACAGCGGTAAGATCCTTGAGAGTTTTCGCCCCGAAGAACGTTTTCCAATGATGAGCACTTTTAAAGTTCTGCTATGTGGTGCGGTATTATCCCGTGTTGACGCCGGGCAAGAGCAACTCGGTCGCCGCATACACTATTCTCAGAATGACTTGGTTGAGTACTCACCAGTCACAGAAAAGCATCTTACGGATGGCATGACAGTAAGAGAATTATGCAGTGCTGCCATAACCATGAGTGATAACACTGCTGCCAACTTACTTCTGACAACGATCGGAGGACCGAAGGAGCTAACCGCTTTTTTGCACAACATGGGGGATCATGTAACTCGCCTTGATCGTTGGGAACCGGAGCTGAATGAAGCCATACCAAACGACGAGCGTGACACCACGATGCCTGCAGCAATGGCAACAACGTTGCGCAAACTATTAACTGGCGAACTACTTACTCTAGCTTCCCGGCAACAATTAATAGACTGGATGGAGGCGGATAAAGTTGCAGGACCACTTCTGCGCTCGGCCCTTCCGGCTGGCTGGTTTATTGCTGATAAATCTGGAGCCGGTGAGCGTGGGTCTCGCGGTATCATTGCAGCACTGGGGCCAGATGGTAAGCCCTCCCGTATCGTAGTTATCTACACGACGGGGAGTCAGGCAACTATGGATGAACGAAATAGACAGATCGCTGAGATAGGTGCCTCACTGATTAAGCATTGGTAA	ATGAGTATTCAACATTTTCGTGTCGCCCTTATTCCCTTTTTTGCGGCATTTTGC...TAA	861	37	897	861.0	5967+	ATGAGTATTCAACATTTCCGTGTCGCCCTTATTCCCTTTTTTGCGGCATTTTGCCTTCCTGTTTTTGCTCACCCAGAAACGCTGGTGAAAGTAAAAGATGCTGAAGATCAGTTGGGTGCACGAGTGGGTTACATCGAACTGGATCTCAACAGCGGTAAGATCCTTGAGAGTTTTCGCCCCGAAGAACGTTTTCCAATGATGAGCACTTTTAAAGTTCTGCTATGTGGTGCGGTATTATCCCGTGTTGACGCCGGGCAAGAGCAACTCGGTCGCCGCATACACTATTCTCAGAATGACTTGGTTGAGTACTCACCAGTCACAGAAAAGCATCTTACGGATGGCATGACAGTAAGAGAATTATGCAGTGCTGCCATAACCATGAGTGATAACACTGCTGCCAACTTACTTCTGACAACGATCGGAGGACCGAAGGAGCTAACCGCTTTTTTGCACAACATGGGGGATCATGTAACTCGCCTTGATCGTTGGGAACCGGAGCTGAATGAAGCCATACCAAACGACGAGCGTGACACCACGATGCCTGCAGCAATGGCAACAACGTTGCGCAAACTATTAACTGGCGAACTACTTACTCTAGCTTCCCGGCAACAATTAATAGACTGGATGGAGGCGGATAAAGTTGCAGGACCACTTCTGCGCTCGGCCCTTCCGGCTGGCTGGTTTATTGCTGATAAATCTGGAGCCGGTGAGCGTGGGTCTCGCGGTATCATTGCAGCACTGGGGCCAGATGGTAAGCCCTCCCGTATCGTAGTTATCTACACGACGGGGAGTCAGGCAACTATGGATGAACGAAATAGACAGATCGCTGAGATAGGTGCCTCACTGATTAAGCATTGGTAA	ATGAGTATTCAACATTTTCGTGTCGCCCTTATTCCCTTTTTTGCGGCATTTTGC...TAA	861	5967	37	897	True	True	True
327	gb|KP050494|+|0-861|ARO:3003156|SHV-189	ATGCGTTATTTTCGCCTGTGTATTATCTCCCTGTTAGCCACCCTGCCGCTGGCG...TAA	861	(24) 5151- (884)	24	884	ATGCGTTATATTCGCCTGTGTATTATCTCCCTGTTAGCCACCCTGCCGCTGGCGGTACACGCCAGCCCGCAGCCGCTTGAGCAAATTAAACAAAGCGAAAGCCAGCTGTCGGGCCGCGTAGGCATGATAGAAATGGATCTGGCCAGCGGCCGCACGCTGACCGCCTGGCGCGCCGATGAACGCTTTCCCATGATGAGCACCTTTAAAGTAGTGCTCTGCGGCGCAGTGCTGGCGCGGGTGGATGCCGGTGACGAACAGCTGGAGCGAAAGATCCACTATCGCCAGCAGGATCTGGTGGACTACTCGCCGGTCAGCGAAAAACACCTTGCCGACGGCATGACGGTCGGCGAACTCTGCGCCGCCGCCATTACCATGAGCGATAACAGCGCCGCCAATCTGCTGCTGGCCACCGTCGGCGGCCCCGCAGGATTGACTGCCTTTTTGCGCCAGATCGGCGACAACGTCACCCGCCTTGACCGCTGGGAAACGGAACTGAATGAGGCGCTTCCCGGCGACGCCCGCGACACCACTACCCCGGCCAGCATGGCCGCGACCCTGCGCAAGCTGCTGACCAGCCAGCGTCTGAGCGCCCGTTCGCAACGGCAGCTGCTGCAGTGGATGGTGGACGATCGGGTCGCCGGACCGTTGATCCGCTCCGTGCTGCCGGCGGGCTGGTTTATCGCCGATAAGACCGGAGCTAGCAAGCGGGGTGCGCGCGGGATTGTCGCCCTGCTTGGCCCGAATAACAAAGCAGAGCGCATCGTGGTGATTTATCTGCGGGATACGCCGGCGAGCATGGCCGAGCGAAATCAGCAAATCGCCGGGATCGGCGCGGCGCTGATCGAGCACTGGCAACGCTAA	ATGCGTTATTTTCGCCTGTGTATTATCTCCCTGTTAGCCACCCTGCCGCTGGCG...TAA	861	24	884	861.0	5151-	ATGCGTTATATTCGCCTGTGTATTATCTCCCTGTTAGCCACCCTGCCGCTGGCGGTACACGCCAGCCCGCAGCCGCTTGAGCAAATTAAACAAAGCGAAAGCCAGCTGTCGGGCCGCGTAGGCATGATAGAAATGGATCTGGCCAGCGGCCGCACGCTGACCGCCTGGCGCGCCGATGAACGCTTTCCCATGATGAGCACCTTTAAAGTAGTGCTCTGCGGCGCAGTGCTGGCGCGGGTGGATGCCGGTGACGAACAGCTGGAGCGAAAGATCCACTATCGCCAGCAGGATCTGGTGGACTACTCGCCGGTCAGCGAAAAACACCTTGCCGACGGCATGACGGTCGGCGAACTCTGCGCCGCCGCCATTACCATGAGCGATAACAGCGCCGCCAATCTGCTGCTGGCCACCGTCGGCGGCCCCGCAGGATTGACTGCCTTTTTGCGCCAGATCGGCGACAACGTCACCCGCCTTGACCGCTGGGAAACGGAACTGAATGAGGCGCTTCCCGGCGACGCCCGCGACACCACTACCCCGGCCAGCATGGCCGCGACCCTGCGCAAGCTGCTGACCAGCCAGCGTCTGAGCGCCCGTTCGCAACGGCAGCTGCTGCAGTGGATGGTGGACGATCGGGTCGCCGGACCGTTGATCCGCTCCGTGCTGCCGGCGGGCTGGTTTATCGCCGATAAGACCGGAGCTAGCAAGCGGGGTGCGCGCGGGATTGTCGCCCTGCTTGGCCCGAATAACAAAGCAGAGCGCATCGTGGTGATTTATCTGCGGGATACGCCGGCGAGCATGGCCGAGCGAAATCAGCAAATCGCCGGGATCGGCGCGGCGCTGATCGAGCACTGGCAACGCTAA	ATGCGTTATTTTCGCCTGTGTATTATCTCCCTGTTAGCCACCCTGCCGCTGGCG...TAA	861	5151	24	884	True	True	True
328	gb|KP143090.1|-|1199-1619|ARO:3003209|FosA5	ATGCTGAGTGGACTGAATCACCTGACCCTGGCAGTCAGCCAGCTGGCGCCGAGC...TGA	420	(13889) 1851- (14308)	13889	14308	ATGCTGAGTGGACTGAATCACCTGACCCTGGCAGTCAGCCAGCTGGCGCCGAGCGTGGCGTTTTATCAGCAGCTGCTGGGCATGACGCTGCATGCCCGCTGGGACAGCGGGGCTTATCTCTCCTGCGGCGATCTGTGGCTGTGCCTGTCGCTGGATCCGCAGCGGCGCGTTACTCCGCCGGAAGAGAGCGACTACACCCATTATGCGTTTAGTATTAGCGAAGCCGATTTTGCTAGCTTCGCCGCCCGCCTTGAGGCTGCCGGCGTGGCGATCTGGAAGCTGAACCGTAGCGAAGGTGCCTCGCACTATTTCCTCGATCCCGATGGCCATAAGCTGGAGCTGCACGTCGGCAGTCTCGCCCAGCGTCTGGCCGCCTGCCGCGAACAGCCGTATAAGGGGATGGTGTTTTTTGATCAGTGA	ATGCTGAGTGGACTGAATCACCTGACCCTGGCAGTCAGCCAGCTGGCGCCGAGC...TGA	420	1000	999	999.0	999	999	ATGCTGAGTGGACTGAATCACCTGACCCTGGCAGTCAGCCAGCTGGCGCCGAGC...TGA	420	1851	13889	14308	False	True	False
329	gb|KU254579.1|+|59421-59841|ARO:3004111|FosA6	ATGCTGAGTGGACTGAATCACCTGACCCTGGCAGTCAGCCAGCTGGCGCCGAGC...TGA	420	(13889) 1851- (14308)	13889	14308	ATGCTGAGTGGACTGAATCACCTGACCCTGGCAGTCAGCCAGCTGGCGCCGAGCGTGGCGTTTTATCAGCAGCTGCTGGGCATGACGCTGCATGCCCGCTGGGACAGCGGGGCTTATCTCTCCTGCGGCGATCTGTGGCTGTGCCTGTCGCTGGATCCGCAGCGGCGCGTTACTCCGCCGGAAGAGAGCGACTACACCCATTATGCGTTTAGTATTAGCGAAGCCGATTTTGCTAGCTTCGCCGCCCGCCTTGAGGCTGCCGGCGTGGCGATCTGGAAGCTGAACCGTAGCGAAGGTGCCTCGCACTATTTCCTCGATCCCGATGGCCATAAGCTGGAGCTGCACGTCGGCAGTCTCGCCCAGCGTCTGGCCGCCTGCCGCGAACAGCCGTATAAGGGGATGGTGTTTTTTGATCAGTGA	ATGCTGAGTGGACTGAATCACCTGACCCTGGCAGTCAGCCAGCTGGCGCCGAGC...TGA	420	1000	999	999.0	999	999	ATGCTGAGTGGACTGAATCACCTGACCCTGGCAGTCAGCCAGCTGGCGCCGAGC...TGA	420	1851	13889	14308	False	True	False
330	gb|KX092356.1|+|192-1053|ARO:3001062|SHV-3	ATGCGTTATATTCGCCTGTGTATTATCTCCCTGTTAGCCACCCTGCCGCTGGCG...TAA	861	(24) 5151- (884)	24	884	ATGCGTTATATTCGCCTGTGTATTATCTCCCTGTTAGCCACCCTGCCGCTGGCGGTACACGCCAGCCCGCAGCCGCTTGAGCAAATTAAACAAAGCGAAAGCCAGCTGTCGGGCCGCGTAGGCATGATAGAAATGGATCTGGCCAGCGGCCGCACGCTGACCGCCTGGCGCGCCGATGAACGCTTTCCCATGATGAGCACCTTTAAAGTAGTGCTCTGCGGCGCAGTGCTGGCGCGGGTGGATGCCGGTGACGAACAGCTGGAGCGAAAGATCCACTATCGCCAGCAGGATCTGGTGGACTACTCGCCGGTCAGCGAAAAACACCTTGCCGACGGCATGACGGTCGGCGAACTCTGCGCCGCCGCCATTACCATGAGCGATAACAGCGCCGCCAATCTGCTGCTGGCCACCGTCGGCGGCCCCGCAGGATTGACTGCCTTTTTGCGCCAGATCGGCGACAACGTCACCCGCCTTGACCGCTGGGAAACGGAACTGAATGAGGCGCTTCCCGGCGACGCCCGCGACACCACTACCCCGGCCAGCATGGCCGCGACCCTGCGCAAGCTGCTGACCAGCCAGCGTCTGAGCGCCCGTTCGCAACGGCAGCTGCTGCAGTGGATGGTGGACGATCGGGTCGCCGGACCGTTGATCCGCTCCGTGCTGCCGGCGGGCTGGTTTATCGCCGATAAGACCGGAGCTAGCAAGCGGGGTGCGCGCGGGATTGTCGCCCTGCTTGGCCCGAATAACAAAGCAGAGCGCATCGTGGTGATTTATCTGCGGGATACGCCGGCGAGCATGGCCGAGCGAAATCAGCAAATCGCCGGGATCGGCGCGGCGCTGATCGAGCACTGGCAACGCTAA	ATGCGTTATATTCGCCTGTGTATTATCTCCCTGTTAGCCACCCTGCCGCTGGCG...TAA	861	1000	999	999.0	999	999	ATGCGTTATATTCGCCTGTGTATTATCTCCCTGTTAGCCACCCTGCCGCTGGCG...TAA	861	5151	24	884	False	True	False
331	gb|KY432484.1|+|0-861|ARO:3001051|TEM-191	ATGAGTATTCAACATTTCCGTGTCGCCCTTATTCCCTTTTTTGCGGCATTTTGC...TAA	861	(37) 5967+ (897)	37	897	ATGAGTATTCAACATTTCCGTGTCGCCCTTATTCCCTTTTTTGCGGCATTTTGCCTTCCTGTTTTTGCTCACCCAGAAACGCTGGTGAAAGTAAAAGATGCTGAAGATCAGTTGGGTGCACGAGTGGGTTACATCGAACTGGATCTCAACAGCGGTAAGATCCTTGAGAGTTTTCGCCCCGAAGAACGTTTTCCAATGATGAGCACTTTTAAAGTTCTGCTATGTGGTGCGGTATTATCCCGTGTTGACGCCGGGCAAGAGCAACTCGGTCGCCGCATACACTATTCTCAGAATGACTTGGTTGAGTACTCACCAGTCACAGAAAAGCATCTTACGGATGGCATGACAGTAAGAGAATTATGCAGTGCTGCCATAACCATGAGTGATAACACTGCTGCCAACTTACTTCTGACAACGATCGGAGGACCGAAGGAGCTAACCGCTTTTTTGCACAACATGGGGGATCATGTAACTCGCCTTGATCGTTGGGAACCGGAGCTGAATGAAGCCATACCAAACGACGAGCGTGACACCACGATGCCTGCAGCAATGGCAACAACGTTGCGCAAACTATTAACTGGCGAACTACTTACTCTAGCTTCCCGGCAACAATTAATAGACTGGATGGAGGCGGATAAAGTTGCAGGACCACTTCTGCGCTCGGCCCTTCCGGCTGGCTGGTTTATTGCTGATAAATCTGGAGCCGGTGAGCGTGGGTCTCGCGGTATCATTGCAGCACTGGGGCCAGATGGTAAGCCCTCCCGTATCGTAGTTATCTACACGACGGGGAGTCAGGCAACTATGGATGAACGAAATAGACAGATCGCTGAGATAGGTGCCTCACTGATTAAGCATTGGTAA	ATGAGTATTCAACATTTCCGTGTCGCCCTTATTCCCTTTTTTGCGGCATTTTGC...TAA	861	1000	999	999.0	999	999	ATGAGTATTCAACATTTCCGTGTCGCCCTTATTCCCTTTTTTGCGGCATTTTGC...TAA	861	5967	37	897	False	True	False
332	gb|LK391770.1|+|19707-20568|ARO:3000876|TEM-4	ATGAGTATTCAACATTTCCGTGTCGCCCTTATTCCCTTTTTTGCGGCATTTTGC...TAA	861	(37) 5967+ (897)	37	897	ATGAGTATTCAACATTTCCGTGTCGCCCTTATTCCCTTTTTTGCGGCATTTTGCCTTCCTGTTTTTGCTCACCCAGAAACGCTGGTGAAAGTAAAAGATGCTGAAGATCAGTTGGGTGCACGAGTGGGTTACATCGAACTGGATCTCAACAGCGGTAAGATCCTTGAGAGTTTTCGCCCCGAAGAACGTTTTCCAATGATGAGCACTTTTAAAGTTCTGCTATGTGGTGCGGTATTATCCCGTGTTGACGCCGGGCAAGAGCAACTCGGTCGCCGCATACACTATTCTCAGAATGACTTGGTTGAGTACTCACCAGTCACAGAAAAGCATCTTACGGATGGCATGACAGTAAGAGAATTATGCAGTGCTGCCATAACCATGAGTGATAACACTGCTGCCAACTTACTTCTGACAACGATCGGAGGACCGAAGGAGCTAACCGCTTTTTTGCACAACATGGGGGATCATGTAACTCGCCTTGATCGTTGGGAACCGGAGCTGAATGAAGCCATACCAAACGACGAGCGTGACACCACGATGCCTGCAGCAATGGCAACAACGTTGCGCAAACTATTAACTGGCGAACTACTTACTCTAGCTTCCCGGCAACAATTAATAGACTGGATGGAGGCGGATAAAGTTGCAGGACCACTTCTGCGCTCGGCCCTTCCGGCTGGCTGGTTTATTGCTGATAAATCTGGAGCCGGTGAGCGTGGGTCTCGCGGTATCATTGCAGCACTGGGGCCAGATGGTAAGCCCTCCCGTATCGTAGTTATCTACACGACGGGGAGTCAGGCAACTATGGATGAACGAAATAGACAGATCGCTGAGATAGGTGCCTCACTGATTAAGCATTGGTAA	ATGAGTATTCAACATTTCCGTGTCGCCCTTATTCCCTTTTTTGCGGCATTTTGC...TAA	861	1000	999	999.0	999	999	ATGAGTATTCAACATTTCCGTGTCGCCCTTATTCCCTTTTTTGCGGCATTTTGC...TAA	861	5967	37	897	False	True	False
333	gb|LN515533|+|0-867|ARO:3003154|SHV-187	GTGGTTAAGCGTTATATTCGCCTGTGTATTATCTCCCTGTTAGCCACCCTGCCG...TAA	867	(18) 5151- (884)	18	884	GTGGTTATGCGTTATATTCGCCTGTGTATTATCTCCCTGTTAGCCACCCTGCCGCTGGCGGTACACGCCAGCCCGCAGCCGCTTGAGCAAATTAAACAAAGCGAAAGCCAGCTGTCGGGCCGCGTAGGCATGATAGAAATGGATCTGGCCAGCGGCCGCACGCTGACCGCCTGGCGCGCCGATGAACGCTTTCCCATGATGAGCACCTTTAAAGTAGTGCTCTGCGGCGCAGTGCTGGCGCGGGTGGATGCCGGTGACGAACAGCTGGAGCGAAAGATCCACTATCGCCAGCAGGATCTGGTGGACTACTCGCCGGTCAGCGAAAAACACCTTGCCGACGGCATGACGGTCGGCGAACTCTGCGCCGCCGCCATTACCATGAGCGATAACAGCGCCGCCAATCTGCTGCTGGCCACCGTCGGCGGCCCCGCAGGATTGACTGCCTTTTTGCGCCAGATCGGCGACAACGTCACCCGCCTTGACCGCTGGGAAACGGAACTGAATGAGGCGCTTCCCGGCGACGCCCGCGACACCACTACCCCGGCCAGCATGGCCGCGACCCTGCGCAAGCTGCTGACCAGCCAGCGTCTGAGCGCCCGTTCGCAACGGCAGCTGCTGCAGTGGATGGTGGACGATCGGGTCGCCGGACCGTTGATCCGCTCCGTGCTGCCGGCGGGCTGGTTTATCGCCGATAAGACCGGAGCTAGCAAGCGGGGTGCGCGCGGGATTGTCGCCCTGCTTGGCCCGAATAACAAAGCAGAGCGCATCGTGGTGATTTATCTGCGGGATACGCCGGCGAGCATGGCCGAGCGAAATCAGCAAATCGCCGGGATCGGCGCGGCGCTGATCGAGCACTGGCAACGCTAA	GTGGTTAAGCGTTATATTCGCCTGTGTATTATCTCCCTGTTAGCCACCCTGCCG...TAA	867	18	884	867.0	5151-	GTGGTTATGCGTTATATTCGCCTGTGTATTATCTCCCTGTTAGCCACCCTGCCGCTGGCGGTACACGCCAGCCCGCAGCCGCTTGAGCAAATTAAACAAAGCGAAAGCCAGCTGTCGGGCCGCGTAGGCATGATAGAAATGGATCTGGCCAGCGGCCGCACGCTGACCGCCTGGCGCGCCGATGAACGCTTTCCCATGATGAGCACCTTTAAAGTAGTGCTCTGCGGCGCAGTGCTGGCGCGGGTGGATGCCGGTGACGAACAGCTGGAGCGAAAGATCCACTATCGCCAGCAGGATCTGGTGGACTACTCGCCGGTCAGCGAAAAACACCTTGCCGACGGCATGACGGTCGGCGAACTCTGCGCCGCCGCCATTACCATGAGCGATAACAGCGCCGCCAATCTGCTGCTGGCCACCGTCGGCGGCCCCGCAGGATTGACTGCCTTTTTGCGCCAGATCGGCGACAACGTCACCCGCCTTGACCGCTGGGAAACGGAACTGAATGAGGCGCTTCCCGGCGACGCCCGCGACACCACTACCCCGGCCAGCATGGCCGCGACCCTGCGCAAGCTGCTGACCAGCCAGCGTCTGAGCGCCCGTTCGCAACGGCAGCTGCTGCAGTGGATGGTGGACGATCGGGTCGCCGGACCGTTGATCCGCTCCGTGCTGCCGGCGGGCTGGTTTATCGCCGATAAGACCGGAGCTAGCAAGCGGGGTGCGCGCGGGATTGTCGCCCTGCTTGGCCCGAATAACAAAGCAGAGCGCATCGTGGTGATTTATCTGCGGGATACGCCGGCGAGCATGGCCGAGCGAAATCAGCAAATCGCCGGGATCGGCGCGGCGCTGATCGAGCACTGGCAACGCTAA	GTGGTTAAGCGTTATATTCGCCTGTGTATTATCTCCCTGTTAGCCACCCTGCCG...TAA	867	5151	18	884	True	True	True
334	gb|LN515534|+|0-873|ARO:3003155|SHV-188	GTGGTTAAGCGTTATATTCGCCTGTGTATTATCTCCCTGTTAGCCACCCTGCCG...TAA	873	(18) 5151- (884)	18	884	GTGGTTATGCGTTATATTCGCCTGTGTATTATCTCCCTGTTAGCCACCCTGCCGCTGGCGGTACACGCCAGCCCGCAGCCGCTTGAGCAAATTAAACAAAGCGAAAGCCAGCTGTCGGGCCGCGTAGGCATGATAGAAATGGATCTGGCCAGCGGCCGCACGCTGACCGCCTGGCGCGCCGATGAACGCTTTCCCATGATGAGCACCTTTAAAGTAGTGCTCTGCGGCGCAGTGCTGGCGCGGGTGGATGCCGGTGACGAACAGCTGGAGCGAAAGATCCACTATCGCCAGCAGGATCTGGTGGACTACTCGCCGGTCAGCGAAAAACACCTTGCCGACGGCATGACGGTCGGCGAACTCTGCGCCGCCGCCATTACCATGAGCGATAACAGCGCCGCCAATCTGCTGCTGGCCACCGTCGGCGGCCCCGCAGGATTGACTGCCTTTTTGCGCCAGATCGGCGACAACGTCACCCGCCTTGACCGCTGGGAAACGGAACTGAATGAGGCGCTTCCCGGCGACGCCCGCGACACCACTACCCCGGCCAGCATGGCCGCGACCCTGCGCAAGCTGCTGACCAGCCAGCGTCTGAGCGCCCGTTCGCAACGGCAGCTGCTGCAGTGGATGGTGGACGATCGGGTCGCCGGACCGTTGATCCGCTCCGTGCTGCCGGCGGGCTGGTTTATCGCCGATAAGACCGGAGCTAGCAAGCGGGGTGCGCGCGGGATTGTCGCCCTGCTTGGCCCGAATAACAAAGCAGAGCGCATCGTGGTGATTTATCTGCGGGATACGCCGGCGAGCATGGCCGAGCGAAATCAGCAAATCGCCGGGATCGGCGCGGCGCTGATCGAGCACTGGCAACGCTAA	GTGGTTAAGCGTTATATTCGCCTGTGTATTATCTCCCTGTTAGCCACCCTGCCG...TAA	873	18	884	873.0	5151-	GTGGTTATGCGTTATATTCGCCTGTGTATTATCTCCCTGTTAGCCACCCTGCCGCTGGCGGTACACGCCAGCCCGCAGCCGCTTGAGCAAATTAAACAAAGCGAAAGCCAGCTGTCGGGCCGCGTAGGCATGATAGAAATGGATCTGGCCAGCGGCCGCACGCTGACCGCCTGGCGCGCCGATGAACGCTTTCCCATGATGAGCACCTTTAAAGTAGTGCTCTGCGGCGCAGTGCTGGCGCGGGTGGATGCCGGTGACGAACAGCTGGAGCGAAAGATCCACTATCGCCAGCAGGATCTGGTGGACTACTCGCCGGTCAGCGAAAAACACCTTGCCGACGGCATGACGGTCGGCGAACTCTGCGCCGCCGCCATTACCATGAGCGATAACAGCGCCGCCAATCTGCTGCTGGCCACCGTCGGCGGCCCCGCAGGATTGACTGCCTTTTTGCGCCAGATCGGCGACAACGTCACCCGCCTTGACCGCTGGGAAACGGAACTGAATGAGGCGCTTCCCGGCGACGCCCGCGACACCACTACCCCGGCCAGCATGGCCGCGACCCTGCGCAAGCTGCTGACCAGCCAGCGTCTGAGCGCCCGTTCGCAACGGCAGCTGCTGCAGTGGATGGTGGACGATCGGGTCGCCGGACCGTTGATCCGCTCCGTGCTGCCGGCGGGCTGGTTTATCGCCGATAAGACCGGAGCTAGCAAGCGGGGTGCGCGCGGGATTGTCGCCCTGCTTGGCCCGAATAACAAAGCAGAGCGCATCGTGGTGATTTATCTGCGGGATACGCCGGCGAGCATGGCCGAGCGAAATCAGCAAATCGCCGGGATCGGCGCGGCGCTGATCGAGCACTGGCAACGCTAA	GTGGTTAAGCGTTATATTCGCCTGTGTATTATCTCCCTGTTAGCCACCCTGCCG...TAA	873	5151	18	884	True	True	True
335	gb|LT985229.1|+|36107-36968|ARO:3001063|SHV-4	ATGCGTTATATTCGCCTGTGTATTATCTCCCTGTTAGCCACCCTGCCGCTGGCG...TAA	861	(24) 5151- (884)	24	884	ATGCGTTATATTCGCCTGTGTATTATCTCCCTGTTAGCCACCCTGCCGCTGGCGGTACACGCCAGCCCGCAGCCGCTTGAGCAAATTAAACAAAGCGAAAGCCAGCTGTCGGGCCGCGTAGGCATGATAGAAATGGATCTGGCCAGCGGCCGCACGCTGACCGCCTGGCGCGCCGATGAACGCTTTCCCATGATGAGCACCTTTAAAGTAGTGCTCTGCGGCGCAGTGCTGGCGCGGGTGGATGCCGGTGACGAACAGCTGGAGCGAAAGATCCACTATCGCCAGCAGGATCTGGTGGACTACTCGCCGGTCAGCGAAAAACACCTTGCCGACGGCATGACGGTCGGCGAACTCTGCGCCGCCGCCATTACCATGAGCGATAACAGCGCCGCCAATCTGCTGCTGGCCACCGTCGGCGGCCCCGCAGGATTGACTGCCTTTTTGCGCCAGATCGGCGACAACGTCACCCGCCTTGACCGCTGGGAAACGGAACTGAATGAGGCGCTTCCCGGCGACGCCCGCGACACCACTACCCCGGCCAGCATGGCCGCGACCCTGCGCAAGCTGCTGACCAGCCAGCGTCTGAGCGCCCGTTCGCAACGGCAGCTGCTGCAGTGGATGGTGGACGATCGGGTCGCCGGACCGTTGATCCGCTCCGTGCTGCCGGCGGGCTGGTTTATCGCCGATAAGACCGGAGCTAGCAAGCGGGGTGCGCGCGGGATTGTCGCCCTGCTTGGCCCGAATAACAAAGCAGAGCGCATCGTGGTGATTTATCTGCGGGATACGCCGGCGAGCATGGCCGAGCGAAATCAGCAAATCGCCGGGATCGGCGCGGCGCTGATCGAGCACTGGCAACGCTAA	ATGCGTTATATTCGCCTGTGTATTATCTCCCTGTTAGCCACCCTGCCGCTGGCG...TAA	861	24	884	861.0	5151-	ATGCGTTATATTCGCCTGTGTATTATCTCCCTGTTAGCCACCCTGCCGCTGGCGGTACACGCCAGCCCGCAGCCGCTTGAGCAAATTAAACAAAGCGAAAGCCAGCTGTCGGGCCGCGTAGGCATGATAGAAATGGATCTGGCCAGCGGCCGCACGCTGACCGCCTGGCGCGCCGATGAACGCTTTCCCATGATGAGCACCTTTAAAGTAGTGCTCTGCGGCGCAGTGCTGGCGCGGGTGGATGCCGGTGACGAACAGCTGGAGCGAAAGATCCACTATCGCCAGCAGGATCTGGTGGACTACTCGCCGGTCAGCGAAAAACACCTTGCCGACGGCATGACGGTCGGCGAACTCTGCGCCGCCGCCATTACCATGAGCGATAACAGCGCCGCCAATCTGCTGCTGGCCACCGTCGGCGGCCCCGCAGGATTGACTGCCTTTTTGCGCCAGATCGGCGACAACGTCACCCGCCTTGACCGCTGGGAAACGGAACTGAATGAGGCGCTTCCCGGCGACGCCCGCGACACCACTACCCCGGCCAGCATGGCCGCGACCCTGCGCAAGCTGCTGACCAGCCAGCGTCTGAGCGCCCGTTCGCAACGGCAGCTGCTGCAGTGGATGGTGGACGATCGGGTCGCCGGACCGTTGATCCGCTCCGTGCTGCCGGCGGGCTGGTTTATCGCCGATAAGACCGGAGCTAGCAAGCGGGGTGCGCGCGGGATTGTCGCCCTGCTTGGCCCGAATAACAAAGCAGAGCGCATCGTGGTGATTTATCTGCGGGATACGCCGGCGAGCATGGCCGAGCGAAATCAGCAAATCGCCGGGATCGGCGCGGCGCTGATCGAGCACTGGCAACGCTAA	ATGCGTTATATTCGCCTGTGTATTATCTCCCTGTTAGCCACCCTGCCGCTGGCG...TAA	861	5151	24	884	True	True	True
336	gb|M55547|+|0-825|ARO:3001404|OXA-9	ATGAAAAAAATTTTGCTGCTGCATATGTTGGTGTTCGTTTCCGCCACTCTCCCA...TGA	825	(1560) 7593+ (2384)	1560	2384	ATGAAAAAAATTTTGCTGCTGCATATGTTGGTGTTCGTTTCCGCCACTCTCCCAATCAGTTCCGTGGCTTCTGATGAGGTTGAAACGCTTAAATGCACCATCATCGCAGACGCCATTACCGGAAATACCTTATATGAGACCGGAGAATGTGCCCGTCGTGTGTCTCCGTGCTCGTCTTTTAAACTTCCATTGGCAATCATGGGGTTTGATAGTGGAATCTTGCAGTCGCCAAAATCACCTACGTGGGAATTGAAGCCGGAATACAACCCGTCTCCGAGAGATCGCACATACAAACAAGTCTATCCGGCGCTATGGCAAAGCGACTCTGTTGTCTAGTTCTCGCAGCAATTAACAAGCCGTCTGGGAGTTGATCGGTTCACGGAATACGTAAAGAAATTTGAGTACGGTAATCAAGATGTTTCCGGTGACTCGGGGAAGCATAACGGCTTGACCCAGTCATGGCTGATGTCGTCGCTCACCATATCTCCCAAGGAGCAAATTCAGTTTCTTCTACGCTTTGTCGCGCATAAGCTGCCTGTATCCGAAGCGGCTTATGACATGGCGTATGCCACAATCCCGCAGTACCAGGCAGCCGAAGGATGGGCTGTACATGGAAAAAGCGGCAGCGGCTGGCTTCGGGACAATAACGGCAAGATAAATGAAAGTCGTCCGCAGGGCTGGTTCGTGGGCTGGGCTGAAAAAAACGGACGGCAAGTTGTTTTCGCCCGATTGGAAATAGGAAAGGAAAAGTCCGATATTCCCGGCGGGTCTAAAGCACGAGAGGATATTCTCGTGGAATTACCCGTGTTGATGGGTAACAAATGA	ATGAAAAAAATTTTGCTGCTGCATATGTTGGTGTTCGTTTCCGCCACTCTCCCA...TGA	825	1000	999	999.0	999	999	ATGAAAAAAATTTTGCTGCTGCATATGTTGGTGTTCGTTTCCGCCACTCTCCCA...TGA	825	7593	1560	2384	False	True	False
337	gb|M88143|+|367-1228|ARO:3000884|TEM-12	ATGAGTATTCAACATTTCCGTGTCGCCCTTATTCCCTTTTTTGCGGCATTTTGC...TAA	861	(37) 5967+ (897)	37	897	ATGAGTATTCAACATTTCCGTGTCGCCCTTATTCCCTTTTTTGCGGCATTTTGCCTTCCTGTTTTTGCTCACCCAGAAACGCTGGTGAAAGTAAAAGATGCTGAAGATCAGTTGGGTGCACGAGTGGGTTACATCGAACTGGATCTCAACAGCGGTAAGATCCTTGAGAGTTTTCGCCCCGAAGAACGTTTTCCAATGATGAGCACTTTTAAAGTTCTGCTATGTGGTGCGGTATTATCCCGTGTTGACGCCGGGCAAGAGCAACTCGGTCGCCGCATACACTATTCTCAGAATGACTTGGTTGAGTACTCACCAGTCACAGAAAAGCATCTTACGGATGGCATGACAGTAAGAGAATTATGCAGTGCTGCCATAACCATGAGTGATAACACTGCTGCCAACTTACTTCTGACAACGATCGGAGGACCGAAGGAGCTAACCGCTTTTTTGCACAACATGGGGGATCATGTAACTCGCCTTGATCGTTGGGAACCGGAGCTGAATGAAGCCATACCAAACGACGAGCGTGACACCACGATGCCTGCAGCAATGGCAACAACGTTGCGCAAACTATTAACTGGCGAACTACTTACTCTAGCTTCCCGGCAACAATTAATAGACTGGATGGAGGCGGATAAAGTTGCAGGACCACTTCTGCGCTCGGCCCTTCCGGCTGGCTGGTTTATTGCTGATAAATCTGGAGCCGGTGAGCGTGGGTCTCGCGGTATCATTGCAGCACTGGGGCCAGATGGTAAGCCCTCCCGTATCGTAGTTATCTACACGACGGGGAGTCAGGCAACTATGGATGAACGAAATAGACAGATCGCTGAGATAGGTGCCTCACTGATTAAGCATTGGTAA	ATGAGTATTCAACATTTCCGTGTCGCCCTTATTCCCTTTTTTGCGGCATTTTGC...TAA	861	37	897	861.0	5967+	ATGAGTATTCAACATTTCCGTGTCGCCCTTATTCCCTTTTTTGCGGCATTTTGCCTTCCTGTTTTTGCTCACCCAGAAACGCTGGTGAAAGTAAAAGATGCTGAAGATCAGTTGGGTGCACGAGTGGGTTACATCGAACTGGATCTCAACAGCGGTAAGATCCTTGAGAGTTTTCGCCCCGAAGAACGTTTTCCAATGATGAGCACTTTTAAAGTTCTGCTATGTGGTGCGGTATTATCCCGTGTTGACGCCGGGCAAGAGCAACTCGGTCGCCGCATACACTATTCTCAGAATGACTTGGTTGAGTACTCACCAGTCACAGAAAAGCATCTTACGGATGGCATGACAGTAAGAGAATTATGCAGTGCTGCCATAACCATGAGTGATAACACTGCTGCCAACTTACTTCTGACAACGATCGGAGGACCGAAGGAGCTAACCGCTTTTTTGCACAACATGGGGGATCATGTAACTCGCCTTGATCGTTGGGAACCGGAGCTGAATGAAGCCATACCAAACGACGAGCGTGACACCACGATGCCTGCAGCAATGGCAACAACGTTGCGCAAACTATTAACTGGCGAACTACTTACTCTAGCTTCCCGGCAACAATTAATAGACTGGATGGAGGCGGATAAAGTTGCAGGACCACTTCTGCGCTCGGCCCTTCCGGCTGGCTGGTTTATTGCTGATAAATCTGGAGCCGGTGAGCGTGGGTCTCGCGGTATCATTGCAGCACTGGGGCCAGATGGTAAGCCCTCCCGTATCGTAGTTATCTACACGACGGGGAGTCAGGCAACTATGGATGAACGAAATAGACAGATCGCTGAGATAGGTGCCTCACTGATTAAGCATTGGTAA	ATGAGTATTCAACATTTCCGTGTCGCCCTTATTCCCTTTTTTGCGGCATTTTGC...TAA	861	5967	37	897	True	True	True
338	gb|NG_050218.1|+|0-1061|ARO:3001044|TEM-181	CAAACTCTTTTGTTTATTTTTCTAAATACATTCAAATATGTATCCGCTCATGAG...TGA	1061	{(367) 5965+, 5967+ (997)}	367	997	TTTGTTTATTTTTCTAAATACATTCAAATATGTATCCGCTCATGAGACAATAACCCTGATAAATGCTTCAATAATATTGAAAAAGGAAGAGTATGAGTATTCAACATTTCCGTGTCGCCCTTATTCCCTTTTTTGCGGCATTTTGCCTTCCTGTTTTTGCTCACCCAGAAACGCTGGTGAAAGTAAAAGATGCTGAAGATCAGTTGGGTGCACGAGTGGGTTACATCGAACTGGATCTCAACAGCGGTAAGATCCTTGAGAGTTTTCGCCCCGAAGAACGTTTTCCAATGATGAGCACTTTTAAAGTTCTGCTATGTGGTGCGGTATTATCCCGTGTTGACGCCGGGCAAGAGCAACTCGGTCGCCGCATACACTATTCTCAGAATGACTTGGTTGAGTACTCACCAGTCACAGAAAAGCATCTTACGGATGGCATGACAGTAAGAGAATTATGCAGTGCTGCCATAACCATGAGTGATAACACTGCTGCCAACTTACTTCTGACAACGATCGGAGGACCGAAGGAGCTAACCGCTTTTTTGCACAACATGGGGGATCATGTAACTCGCCTTGATCGTTGGGAACCGGAGCTGAATGAAGCCATACCAAACGACGAGCGTGACACCACGATGCCTGCAGCAATGGCAACAACGTTGCGCAAACTATTAACTGGCGAACTACTTACTCTAGCTTCCCGGCAACAATTAATAGACTGGATGGAGGCGGATAAAGTTGCAGGACCACTTCTGCGCTCGGCCCTTCCGGCTGGCTGGTTTATTGCTGATAAATCTGGAGCCGGTGAGCGTGGGTCTCGCGGTATCATTGCAGCACTGGGGCCAGATGGTAAGCCCTCCCGTATCGTAGTTATCTACACGACGGGGAGTCAGGCAACTATGGATGAACGAAATAGACAGATCGCTGAGATAGGTGCCTCACTGATTAAGCATTGGTAACTGTCAGACCAAGTTTACTCATATATACTTTAGATTGATTTAAAACTTCATTTTTAATTTAAAAGGATCTAGGTGAAGATCCTTTTTGATAATCTCATGA	CAAACTCTTTTGTTTATTTTTCTAAATACATTCAAATATGTATCCGCTCATGAG...TGA	1061	1000	999	999.0	999	999	CAAACTCTTTTGTTTATTTTTCTAAATACATTCAAATATGTATCCGCTCATGAG...TGA	1061				False	False	False
339	gb|NG_050256.1|+|100-961|ARO:3000896|TEM-26	ATGAGTATTCAACATTTCCGTGTCGCCCTTATTCCCTTTTTTGCGGCATTTTGC...TAA	861	(37) 5967+ (897)	37	897	ATGAGTATTCAACATTTCCGTGTCGCCCTTATTCCCTTTTTTGCGGCATTTTGCCTTCCTGTTTTTGCTCACCCAGAAACGCTGGTGAAAGTAAAAGATGCTGAAGATCAGTTGGGTGCACGAGTGGGTTACATCGAACTGGATCTCAACAGCGGTAAGATCCTTGAGAGTTTTCGCCCCGAAGAACGTTTTCCAATGATGAGCACTTTTAAAGTTCTGCTATGTGGTGCGGTATTATCCCGTGTTGACGCCGGGCAAGAGCAACTCGGTCGCCGCATACACTATTCTCAGAATGACTTGGTTGAGTACTCACCAGTCACAGAAAAGCATCTTACGGATGGCATGACAGTAAGAGAATTATGCAGTGCTGCCATAACCATGAGTGATAACACTGCTGCCAACTTACTTCTGACAACGATCGGAGGACCGAAGGAGCTAACCGCTTTTTTGCACAACATGGGGGATCATGTAACTCGCCTTGATCGTTGGGAACCGGAGCTGAATGAAGCCATACCAAACGACGAGCGTGACACCACGATGCCTGCAGCAATGGCAACAACGTTGCGCAAACTATTAACTGGCGAACTACTTACTCTAGCTTCCCGGCAACAATTAATAGACTGGATGGAGGCGGATAAAGTTGCAGGACCACTTCTGCGCTCGGCCCTTCCGGCTGGCTGGTTTATTGCTGATAAATCTGGAGCCGGTGAGCGTGGGTCTCGCGGTATCATTGCAGCACTGGGGCCAGATGGTAAGCCCTCCCGTATCGTAGTTATCTACACGACGGGGAGTCAGGCAACTATGGATGAACGAAATAGACAGATCGCTGAGATAGGTGCCTCACTGATTAAGCATTGGTAA	ATGAGTATTCAACATTTCCGTGTCGCCCTTATTCCCTTTTTTGCGGCATTTTGC...TAA	861	37	897	861.0	5967+	ATGAGTATTCAACATTTCCGTGTCGCCCTTATTCCCTTTTTTGCGGCATTTTGCCTTCCTGTTTTTGCTCACCCAGAAACGCTGGTGAAAGTAAAAGATGCTGAAGATCAGTTGGGTGCACGAGTGGGTTACATCGAACTGGATCTCAACAGCGGTAAGATCCTTGAGAGTTTTCGCCCCGAAGAACGTTTTCCAATGATGAGCACTTTTAAAGTTCTGCTATGTGGTGCGGTATTATCCCGTGTTGACGCCGGGCAAGAGCAACTCGGTCGCCGCATACACTATTCTCAGAATGACTTGGTTGAGTACTCACCAGTCACAGAAAAGCATCTTACGGATGGCATGACAGTAAGAGAATTATGCAGTGCTGCCATAACCATGAGTGATAACACTGCTGCCAACTTACTTCTGACAACGATCGGAGGACCGAAGGAGCTAACCGCTTTTTTGCACAACATGGGGGATCATGTAACTCGCCTTGATCGTTGGGAACCGGAGCTGAATGAAGCCATACCAAACGACGAGCGTGACACCACGATGCCTGCAGCAATGGCAACAACGTTGCGCAAACTATTAACTGGCGAACTACTTACTCTAGCTTCCCGGCAACAATTAATAGACTGGATGGAGGCGGATAAAGTTGCAGGACCACTTCTGCGCTCGGCCCTTCCGGCTGGCTGGTTTATTGCTGATAAATCTGGAGCCGGTGAGCGTGGGTCTCGCGGTATCATTGCAGCACTGGGGCCAGATGGTAAGCCCTCCCGTATCGTAGTTATCTACACGACGGGGAGTCAGGCAACTATGGATGAACGAAATAGACAGATCGCTGAGATAGGTGCCTCACTGATTAAGCATTGGTAA	ATGAGTATTCAACATTTCCGTGTCGCCCTTATTCCCTTTTTTGCGGCATTTTGC...TAA	861	5967	37	897	True	True	True
340	gb|S82452|+|120-978|ARO:3001068|SHV-9	ATGCGTTATATTCGCCTGTGTATTATCTCCCTGTTAGCCACCCTGCCGCTGGCG...TAA	858	(24) 5151- (884)	24	884	ATGCGTTATATTCGCCTGTGTATTATCTCCCTGTTAGCCACCCTGCCGCTGGCGGTACACGCCAGCCCGCAGCCGCTTGAGCAAATTAAACAAAGCGAAAGCCAGCTGTCGGGCCGCGTAGGCATGATAGAAATGGATCTGGCCAGCGGCCGCACGCTGACCGCCTGGCGCGCCGATGAACGCTTTCCCATGATGAGCACCTTTAAAGTAGTGCTCTGCGGCGCAGTGCTGGCGCGGGTGGATGCCGGTGACGAACAGCTGGAGCGAAAGATCCACTATCGCCAGCAGGATCTGGTGGACTACTCGCCGGTCAGCGAAAAACACCTTGCCGACGGCATGACGGTCGGCGAACTCTGCGCCGCCGCCATTACCATGAGCGATAACAGCGCCGCCAATCTGCTGCTGGCCACCGTCGGCGGCCCCGCAGGATTGACTGCCTTTTTGCGCCAGATCGGCGACAACGTCACCCGCCTTGACCGCTGGGAAACGGAACTGAATGAGGCGCTTCCCGGCGACGCCCGCGACACCACTACCCCGGCCAGCATGGCCGCGACCCTGCGCAAGCTGCTGACCAGCCAGCGTCTGAGCGCCCGTTCGCAACGGCAGCTGCTGCAGTGGATGGTGGACGATCGGGTCGCCGGACCGTTGATCCGCTCCGTGCTGCCGGCGGGCTGGTTTATCGCCGATAAGACCGGAGCTAGCAAGCGGGGTGCGCGCGGGATTGTCGCCCTGCTTGGCCCGAATAACAAAGCAGAGCGCATCGTGGTGATTTATCTGCGGGATACGCCGGCGAGCATGGCCGAGCGAAATCAGCAAATCGCCGGGATCGGCGCGGCGCTGATCGAGCACTGGCAACGCTAA	ATGCGTTATATTCGCCTGTGTATTATCTCCCTGTTAGCCACCCTGCCGCTGGCG...TAA	858	24	884	858.0	5151-	ATGCGTTATATTCGCCTGTGTATTATCTCCCTGTTAGCCACCCTGCCGCTGGCGGTACACGCCAGCCCGCAGCCGCTTGAGCAAATTAAACAAAGCGAAAGCCAGCTGTCGGGCCGCGTAGGCATGATAGAAATGGATCTGGCCAGCGGCCGCACGCTGACCGCCTGGCGCGCCGATGAACGCTTTCCCATGATGAGCACCTTTAAAGTAGTGCTCTGCGGCGCAGTGCTGGCGCGGGTGGATGCCGGTGACGAACAGCTGGAGCGAAAGATCCACTATCGCCAGCAGGATCTGGTGGACTACTCGCCGGTCAGCGAAAAACACCTTGCCGACGGCATGACGGTCGGCGAACTCTGCGCCGCCGCCATTACCATGAGCGATAACAGCGCCGCCAATCTGCTGCTGGCCACCGTCGGCGGCCCCGCAGGATTGACTGCCTTTTTGCGCCAGATCGGCGACAACGTCACCCGCCTTGACCGCTGGGAAACGGAACTGAATGAGGCGCTTCCCGGCGACGCCCGCGACACCACTACCCCGGCCAGCATGGCCGCGACCCTGCGCAAGCTGCTGACCAGCCAGCGTCTGAGCGCCCGTTCGCAACGGCAGCTGCTGCAGTGGATGGTGGACGATCGGGTCGCCGGACCGTTGATCCGCTCCGTGCTGCCGGCGGGCTGGTTTATCGCCGATAAGACCGGAGCTAGCAAGCGGGGTGCGCGCGGGATTGTCGCCCTGCTTGGCCCGAATAACAAAGCAGAGCGCATCGTGGTGATTTATCTGCGGGATACGCCGGCGAGCATGGCCGAGCGAAATCAGCAAATCGCCGGGATCGGCGCGGCGCTGATCGAGCACTGGCAACGCTAA	ATGCGTTATATTCGCCTGTGTATTATCTCCCTGTTAGCCACCCTGCCGCTGGCG...TAA	858	5151	24	884	True	True	True
341	gb|U00096.3|-|3203309-3204131|ARO:3002986|bacA	ATGAGCGATATGCACTCGCTGCTGATAGCGGCAATATTGGGTGTGGTCGAAGGA...TAA	822	(6668) 7845+ (7487)	6668	7487	ATGAGCGATATGCACTCGCTGCTGATAGCGGCAATATTGGGTGTGGTCGAAGGATTGACAGAATTTCTGCCGGTATCCAGCACGGGCCATATGATTATTGTCGGTCACTTGTTGGGGTTTGAGGGCGACACGGCGAAAACCTTTGAAGTCGTGATCCAGTTAGGATCAATTCTGGCAGTGGTTGTCATGTTCTGGCGACGTCTGTTTGGCCTTATTGGTATTCACTTTGGTCGCCCGTTGCAGCACGAAGGAGAAAGCAAAGGCCGTTTAACGCTGATCCACATTTTGCTGGGGATGATTCCGGCGGTGGTACTGGGGCTGTTGTTCCACGACACGATTAAATCATTGTTTAACCCGATAAATGTGATGTATGCACTGGTCGTTGGCGGTCTGTTGCTGATTGCCGCTGAATGCCTGAAGCCGAAAGAGCCGCGTGCGCCGGGTCTTGATGATATGACCTATCGTCAGGCGTTTATGATTGGCTGTTTCCAGTGTCTGGCGCTGTGGCCGGGTTTCTCTCGCTCCGGGGCGACCATTTCAGGTGGGATGCTGATGGGCGTGAGCCGTTACGCTGCTTCCGAGTTCTCGTTCCTGCTGGCGGTGCCGATGATGATGGGCGCAACGGCGCTCGATCTCTACAAAAGCTGGGGCTTCCTGACTACCGGCGATATCCCGATGTTTGCCGTTGGGTTTATCACCGCTTTTGTGGTGGCGCTGATAGCGATTAAAACCTTCCTGCAATTGATTAAGCGCATTTCGTTTATCCCTTTCGCCATTTATCGCTTTATTGTGGCGGCTGCGGTGTATGTCGTGTTCTTTT	ATGAGCGATATGCACTCGCTGCTGATAGCGGCAATATTGGGTGTGGTCGAAGGA...TAA	822	1000	999	999.0	999	999	ATGAGCGATATGCACTCGCTGCTGATAGCGGCAATATTGGGTGTGGTCGAAGGA...TAA	822	7845	6668	7487	False	True	False
342	gb|U00096.3|-|4377810-4378944|ARO:3004290|Escherichia_coli_ampC	ATGTTCAAAACGACGCTCTGCGCCTTATTAATTACCGCCTCTTGCTCCACATTT...TAA	1134	(13481) 4579+ (14614)	13481	14614	ATGTTCAAAACGACGCTCTGCACCTTATTAATTACCGCCTCTTGCTCCACATTTGCCGCCCCTCAACAAATCAACGATATTGTGCATCGCACAATTACCCCGCTTATAGAGCAACAAAAGATCCCCGGTATGGCGGTGGCGGTAATTTATCAGGGTAAACCTTATTACTTTACCTGGGGCTATGCGGACATCGCCAAAAAGCAGCCCGTCACACAGCAAACGTTGTTTGAGTTAGGTTCGGTCAGCAAAACATTTACGGGCGTGCTTGGTGGCGACGCTATTGCTCGAGGGGAAATCAAGTTAAGCGATCCCACAACAAAATACTGGCCTGAACTTACCGCTAAACAGTGGAATGGGATCACACTATTACATCTCGCAACCTACACCGCTGGCGGCCTGCCATTGCAGGTGCCGGATGAGGTGAAATCCTCAAGCGACTTGCTGCGCTTCTATCAAAACTGGCAGCCTGCATGGGCTCCAGGAACACAACGTCTGTATGCCAACTCCAGTATCGGTTTGTTCGGCGCACTGGCTGTGAAGCCGTCTGGTTTGAGTTTTGAGCAGGCGATGAAAACTCGTGTCTTCCAGCCACTCAAACTCAATCATACGTGGATTAATGTACCGTCCGCAGAAGAAAAGAACTACGCCTGGGGATATCGCGAAGGTAAGGCAGTACATGTTTCGCCAGGGGCGTTAGATGCTGAAGCTTATGGTGTGAAGTCGACCATTGAAGATATGGCCCGCTGGGTGCAAAGCAATTTAAAACCCTTTGATATCAATGAGAAAACACTTCAACAAGGGATACAACTGGCACAATCTCGCTACTGGCAAACCGGCGATATGTATCAGGGTCTGGGCTGGGAAATGCTGGACTGGCCGGTAAATCCTGACATCATCATTAACGGCAGTGACAATAAAATTGCACTGGCAGCACGCCCCGTAAAACCGATTACGCCCCCAACTCCTGCAGTACGTGCATCATGGGTACATAAAACGGGGGCGACCGGCGGATTTGGTAGCTATGTCGCGTTTATTCCAGAAAAAGAGCTGGGTATCGTGATGCTGGCTAACAAAAACTATCCCAATCCAGCGAGAGTTACCGCCGCCTGGCAGATTCTCAACACTCTACAGTAA	ATGTTCAAAACGACGCTCTGCGCCTTATTAATTACCGCCTCTTGCTCCACATTT...TAA	1134	1000	999	999.0	999	999	ATGTTCAAAACGACGCTCTGCGCCTTATTAATTACCGCCTCTTGCTCCACATTT...TAA	1134	4579	13481	14614	False	True	False
343	gb|U00096.3|-|721055-721733|ARO:3003841|kdpE	GTGACAAACGTTCTGATTGTTGAAGATGAACAGGCTATTCGTCGCTTTCTGCGC...TGA	678	(19427) 7827+ (20104)	19427	20104	GTGACAAACGTTCTGATTGTTGAAGATGAACAGGCTATTCGTCGCTTTCTGCGCACGGCGCTGGAGGGCGACGGGATGCGCGTCTTTGAGGCCGAAACGCTGCAACGCGGCTTGCTGGAAGCGGCAACCCGTAAGCCAGATTTGATTATTCTCGATCTCGGCCTGCCCGATGGTGATGGGATTGAGTTTATCCGCGACCTGCGCCAGTGGAGCGCGGTGCCGGTGATTGTGCTTTCCGCACGCAGCGAAGAGAGCGACAAAATCGCCGCACTGGATGCCGGAGCGGATGATTACCTGAGTAAGCCGTTTGGCATTGGCGAATTGCAGGCCCGTCTGCGCGTCGCTTTACGCCGCCACTCCGCCACCACCGCGCCCGATCCGCTGGTGAAATTTTCCGATGTGACCGTCGATTTAGCCGCCCGCGTGATTCACCGGGGTGAGGAAGAGGTGCATCTCACGCCGATTGAATTCCGCCTGCTGGCCGTGCTGCTCAACAACGCCGGAAAAGTGCTCACCCAGCGCCAGTTACTCAATCAGGTGTGGGGACCAAACGCGGTCGAACACAGTCATTATTTGCGTATTTATATGGGGCATCTGCGACAAAAACTGGAGCAAGATCCCGCCCGCCCCCGCCATTTCATTACTGAAACCGGTATTGGGTATCGGTTTATGCTTTGA	GTGACAAACGTTCTGATTGTTGAAGATGAACAGGCTATTCGTCGCTTTCTGCGC...TGA	678	1000	999	999.0	999	999	GTGACAAACGTTCTGATTGTTGAAGATGAACAGGCTATTCGTCGCTTTCTGCGC...TGA	678	7827	19427	20104	False	True	False
344	gb|U00096|+|2367070-2368039|ARO:3003578|pmrF	ATGTTTGAAATCCACCCTGTTAAGAAAGTCTCGGTGGTTATTCCCGTTTATAAC...TAA	969	(23377) 3167- (24345)	23377	24345	ATGTTTGAAATCCACCCTGTTAAGAAAGTCTCGGTGGTTATTCCCGTTTATAACGAGCAGGAAAGCTTACCGGAATTAATCAGGCGCACCACAAAAGCCTGTGAATCACTGGGGAAAGAGTATGAGATCCTGCTGATTGATGACGGCAGTAGCGATAATTCCGCGCATATGCTGGTCGAAGCCTCACAAGCGGAGGGCAGCCATATTGTGTCTATTTTGCTTAACCGCAATTACGGGCAACATTCAGCGATTATGGCGGGATTCAGTCACGTCACCGGCGACTTAATTATTACCCTCGATGCCGATCTCCAGAATCCGCCAGAGGAAATCCCCCGTCTGGTGGCAAAAGCCGATGAAGGTTACGACGTGGTAGGGACTGTACGCCAGAACCGCCAGGACAGCTGGTTTCGTAAAACCGCTTCGAAGATGATTAACCGGCTTATTCAGCGCACCACTGGCAAAGCGATGGGTGACTATGGTTGTATGCTGCGCGCCTATCGCCGTCATATTGTCGATGCGATGTTGCACTGCCATGAACGCAGCACCTTTATCCCGATTCTGGCGAATATCTTCGCCCGCCGTGCCATTGAAATTCCAGTGCATCATGCCGAGCGTGAGTTTGGTGAATCCAAATACAGCTTTATGCGCCTGATTAATTTGATGTACGACCTGGTGACCTGCCTTACCACTACGCCGCTACGTATGCTGAGTCTGCTCGGCAGCATTATTGCGATTGGCGGTTTTAGCATTGCGGTGCTGTTGGTGATTTTACGCCTGACCTTCGGACCCCAATGGGCGGCAGAAGGCGTCTTTATGCTATTTGCCGTGCTGTTTACTTTTATTGGCGCTCAGTTTATCGGCATGGGATTGCTCGGTGAATATATCGGCAGGATCTACACCGATGTCCGCGCCCGCCCCCGCTATTTTGTTCAGCAAGTTATCCGTCCATCCAGCAAGGAAAATGAATAA	ATGTTTGAAATCCACCCTGTTAAGAAAGTCTCGGTGGTTATTCCCGTTTATAAC...TAA	969	23377	24345	969.0	3167-	ATGTTTGAAATCCACCCTGTTAAGAAAGTCTCGGTGGTTATTCCCGTTTATAACGAGCAGGAAAGCTTACCGGAATTAATCAGGCGCACCACAAAAGCCTGTGAATCACTGGGGAAAGAGTATGAGATCCTGCTGATTGATGACGGCAGTAGCGATAATTCCGCGCATATGCTGGTCGAAGCCTCACAAGCGGAGGGCAGCCATATTGTGTCTATTTTGCTTAACCGCAATTACGGGCAACATTCAGCGATTATGGCGGGATTCAGTCACGTCACCGGCGACTTAATTATTACCCTCGATGCCGATCTCCAGAATCCGCCAGAGGAAATCCCCCGTCTGGTGGCAAAAGCCGATGAAGGTTACGACGTGGTAGGGACTGTACGCCAGAACCGCCAGGACAGCTGGTTTCGTAAAACCGCTTCGAAGATGATTAACCGGCTTATTCAGCGCACCACTGGCAAAGCGATGGGTGACTATGGTTGTATGCTGCGCGCCTATCGCCGTCATATTGTCGATGCGATGTTGCACTGCCATGAACGCAGCACCTTTATCCCGATTCTGGCGAATATCTTCGCCCGCCGTGCCATTGAAATTCCAGTGCATCATGCCGAGCGTGAGTTTGGTGAATCCAAATACAGCTTTATGCGCCTGATTAATTTGATGTACGACCTGGTGACCTGCCTTACCACTACGCCGCTACGTATGCTGAGTCTGCTCGGCAGCATTATTGCGATTGGCGGTTTTAGCATTGCGGTGCTGTTGGTGATTTTACGCCTGACCTTCGGACCCCAATGGGCGGCAGAAGGCGTCTTTATGCTATTTGCCGTGCTGTTTACTTTTATTGGCGCTCAGTTTATCGGCATGGGATTGCTCGGTGAATATATCGGCAGGATCTACACCGATGTCCGCGCCCGCCCCCGCTATTTTGTTCAGCAAGTTATCCGTCCATCCAGCAAGGAAAATGAATAA	ATGTTTGAAATCCACCCTGTTAAGAAAGTCTCGGTGGTTATTCCCGTTTATAAC...TAA	969	3167	23377	24345	True	True	True
345	gb|U00096|-|2098446-2099613|ARO:3003577|ugd	ATGAAAATCACCATTTCCGGTACTGGCTATGTAGGCTTGTCAAACGGGCTTCTA...TAA	1167	(1620) 3493- (2786)	1620	2786	ATGAAAATCACCATTTCCGGTACTGGCTATGTCGGCTTGTCAAACGGGCTTCTAATCGCACAAAATCATGAGGTTGTGGCATTAGATATTTTACCGTCACGCGTTGCTATGCTGAATGATCGGATATCTCCTATTGTTGATAAGGAAATTCAGCAGTTTTTGCAATCAGATAAAATACACTTTAATGCCACATTAGATAAAAATGAAGCCTACCGGGATGCTGATTATGTCATCATCGCCACTCCAACCGACTATGATCCTAAAACTAATTATTTCAATACATCCAGTGTAGAATCAGTAATTAAAGACGTAGTTGAGATAAATCCTTATGCGGTTATGGTGATCAAATCAACGGTTCCCGTTGGTTTTACCGCAGCGATGCATAAGAAATATCGCACTGAAAATATTATATTCTCCCCGGAATTTCTCCGTGAGGGTAAAGCCCTTTACGATAATCTCCATCCTTCACGTATTGTCATCGGTGAGCGTTCAGAACGCGCAGAACGTTTTGCTGCTCTGTTACAGGAAGGAGCGATTAAGCAAAATATCCCGACCCTGTTTACCGACTCCACTGAAGCAGAAGCGATTAAACTTTTTGCAAACACCTACCTGGCGATGCGCGTGGCGTACTTTAACGAACTGGATAGCTATGCAGAAAGTTTAGGTCTGAATACTCGCCAGATTATCGAAGGCGTTTGTCTCGATCCGCGTATTGGCAACCATTACAACAACCCGTCGTTTGGCTATGGTGGTTATTGTCTGCCGAAAGATACCAAGCAGTTACTGGCGAACTACCAGTCTGTGCCGAATAACCTGATCTCGGCAATTGTCGATGCTAACCGCACACGTAAAGACTTTATTGCCGATGCCATTTTGTCACGCAAACCGCAAGTGGTGGGTATTTATCGTCTGATTATGAAGAGCGGGTCAGATAACTTCCGTGCGTCTTCCATTCAGGGGATTATGAAACGTATCAAGGCGAAAGGCGTTGAAGTGATCATCTACGAACCGGTGATGAAAGAAGATTCATTCTTCAACTCTCGCCTGGAACGTGATCTCGCCACTTTCAAACAACAAGCCGATGTCATTATTTCCAACCGTATGGCAGAAGAGCTTAAAGATGTGGCAGATAAGGTCTACACCCGCGATCTCTTTGGCAGCGACTAA	ATGAAAATCACCATTTCCGGTACTGGCTATGTAGGCTTGTCAAACGGGCTTCTA...TAA	1167	1000	999	999.0	999	999	ATGAAAATCACCATTTCCGGTACTGGCTATGTAGGCTTGTCAAACGGGCTTCTA...TAA	1167	3493	1620	2786	False	True	False
346	gb|U20270|+|124-985|ARO:3001066|SHV-7	ATGCGTTATTTTCGCCTGTGTATTATCTCCCTGTTAGCCACCCTGCCGCTGGCG...TAA	861	(24) 5151- (884)	24	884	ATGCGTTATATTCGCCTGTGTATTATCTCCCTGTTAGCCACCCTGCCGCTGGCGGTACACGCCAGCCCGCAGCCGCTTGAGCAAATTAAACAAAGCGAAAGCCAGCTGTCGGGCCGCGTAGGCATGATAGAAATGGATCTGGCCAGCGGCCGCACGCTGACCGCCTGGCGCGCCGATGAACGCTTTCCCATGATGAGCACCTTTAAAGTAGTGCTCTGCGGCGCAGTGCTGGCGCGGGTGGATGCCGGTGACGAACAGCTGGAGCGAAAGATCCACTATCGCCAGCAGGATCTGGTGGACTACTCGCCGGTCAGCGAAAAACACCTTGCCGACGGCATGACGGTCGGCGAACTCTGCGCCGCCGCCATTACCATGAGCGATAACAGCGCCGCCAATCTGCTGCTGGCCACCGTCGGCGGCCCCGCAGGATTGACTGCCTTTTTGCGCCAGATCGGCGACAACGTCACCCGCCTTGACCGCTGGGAAACGGAACTGAATGAGGCGCTTCCCGGCGACGCCCGCGACACCACTACCCCGGCCAGCATGGCCGCGACCCTGCGCAAGCTGCTGACCAGCCAGCGTCTGAGCGCCCGTTCGCAACGGCAGCTGCTGCAGTGGATGGTGGACGATCGGGTCGCCGGACCGTTGATCCGCTCCGTGCTGCCGGCGGGCTGGTTTATCGCCGATAAGACCGGAGCTAGCAAGCGGGGTGCGCGCGGGATTGTCGCCCTGCTTGGCCCGAATAACAAAGCAGAGCGCATCGTGGTGATTTATCTGCGGGATACGCCGGCGAGCATGGCCGAGCGAAATCAGCAAATCGCCGGGATCGGCGCGGCGCTGATCGAGCACTGGCAACGCTAA	ATGCGTTATTTTCGCCTGTGTATTATCTCCCTGTTAGCCACCCTGCCGCTGGCG...TAA	861	1000	999	999.0	999	999	ATGCGTTATTTTCGCCTGTGTATTATCTCCCTGTTAGCCACCCTGCCGCTGGCG...TAA	861	5151	24	884	False	True	False
347	gb|U36911.1|+|1429-2290|ARO:3000979|TEM-116	ATGAGTATTCAACATTTCCGTGTCGCCCTTATTCCCTTTTTTGCGGCATTTTGC...TAA	861	(37) 5967+ (897)	37	897	ATGAGTATTCAACATTTCCGTGTCGCCCTTATTCCCTTTTTTGCGGCATTTTGCCTTCCTGTTTTTGCTCACCCAGAAACGCTGGTGAAAGTAAAAGATGCTGAAGATCAGTTGGGTGCACGAGTGGGTTACATCGAACTGGATCTCAACAGCGGTAAGATCCTTGAGAGTTTTCGCCCCGAAGAACGTTTTCCAATGATGAGCACTTTTAAAGTTCTGCTATGTGGTGCGGTATTATCCCGTGTTGACGCCGGGCAAGAGCAACTCGGTCGCCGCATACACTATTCTCAGAATGACTTGGTTGAGTACTCACCAGTCACAGAAAAGCATCTTACGGATGGCATGACAGTAAGAGAATTATGCAGTGCTGCCATAACCATGAGTGATAACACTGCTGCCAACTTACTTCTGACAACGATCGGAGGACCGAAGGAGCTAACCGCTTTTTTGCACAACATGGGGGATCATGTAACTCGCCTTGATCGTTGGGAACCGGAGCTGAATGAAGCCATACCAAACGACGAGCGTGACACCACGATGCCTGCAGCAATGGCAACAACGTTGCGCAAACTATTAACTGGCGAACTACTTACTCTAGCTTCCCGGCAACAATTAATAGACTGGATGGAGGCGGATAAAGTTGCAGGACCACTTCTGCGCTCGGCCCTTCCGGCTGGCTGGTTTATTGCTGATAAATCTGGAGCCGGTGAGCGTGGGTCTCGCGGTATCATTGCAGCACTGGGGCCAGATGGTAAGCCCTCCCGTATCGTAGTTATCTACACGACGGGGAGTCAGGCAACTATGGATGAACGAAATAGACAGATCGCTGAGATAGGTGCCTCACTGATTAAGCATTGGTAA	ATGAGTATTCAACATTTCCGTGTCGCCCTTATTCCCTTTTTTGCGGCATTTTGC...TAA	861	37	897	861.0	5967+	ATGAGTATTCAACATTTCCGTGTCGCCCTTATTCCCTTTTTTGCGGCATTTTGCCTTCCTGTTTTTGCTCACCCAGAAACGCTGGTGAAAGTAAAAGATGCTGAAGATCAGTTGGGTGCACGAGTGGGTTACATCGAACTGGATCTCAACAGCGGTAAGATCCTTGAGAGTTTTCGCCCCGAAGAACGTTTTCCAATGATGAGCACTTTTAAAGTTCTGCTATGTGGTGCGGTATTATCCCGTGTTGACGCCGGGCAAGAGCAACTCGGTCGCCGCATACACTATTCTCAGAATGACTTGGTTGAGTACTCACCAGTCACAGAAAAGCATCTTACGGATGGCATGACAGTAAGAGAATTATGCAGTGCTGCCATAACCATGAGTGATAACACTGCTGCCAACTTACTTCTGACAACGATCGGAGGACCGAAGGAGCTAACCGCTTTTTTGCACAACATGGGGGATCATGTAACTCGCCTTGATCGTTGGGAACCGGAGCTGAATGAAGCCATACCAAACGACGAGCGTGACACCACGATGCCTGCAGCAATGGCAACAACGTTGCGCAAACTATTAACTGGCGAACTACTTACTCTAGCTTCCCGGCAACAATTAATAGACTGGATGGAGGCGGATAAAGTTGCAGGACCACTTCTGCGCTCGGCCCTTCCGGCTGGCTGGTTTATTGCTGATAAATCTGGAGCCGGTGAGCGTGGGTCTCGCGGTATCATTGCAGCACTGGGGCCAGATGGTAAGCCCTCCCGTATCGTAGTTATCTACACGACGGGGAGTCAGGCAACTATGGATGAACGAAATAGACAGATCGCTGAGATAGGTGCCTCACTGATTAAGCATTGGTAA	ATGAGTATTCAACATTTCCGTGTCGCCCTTATTCCCTTTTTTGCGGCATTTTGC...TAA	861	5967	37	897	True	True	True
348	gb|U37195|+|75-936|ARO:3000898|TEM-28	ATGAGTATTCAACATTTTCGTGTCGCCCTTATTCCCTTTTTTGCGGCATTTTGC...TAA	861	(37) 5967+ (897)	37	897	ATGAGTATTCAACATTTCCGTGTCGCCCTTATTCCCTTTTTTGCGGCATTTTGCCTTCCTGTTTTTGCTCACCCAGAAACGCTGGTGAAAGTAAAAGATGCTGAAGATCAGTTGGGTGCACGAGTGGGTTACATCGAACTGGATCTCAACAGCGGTAAGATCCTTGAGAGTTTTCGCCCCGAAGAACGTTTTCCAATGATGAGCACTTTTAAAGTTCTGCTATGTGGTGCGGTATTATCCCGTGTTGACGCCGGGCAAGAGCAACTCGGTCGCCGCATACACTATTCTCAGAATGACTTGGTTGAGTACTCACCAGTCACAGAAAAGCATCTTACGGATGGCATGACAGTAAGAGAATTATGCAGTGCTGCCATAACCATGAGTGATAACACTGCTGCCAACTTACTTCTGACAACGATCGGAGGACCGAAGGAGCTAACCGCTTTTTTGCACAACATGGGGGATCATGTAACTCGCCTTGATCGTTGGGAACCGGAGCTGAATGAAGCCATACCAAACGACGAGCGTGACACCACGATGCCTGCAGCAATGGCAACAACGTTGCGCAAACTATTAACTGGCGAACTACTTACTCTAGCTTCCCGGCAACAATTAATAGACTGGATGGAGGCGGATAAAGTTGCAGGACCACTTCTGCGCTCGGCCCTTCCGGCTGGCTGGTTTATTGCTGATAAATCTGGAGCCGGTGAGCGTGGGTCTCGCGGTATCATTGCAGCACTGGGGCCAGATGGTAAGCCCTCCCGTATCGTAGTTATCTACACGACGGGGAGTCAGGCAACTATGGATGAACGAAATAGACAGATCGCTGAGATAGGTGCCTCACTGATTAAGCATTGGTAA	ATGAGTATTCAACATTTTCGTGTCGCCCTTATTCCCTTTTTTGCGGCATTTTGC...TAA	861	37	897	861.0	5967+	ATGAGTATTCAACATTTCCGTGTCGCCCTTATTCCCTTTTTTGCGGCATTTTGCCTTCCTGTTTTTGCTCACCCAGAAACGCTGGTGAAAGTAAAAGATGCTGAAGATCAGTTGGGTGCACGAGTGGGTTACATCGAACTGGATCTCAACAGCGGTAAGATCCTTGAGAGTTTTCGCCCCGAAGAACGTTTTCCAATGATGAGCACTTTTAAAGTTCTGCTATGTGGTGCGGTATTATCCCGTGTTGACGCCGGGCAAGAGCAACTCGGTCGCCGCATACACTATTCTCAGAATGACTTGGTTGAGTACTCACCAGTCACAGAAAAGCATCTTACGGATGGCATGACAGTAAGAGAATTATGCAGTGCTGCCATAACCATGAGTGATAACACTGCTGCCAACTTACTTCTGACAACGATCGGAGGACCGAAGGAGCTAACCGCTTTTTTGCACAACATGGGGGATCATGTAACTCGCCTTGATCGTTGGGAACCGGAGCTGAATGAAGCCATACCAAACGACGAGCGTGACACCACGATGCCTGCAGCAATGGCAACAACGTTGCGCAAACTATTAACTGGCGAACTACTTACTCTAGCTTCCCGGCAACAATTAATAGACTGGATGGAGGCGGATAAAGTTGCAGGACCACTTCTGCGCTCGGCCCTTCCGGCTGGCTGGTTTATTGCTGATAAATCTGGAGCCGGTGAGCGTGGGTCTCGCGGTATCATTGCAGCACTGGGGCCAGATGGTAAGCCCTCCCGTATCGTAGTTATCTACACGACGGGGAGTCAGGCAACTATGGATGAACGAAATAGACAGATCGCTGAGATAGGTGCCTCACTGATTAAGCATTGGTAA	ATGAGTATTCAACATTTTCGTGTCGCCCTTATTCCCTTTTTTGCGGCATTTTGC...TAA	861	5967	37	897	True	True	True
349	gb|U59183|+|247-859|ARO:3002581|AAC(6')-Ib10	ATGTTACGCAGCAGCAGTCGCCCTAAAACAAAGTTAGGCATCACAAAGTACAGC...TAA	612	(56) 7593+ (642)	56	642	AAACAAAGTTAGGCATCACAAAGTACAGCATCGTGACCAACAGCAACGATTCCGTCACACTGCGCCTCATGACTGAGCATGACCTTGCGATGCTCTATGAGTGGCTAAATCGATCTCATATCGTCGAGTGGTGGGGCGGAGAAGAAGCACGCCCGACACTTGCTGACGTACAGGAACAGTACTTGCCAAGCGTTTTAGCGCAAGAGTCCGTCACTCCATACATTGCAATGCTGAATGGAGAGCCGATTGGGTATGCCCAGTCGTACGTTGCTCTTGGAAGCGGGGACGGATGGTGGGAAGAAGAAACCGATCCAGGAGTACGCGGAATAGACCAGTTACTGGCGAATGCATCACAACTGGGCAAAGGCTTGGGAACCAAGCTGGTTCGAGCTCTGGTTGAGTTGCTGTTCAATGATCCCGAGGTCACCAAGATCCAAACGGACCCGTCGCCGAGCAACTTGCGAGCGATCCGATGCTACGAGAAAGCGGGGTTTGAGAGGCAAGGTACCGTAACCACCCCAGATGGTCCAGCCGTGTACATGGTTCAAACACGCCAGGCATTCGAGCGAACACGCAGTGTTGCCTAA	ATGTTACGCAGCAGCAGTCGCCCTAAAACAAAGTTAGGCATCACAAAGTACAGC...TAA	612	40	642	612.0	7593+	AGTATTCAACATTTCCAAACAAAGTTAGGCATCACAAAGTACAGCATCGTGACCAACAGCAACGATTCCGTCACACTGCGCCTCATGACTGAGCATGACCTTGCGATGCTCTATGAGTGGCTAAATCGATCTCATATCGTCGAGTGGTGGGGCGGAGAAGAAGCACGCCCGACACTTGCTGACGTACAGGAACAGTACTTGCCAAGCGTTTTAGCGCAAGAGTCCGTCACTCCATACATTGCAATGCTGAATGGAGAGCCGATTGGGTATGCCCAGTCGTACGTTGCTCTTGGAAGCGGGGACGGATGGTGGGAAGAAGAAACCGATCCAGGAGTACGCGGAATAGACCAGTTACTGGCGAATGCATCACAACTGGGCAAAGGCTTGGGAACCAAGCTGGTTCGAGCTCTGGTTGAGTTGCTGTTCAATGATCCCGAGGTCACCAAGATCCAAACGGACCCGTCGCCGAGCAACTTGCGAGCGATCCGATGCTACGAGAAAGCGGGGTTTGAGAGGCAAGGTACCGTAACCACCCCAGATGGTCCAGCCGTGTACATGGTTCAAACACGCCAGGCATTCGAGCGAACACGCAGTGTTGCCTAA	ATGTTACGCAGCAGCAGTCGCCCTAAAACAAAGTTAGGCATCACAAAGTACAGC...TAA	612	7593	56	642	False	True	False
350	gb|U92041|+|0-861|ARO:3001067|SHV-8	ATGCGTTATATTCGCCTGTGTATTATCTCCCTGTTAGCCACCCTGCCGCTGGCG...TAA	861	(24) 5151- (884)	24	884	ATGCGTTATATTCGCCTGTGTATTATCTCCCTGTTAGCCACCCTGCCGCTGGCGGTACACGCCAGCCCGCAGCCGCTTGAGCAAATTAAACAAAGCGAAAGCCAGCTGTCGGGCCGCGTAGGCATGATAGAAATGGATCTGGCCAGCGGCCGCACGCTGACCGCCTGGCGCGCCGATGAACGCTTTCCCATGATGAGCACCTTTAAAGTAGTGCTCTGCGGCGCAGTGCTGGCGCGGGTGGATGCCGGTGACGAACAGCTGGAGCGAAAGATCCACTATCGCCAGCAGGATCTGGTGGACTACTCGCCGGTCAGCGAAAAACACCTTGCCGACGGCATGACGGTCGGCGAACTCTGCGCCGCCGCCATTACCATGAGCGATAACAGCGCCGCCAATCTGCTGCTGGCCACCGTCGGCGGCCCCGCAGGATTGACTGCCTTTTTGCGCCAGATCGGCGACAACGTCACCCGCCTTGACCGCTGGGAAACGGAACTGAATGAGGCGCTTCCCGGCGACGCCCGCGACACCACTACCCCGGCCAGCATGGCCGCGACCCTGCGCAAGCTGCTGACCAGCCAGCGTCTGAGCGCCCGTTCGCAACGGCAGCTGCTGCAGTGGATGGTGGACGATCGGGTCGCCGGACCGTTGATCCGCTCCGTGCTGCCGGCGGGCTGGTTTATCGCCGATAAGACCGGAGCTAGCAAGCGGGGTGCGCGCGGGATTGTCGCCCTGCTTGGCCCGAATAACAAAGCAGAGCGCATCGTGGTGATTTATCTGCGGGATACGCCGGCGAGCATGGCCGAGCGAAATCAGCAAATCGCCGGGATCGGCGCGGCGCTGATCGAGCACTGGCAACGCTAA	ATGCGTTATATTCGCCTGTGTATTATCTCCCTGTTAGCCACCCTGCCGCTGGCG...TAA	861	1000	999	999.0	999	999	ATGCGTTATATTCGCCTGTGTATTATCTCCCTGTTAGCCACCCTGCCGCTGGCG...TAA	861	5151	24	884	False	True	False
351	gb|U95363|+|0-861|ARO:3000912|TEM-43	ATGAGTATTCAACATTTCCGTGTCGCCCTTATTCCCTTTTTTGCGGCATTTTGC...TAA	861	(37) 5967+ (897)	37	897	ATGAGTATTCAACATTTCCGTGTCGCCCTTATTCCCTTTTTTGCGGCATTTTGCCTTCCTGTTTTTGCTCACCCAGAAACGCTGGTGAAAGTAAAAGATGCTGAAGATCAGTTGGGTGCACGAGTGGGTTACATCGAACTGGATCTCAACAGCGGTAAGATCCTTGAGAGTTTTCGCCCCGAAGAACGTTTTCCAATGATGAGCACTTTTAAAGTTCTGCTATGTGGTGCGGTATTATCCCGTGTTGACGCCGGGCAAGAGCAACTCGGTCGCCGCATACACTATTCTCAGAATGACTTGGTTGAGTACTCACCAGTCACAGAAAAGCATCTTACGGATGGCATGACAGTAAGAGAATTATGCAGTGCTGCCATAACCATGAGTGATAACACTGCTGCCAACTTACTTCTGACAACGATCGGAGGACCGAAGGAGCTAACCGCTTTTTTGCACAACATGGGGGATCATGTAACTCGCCTTGATCGTTGGGAACCGGAGCTGAATGAAGCCATACCAAACGACGAGCGTGACACCACGATGCCTGCAGCAATGGCAACAACGTTGCGCAAACTATTAACTGGCGAACTACTTACTCTAGCTTCCCGGCAACAATTAATAGACTGGATGGAGGCGGATAAAGTTGCAGGACCACTTCTGCGCTCGGCCCTTCCGGCTGGCTGGTTTATTGCTGATAAATCTGGAGCCGGTGAGCGTGGGTCTCGCGGTATCATTGCAGCACTGGGGCCAGATGGTAAGCCCTCCCGTATCGTAGTTATCTACACGACGGGGAGTCAGGCAACTATGGATGAACGAAATAGACAGATCGCTGAGATAGGTGCCTCACTGATTAAGCATTGGTAA	ATGAGTATTCAACATTTCCGTGTCGCCCTTATTCCCTTTTTTGCGGCATTTTGC...TAA	861	1000	999	999.0	999	999	ATGAGTATTCAACATTTCCGTGTCGCCCTTATTCCCTTTTTTGCGGCATTTTGC...TAA	861	5967	37	897	False	True	False
352	gb|V00622|+|243-903|ARO:3002683|catI	ATGGAGAAAAAAATCACTGGATATACCACCGTTGATATATCCCAATGGCATCGT...TAA	660	(209) 77- (868)	209	868	ATGGAGAAAAAAATCACTGGATATACCACCGTTGATATATCCCAATGGCATCGTAAAGAACATTTTGAGGCATTTCAGTCAGTTGCTCAATGTACCTATAACCAGACCGTTCAGCTGGATATTACGGCCTTTTTAAAGACCGTAAAGAAAAATAAGCACAAGTTTTATCCGGCCTTTATTCACATTCTTGCCCGCCTGATGAATGCTCATCCGGAATTCCGTATGGCAATGAAAGACGGTGAGCTGGTGATATGGGATAGTATTCACCCTTGTTACACCGTTTTCCATGAGCAAACTGAAACGTTTTCATCGCTCTGGAGTGAATACCACGACGATTTCCGGCAGTTTCTACACATATATTCGCAAGATGTGGCGTGTTACGGTGAAAACCTGGCCTATTTCCCTAAAGGGTTTATTGAGAATATGTTTTTCGTCTCAGCCAATCCCTGGGTGAGTTTCACCAGTTTTGATTTAAACGTGGCCAATATGGACAACTTCTTCGCCCCCGTTTTCACCATGGGCAAATATTATACGCAAGGCGACAAGGTGCTGATGCCGCTGGCGATTCAGGTTCATCATGCCGTTTGTGATGGCTTCCATGTCGGCAGAATGCTTAATGAATTACAACAGTACTGCAATGAGTGGCAGGGCGGGGCGTAA	ATGGAGAAAAAAATCACTGGATATACCACCGTTGATATATCCCAATGGCATCGT...TAA	660	1000	999	999.0	999	999	ATGGAGAAAAAAATCACTGGATATACCACCGTTGATATATCCCAATGGCATCGT...TAA	660	77	209	868	False	True	False
353	gb|X02588.1|+|330-1113|ARO:3002630|ANT(9)-Ia	ATGAGCAATTTGATTAACGGAAAAATACCAAATCAAGCGATTCAAACATTAAAA...TAG	783	(3649) 499+ (4431)	3649	4431	ATGAGCAATTTGATTAACGGAAAAATACCAAATCAAGCGATTCAAACATTAAAAATCGTAAAAGATTTATTTGGAAGTTCAATAGTTGGAGTATATCTATTTGGTTCAGCAGTAAATGGTGGTTTACGCATTAACAGCGATGTAGATGTTCTAGTCGTCGTGAATCATAGTTTACCTCAATTAACTCGAAAAAAACTAACAGAAAGACTAATGACTATATCAGGAAAGATTGGAAATACGGATTCTGTTAGACCACTTGAAGTTACGGTTATAAATAGGAGTGAAGTTGTCCCTTGGCAATATCCTCCAAAAAGAGAATTTATATACGGTGAGTGGCTCAGGGGTGAATTTGAGAATGGACAAATTCAGGAACCAAGCTATGATCCTGATTTGGCTATTGTTTTAGCACAAGCAAGAAAGAATAGTATTTCTCTATTTGGTCCTGATTCTTCAAGTATACTTGTCTCCGTACCTTTGACAGATATTCGAAGAGCAATTAAGGATTCTTTGCCAGAACTAATTGAGGGGATAAAAGGTGATGAGCGTAATGTAATTTTAACCCTAGCTCGAATGTGGCAAACAGTGACTACTGGTGAAATTACCTCGAAAGATGTCGCTGCAGAATGGGCTATACCTCTTTTACCTAAAGAGCATGTAACTTTACTGGATATAGCTAGAAAAGGCTATCGGGGAGAGTGTGATGATAAGTGGGAAGGACTATATTCAAAGGTGAAAGCACTCGTTAAGTATATGAAAAATTCTATAGAAACTTCTCTCAATTAG	ATGAGCAATTTGATTAACGGAAAAATACCAAATCAAGCGATTCAAACATTAAAA...TAG	783	3649	4431	783.0	499+	ATGAGCAATTTGATTAACGGAAAAATACCAAATCAAGCGATTCAAACATTAAAAATCGTAAAAGATTTATTTGGAAGTTCAATAGTTGGAGTATATCTATTTGGTTCAGCAGTAAATGGTGGTTTACGCATTAACAGCGATGTAGATGTTCTAGTCGTCGTGAATCATAGTTTACCTCAATTAACTCGAAAAAAACTAACAGAAAGACTAATGACTATATCAGGAAAGATTGGAAATACGGATTCTGTTAGACCACTTGAAGTTACGGTTATAAATAGGAGTGAAGTTGTCCCTTGGCAATATCCTCCAAAAAGAGAATTTATATACGGTGAGTGGCTCAGGGGTGAATTTGAGAATGGACAAATTCAGGAACCAAGCTATGATCCTGATTTGGCTATTGTTTTAGCACAAGCAAGAAAGAATAGTATTTCTCTATTTGGTCCTGATTCTTCAAGTATACTTGTCTCCGTACCTTTGACAGATATTCGAAGAGCAATTAAGGATTCTTTGCCAGAACTAATTGAGGGGATAAAAGGTGATGAGCGTAATGTAATTTTAACCCTAGCTCGAATGTGGCAAACAGTGACTACTGGTGAAATTACCTCGAAAGATGTCGCTGCAGAATGGGCTATACCTCTTTTACCTAAAGAGCATGTAACTTTACTGGATATAGCTAGAAAAGGCTATCGGGGAGAGTGTGATGATAAGTGGGAAGGACTATATTCAAAGGTGAAAGCACTCGTTAAGTATATGAAAAATTCTATAGAAACTTCTCTCAATTAG	ATGAGCAATTTGATTAACGGAAAAATACCAAATCAAGCGATTCAAACATTAAAA...TAG	783	499	3649	4431	True	True	True
354	gb|X03216.1|-|4550-5282|ARO:3000347|ErmA	ATGAACCAGAAAAACCCTAAAGACACGCAAAATTTTATTACTTCTAAAAAGCAT...TAA	732	(1427) 499- (2158)	1427	2158	ATGAACCAGAAAAACCCTAAAGACACGCAAAATTTTATTACTTCTAAAAAGCATGTAAAAGAAATATTGAATCACACGAATATCAGTAAACAAGACAACGTAATAGAAATCGGATCAGGAAAAGGACATTTTACCAAAGAGCTAGTCAAAATGAGTCGATCAGTTACTGCTATAGAAATTGATGGAGGCTTATGTCAAGTGACTAAAGAAGCGGTAAACCCCTCTGAGAATATAAAAGTGATTCAAACGGATATTCTAAAATTTTCCTTCCCAAAACATATAAACTATAAGATATATGGTAATATTCCTTATAACATCAGTACGGATATTGTCAAAAGAATTACCTTTGAAAGTCAGGCTAAATATAGCTATCTTATCGTTGAGAAGGGATTTGCGAAAAGATTGCAAAATCTGCAACGAGCTTTGGGTTTACTATTAATGGTGGAGATGGATATAAAAATGCTCAAAAAAGTACCACCACTATATTTTCATCCTAAGCCAAGTGTAGACTCTGTATTGATTGTTCTTGAACGACATCAACCATTGATTTCAAAGAAGGACTACAAAAAGTATCGATCTTTTGTTTATAAGTGGGTAAACCGTGAATATCGTGTTCTTTTCACTAAAAACCAATTCCGACAGGCTTTGAAGCATGCAAATGTCACTAATATTAATAAACTATCGAAGGAACAATTTCTTTCTATTTTCAATAGTTACAAATTGTTTCACTAA	ATGAACCAGAAAAACCCTAAAGACACGCAAAATTTTATTACTTCTAAAAAGCAT...TAA	732	1000	999	999.0	999	999	ATGAACCAGAAAAACCCTAAAGACACGCAAAATTTTATTACTTCTAAAAAGCAT...TAA	732	499	1427	2158	False	True	False
355	gb|X53796.1|+|186-828|ARO:3004656|catII_from_Escherichia_coli_K-12	ATGAATTTTACCCGGATTGACCTGAATACCTGGAATCGCAGGGAACACTTTGCC...TAA	642	(720) 173+ (1361)	720	1361	ATGAATTTTACCCGGATTGACCTGAATACCTGGAATCGCAGGGAACATTTTGCCCTTTATCGTCAGCAGATTAAATGCGGATTCAGCCTGACCACCAAACTCGATATTACCGCTTTGCGTACTGCACTGGCGAAAACCGGTTATAAGTTTTATCCGCTGATGATTTACCTGATCTCCCGGGCTGTTAATCAGTTTCCGGAGTTCCGGATGGCAATGAAAGATAATGAACTGATTTACTGGGAACAGTCAGACCCGGTCTTTACTGTCTTTCATAAAGAAACCGAAACATTCTCCGCACTGTCCTGCCGTTATTTTCCGGATCTCAGTGAGTTTATGGCGGGTTATAACGCGGTAACAGCAGAATATCAGCATGATACCAGGTTGTTTCCGCAGGGAAATTTACCGGAGAATCACCTGAATATATCATCGTTACCCTGGGTGAGTTTTGACGGATTTAATCTGAATATCACCGGAAATGATGATTATTTTTCCCCGGTTTTTACAATGGCAAAGTTTCAGCAGGAAGGTGACCGCGTACTATTACCTGTTTCTGTACAGGTTCATCATGCAGTCTGTGATGGTTTTCATGCAGCAAGGTTTATCAATACACTTCAGCTGATGTGTGATAACATACTGAAATAA	ATGAATTTTACCCGGATTGACCTGAATACCTGGAATCGCAGGGAACACTTTGCC...TAA	642	1000	999	999.0	999	999	ATGAATTTTACCCGGATTGACCTGAATACCTGGAATCGCAGGGAACACTTTGCC...TAA	642	173	720	1361	False	True	False
356	gb|X54606|+|214-1075|ARO:3000874|TEM-2	ATGAGTATTCAACATTTCCGTGTCGCCCTTATTCCCTTTTTTGCGGCATTTTGC...TAA	861	(37) 5967+ (897)	37	897	ATGAGTATTCAACATTTCCGTGTCGCCCTTATTCCCTTTTTTGCGGCATTTTGCCTTCCTGTTTTTGCTCACCCAGAAACGCTGGTGAAAGTAAAAGATGCTGAAGATCAGTTGGGTGCACGAGTGGGTTACATCGAACTGGATCTCAACAGCGGTAAGATCCTTGAGAGTTTTCGCCCCGAAGAACGTTTTCCAATGATGAGCACTTTTAAAGTTCTGCTATGTGGTGCGGTATTATCCCGTGTTGACGCCGGGCAAGAGCAACTCGGTCGCCGCATACACTATTCTCAGAATGACTTGGTTGAGTACTCACCAGTCACAGAAAAGCATCTTACGGATGGCATGACAGTAAGAGAATTATGCAGTGCTGCCATAACCATGAGTGATAACACTGCTGCCAACTTACTTCTGACAACGATCGGAGGACCGAAGGAGCTAACCGCTTTTTTGCACAACATGGGGGATCATGTAACTCGCCTTGATCGTTGGGAACCGGAGCTGAATGAAGCCATACCAAACGACGAGCGTGACACCACGATGCCTGCAGCAATGGCAACAACGTTGCGCAAACTATTAACTGGCGAACTACTTACTCTAGCTTCCCGGCAACAATTAATAGACTGGATGGAGGCGGATAAAGTTGCAGGACCACTTCTGCGCTCGGCCCTTCCGGCTGGCTGGTTTATTGCTGATAAATCTGGAGCCGGTGAGCGTGGGTCTCGCGGTATCATTGCAGCACTGGGGCCAGATGGTAAGCCCTCCCGTATCGTAGTTATCTACACGACGGGGAGTCAGGCAACTATGGATGAACGAAATAGACAGATCGCTGAGATAGGTGCCTCACTGATTAAGCATTGGTAA	ATGAGTATTCAACATTTCCGTGTCGCCCTTATTCCCTTTTTTGCGGCATTTTGC...TAA	861	37	897	861.0	5967+	ATGAGTATTCAACATTTCCGTGTCGCCCTTATTCCCTTTTTTGCGGCATTTTGCCTTCCTGTTTTTGCTCACCCAGAAACGCTGGTGAAAGTAAAAGATGCTGAAGATCAGTTGGGTGCACGAGTGGGTTACATCGAACTGGATCTCAACAGCGGTAAGATCCTTGAGAGTTTTCGCCCCGAAGAACGTTTTCCAATGATGAGCACTTTTAAAGTTCTGCTATGTGGTGCGGTATTATCCCGTGTTGACGCCGGGCAAGAGCAACTCGGTCGCCGCATACACTATTCTCAGAATGACTTGGTTGAGTACTCACCAGTCACAGAAAAGCATCTTACGGATGGCATGACAGTAAGAGAATTATGCAGTGCTGCCATAACCATGAGTGATAACACTGCTGCCAACTTACTTCTGACAACGATCGGAGGACCGAAGGAGCTAACCGCTTTTTTGCACAACATGGGGGATCATGTAACTCGCCTTGATCGTTGGGAACCGGAGCTGAATGAAGCCATACCAAACGACGAGCGTGACACCACGATGCCTGCAGCAATGGCAACAACGTTGCGCAAACTATTAACTGGCGAACTACTTACTCTAGCTTCCCGGCAACAATTAATAGACTGGATGGAGGCGGATAAAGTTGCAGGACCACTTCTGCGCTCGGCCCTTCCGGCTGGCTGGTTTATTGCTGATAAATCTGGAGCCGGTGAGCGTGGGTCTCGCGGTATCATTGCAGCACTGGGGCCAGATGGTAAGCCCTCCCGTATCGTAGTTATCTACACGACGGGGAGTCAGGCAACTATGGATGAACGAAATAGACAGATCGCTGAGATAGGTGCCTCACTGATTAAGCATTGGTAA	ATGAGTATTCAACATTTCCGTGTCGCCCTTATTCCCTTTTTTGCGGCATTTTGC...TAA	861	5967	37	897	True	True	True
357	gb|X55640|+|111-972|ARO:3001064|SHV-5	ATGCGTTATATTCGCCTGTGTATTATCTCCCTGTTAGCCACCCTGCCGCTGGCG...TAA	861	(24) 5151- (884)	24	884	ATGCGTTATATTCGCCTGTGTATTATCTCCCTGTTAGCCACCCTGCCGCTGGCGGTACACGCCAGCCCGCAGCCGCTTGAGCAAATTAAACAAAGCGAAAGCCAGCTGTCGGGCCGCGTAGGCATGATAGAAATGGATCTGGCCAGCGGCCGCACGCTGACCGCCTGGCGCGCCGATGAACGCTTTCCCATGATGAGCACCTTTAAAGTAGTGCTCTGCGGCGCAGTGCTGGCGCGGGTGGATGCCGGTGACGAACAGCTGGAGCGAAAGATCCACTATCGCCAGCAGGATCTGGTGGACTACTCGCCGGTCAGCGAAAAACACCTTGCCGACGGCATGACGGTCGGCGAACTCTGCGCCGCCGCCATTACCATGAGCGATAACAGCGCCGCCAATCTGCTGCTGGCCACCGTCGGCGGCCCCGCAGGATTGACTGCCTTTTTGCGCCAGATCGGCGACAACGTCACCCGCCTTGACCGCTGGGAAACGGAACTGAATGAGGCGCTTCCCGGCGACGCCCGCGACACCACTACCCCGGCCAGCATGGCCGCGACCCTGCGCAAGCTGCTGACCAGCCAGCGTCTGAGCGCCCGTTCGCAACGGCAGCTGCTGCAGTGGATGGTGGACGATCGGGTCGCCGGACCGTTGATCCGCTCCGTGCTGCCGGCGGGCTGGTTTATCGCCGATAAGACCGGAGCTAGCAAGCGGGGTGCGCGCGGGATTGTCGCCCTGCTTGGCCCGAATAACAAAGCAGAGCGCATCGTGGTGATTTATCTGCGGGATACGCCGGCGAGCATGGCCGAGCGAAATCAGCAAATCGCCGGGATCGGCGCGGCGCTGATCGAGCACTGGCAACGCTAA	ATGCGTTATATTCGCCTGTGTATTATCTCCCTGTTAGCCACCCTGCCGCTGGCG...TAA	861	24	884	861.0	5151-	ATGCGTTATATTCGCCTGTGTATTATCTCCCTGTTAGCCACCCTGCCGCTGGCGGTACACGCCAGCCCGCAGCCGCTTGAGCAAATTAAACAAAGCGAAAGCCAGCTGTCGGGCCGCGTAGGCATGATAGAAATGGATCTGGCCAGCGGCCGCACGCTGACCGCCTGGCGCGCCGATGAACGCTTTCCCATGATGAGCACCTTTAAAGTAGTGCTCTGCGGCGCAGTGCTGGCGCGGGTGGATGCCGGTGACGAACAGCTGGAGCGAAAGATCCACTATCGCCAGCAGGATCTGGTGGACTACTCGCCGGTCAGCGAAAAACACCTTGCCGACGGCATGACGGTCGGCGAACTCTGCGCCGCCGCCATTACCATGAGCGATAACAGCGCCGCCAATCTGCTGCTGGCCACCGTCGGCGGCCCCGCAGGATTGACTGCCTTTTTGCGCCAGATCGGCGACAACGTCACCCGCCTTGACCGCTGGGAAACGGAACTGAATGAGGCGCTTCCCGGCGACGCCCGCGACACCACTACCCCGGCCAGCATGGCCGCGACCCTGCGCAAGCTGCTGACCAGCCAGCGTCTGAGCGCCCGTTCGCAACGGCAGCTGCTGCAGTGGATGGTGGACGATCGGGTCGCCGGACCGTTGATCCGCTCCGTGCTGCCGGCGGGCTGGTTTATCGCCGATAAGACCGGAGCTAGCAAGCGGGGTGCGCGCGGGATTGTCGCCCTGCTTGGCCCGAATAACAAAGCAGAGCGCATCGTGGTGATTTATCTGCGGGATACGCCGGCGAGCATGGCCGAGCGAAATCAGCAAATCGCCGGGATCGGCGCGGCGCTGATCGAGCACTGGCAACGCTAA	ATGCGTTATATTCGCCTGTGTATTATCTCCCTGTTAGCCACCCTGCCGCTGGCG...TAA	861	5151	24	884	True	True	True
358	gb|X57972|+|339-1200|ARO:3000878|TEM-6	ATGAGTATTCAACATTTCCGTGTCGCCCTTATTCCCTTTTTTGCGGCATTTTGC...TAA	861	(37) 5967+ (897)	37	897	ATGAGTATTCAACATTTCCGTGTCGCCCTTATTCCCTTTTTTGCGGCATTTTGCCTTCCTGTTTTTGCTCACCCAGAAACGCTGGTGAAAGTAAAAGATGCTGAAGATCAGTTGGGTGCACGAGTGGGTTACATCGAACTGGATCTCAACAGCGGTAAGATCCTTGAGAGTTTTCGCCCCGAAGAACGTTTTCCAATGATGAGCACTTTTAAAGTTCTGCTATGTGGTGCGGTATTATCCCGTGTTGACGCCGGGCAAGAGCAACTCGGTCGCCGCATACACTATTCTCAGAATGACTTGGTTGAGTACTCACCAGTCACAGAAAAGCATCTTACGGATGGCATGACAGTAAGAGAATTATGCAGTGCTGCCATAACCATGAGTGATAACACTGCTGCCAACTTACTTCTGACAACGATCGGAGGACCGAAGGAGCTAACCGCTTTTTTGCACAACATGGGGGATCATGTAACTCGCCTTGATCGTTGGGAACCGGAGCTGAATGAAGCCATACCAAACGACGAGCGTGACACCACGATGCCTGCAGCAATGGCAACAACGTTGCGCAAACTATTAACTGGCGAACTACTTACTCTAGCTTCCCGGCAACAATTAATAGACTGGATGGAGGCGGATAAAGTTGCAGGACCACTTCTGCGCTCGGCCCTTCCGGCTGGCTGGTTTATTGCTGATAAATCTGGAGCCGGTGAGCGTGGGTCTCGCGGTATCATTGCAGCACTGGGGCCAGATGGTAAGCCCTCCCGTATCGTAGTTATCTACACGACGGGGAGTCAGGCAACTATGGATGAACGAAATAGACAGATCGCTGAGATAGGTGCCTCACTGATTAAGCATTGGTAA	ATGAGTATTCAACATTTCCGTGTCGCCCTTATTCCCTTTTTTGCGGCATTTTGC...TAA	861	1000	999	999.0	999	999	ATGAGTATTCAACATTTCCGTGTCGCCCTTATTCCCTTTTTTGCGGCATTTTGC...TAA	861	5967	37	897	False	True	False
359	gb|X64523.1|-|476-1337|ARO:3000875|TEM-3	ATGAGTATTCAACATTTCCGTGTCGCCCTTATTCCCTTTTTTGCGGCATTTTGC...TAA	861	(37) 5967+ (897)	37	897	ATGAGTATTCAACATTTCCGTGTCGCCCTTATTCCCTTTTTTGCGGCATTTTGCCTTCCTGTTTTTGCTCACCCAGAAACGCTGGTGAAAGTAAAAGATGCTGAAGATCAGTTGGGTGCACGAGTGGGTTACATCGAACTGGATCTCAACAGCGGTAAGATCCTTGAGAGTTTTCGCCCCGAAGAACGTTTTCCAATGATGAGCACTTTTAAAGTTCTGCTATGTGGTGCGGTATTATCCCGTGTTGACGCCGGGCAAGAGCAACTCGGTCGCCGCATACACTATTCTCAGAATGACTTGGTTGAGTACTCACCAGTCACAGAAAAGCATCTTACGGATGGCATGACAGTAAGAGAATTATGCAGTGCTGCCATAACCATGAGTGATAACACTGCTGCCAACTTACTTCTGACAACGATCGGAGGACCGAAGGAGCTAACCGCTTTTTTGCACAACATGGGGGATCATGTAACTCGCCTTGATCGTTGGGAACCGGAGCTGAATGAAGCCATACCAAACGACGAGCGTGACACCACGATGCCTGCAGCAATGGCAACAACGTTGCGCAAACTATTAACTGGCGAACTACTTACTCTAGCTTCCCGGCAACAATTAATAGACTGGATGGAGGCGGATAAAGTTGCAGGACCACTTCTGCGCTCGGCCCTTCCGGCTGGCTGGTTTATTGCTGATAAATCTGGAGCCGGTGAGCGTGGGTCTCGCGGTATCATTGCAGCACTGGGGCCAGATGGTAAGCCCTCCCGTATCGTAGTTATCTACACGACGGGGAGTCAGGCAACTATGGATGAACGAAATAGACAGATCGCTGAGATAGGTGCCTCACTGATTAAGCATTGGTAA	ATGAGTATTCAACATTTCCGTGTCGCCCTTATTCCCTTTTTTGCGGCATTTTGC...TAA	861	37	897	861.0	5967+	ATGAGTATTCAACATTTCCGTGTCGCCCTTATTCCCTTTTTTGCGGCATTTTGCCTTCCTGTTTTTGCTCACCCAGAAACGCTGGTGAAAGTAAAAGATGCTGAAGATCAGTTGGGTGCACGAGTGGGTTACATCGAACTGGATCTCAACAGCGGTAAGATCCTTGAGAGTTTTCGCCCCGAAGAACGTTTTCCAATGATGAGCACTTTTAAAGTTCTGCTATGTGGTGCGGTATTATCCCGTGTTGACGCCGGGCAAGAGCAACTCGGTCGCCGCATACACTATTCTCAGAATGACTTGGTTGAGTACTCACCAGTCACAGAAAAGCATCTTACGGATGGCATGACAGTAAGAGAATTATGCAGTGCTGCCATAACCATGAGTGATAACACTGCTGCCAACTTACTTCTGACAACGATCGGAGGACCGAAGGAGCTAACCGCTTTTTTGCACAACATGGGGGATCATGTAACTCGCCTT	ATGAGTATTCAACATTTCCGTGTCGCCCTTATTCCCTTTTTTGCGGCATTTTGC...TAA	861	5967	37	897	True	True	True
360	gb|X65252|+|175-1036|ARO:3000880|TEM-8	ATGAGTATTCAACATTTCCGTGTCGCCCTTATTCCCTTTTTTGCGGCATTTTGC...TAA	861	(37) 5967+ (897)	37	897	ATGAGTATTCAACATTTCCGTGTCGCCCTTATTCCCTTTTTTGCGGCATTTTGCCTTCCTGTTTTTGCTCACCCAGAAACGCTGGTGAAAGTAAAAGATGCTGAAGATCAGTTGGGTGCACGAGTGGGTTACATCGAACTGGATCTCAACAGCGGTAAGATCCTTGAGAGTTTTCGCCCCGAAGAACGTTTTCCAATGATGAGCACTTTTAAAGTTCTGCTATGTGGTGCGGTATTATCCCGTGTTGACGCCGGGCAAGAGCAACTCGGTCGCCGCATACACTATTCTCAGAATGACTTGGTTGAGTACTCACCAGTCACAGAAAAGCATCTTACGGATGGCATGACAGTAAGAGAATTATGCAGTGCTGCCATAACCATGAGTGATAACACTGCTGCCAACTTACTTCTGACAACGATCGGAGGACCGAAGGAGCTAACCGCTTTTTTGCACAACATGGGGGATCATGTAACTCGCCTTGATCGTTGGGAACCGGAGCTGAATGAAGCCATACCAAACGACGAGCGTGACACCACGATGCCTGCAGCAATGGCAACAACGTTGCGCAAACTATTAACTGGCGAACTACTTACTCTAGCTTCCCGGCAACAATTAATAGACTGGATGGAGGCGGATAAAGTTGCAGGACCACTTCTGCGCTCGGCCCTTCCGGCTGGCTGGTTTATTGCTGATAAATCTGGAGCCGGTGAGCGTGGGTCTCGCGGTATCATTGCAGCACTGGGGCCAGATGGTAAGCCCTCCCGTATCGTAGTTATCTACACGACGGGGAGTCAGGCAACTATGGATGAACGAAATAGACAGATCGCTGAGATAGGTGCCTCACTGATTAAGCATTGGTAA	ATGAGTATTCAACATTTCCGTGTCGCCCTTATTCCCTTTTTTGCGGCATTTTGC...TAA	861	37	897	861.0	5967+	ATGAGTATTCAACATTTCCGTGTCGCCCTTATTCCCTTTTTTGCGGCATTTTGCCTTCCTGTTTTTGCTCACCCAGAAACGCTGGTGAAAGTAAAAGATGCTGAAGATCAGTTGGGTGCACGAGTGGGTTACATCGAACTGGATCTCAACAGCGGTAAGATCCTTGAGAGTTTTCGCCCCGAAGAACGTTTTCCAATGATGAGCACTTTTAAAGTTCTGCTATGTGGTGCGGTATTATCCCGTGTTGACGCCGGGCAAGAGCAACTCGGTCGCCGCATACACTATTCTCAGAATGACTTGGTTGAGTACTCACCAGTCACAGAAAAGCATCTTACGGATGGCATGACAGTAAGAGAATTATGCAGTGCTGCCATAACCATGAGTGATAACACTGCTGCCAACTTACTTCTGACAACGATCGGAGGACCGAAGGAGCTAACCGCTTTTTTGCACAACATGGGGGATCATGTAACTCGCCTTGATCGTTGGGAACCGGAGCTGAATGAAGCCATACCAAACGACGAGCGTGACACCACGATGCCTGCAGCAATGGCAACAACGTTGCGCAAACTATTAACTGGCGAACTACTTACTCTAGCTTCCCGGCAACAATTAATAGACTGGATGGAGGCGGATAAAGTTGCAGGACCACTTCTGCGCTCGGCCCTTCCGGCTGGCTGGTTTATTGCTGATAAATCTGGAGCCGGTGAGCGTGGGTCTCGCGGTATCATTGCAGCACTGGGGCCAGATGGTAAGCCCTCCCGTATCGTAGTTATCTACACGACGGGGAGTCAGGCAACTATGGATGAACGAAATAGACAGATCGCTGAGATAGGTGCCTCACTGATTAAGCATTGGTAA	ATGAGTATTCAACATTTCCGTGTCGCCCTTATTCCCTTTTTTGCGGCATTTTGC...TAA	861	5967	37	897	True	True	True
361	gb|X65253|+|175-1036|ARO:3000894|TEM-24	ATGAGTATTCAACATTTCCGTGTCGCCCTTATTCCCTTTTTTGCGGCATTTTGC...TAA	861	(37) 5967+ (897)	37	897	ATGAGTATTCAACATTTCCGTGTCGCCCTTATTCCCTTTTTTGCGGCATTTTGCCTTCCTGTTTTTGCTCACCCAGAAACGCTGGTGAAAGTAAAAGATGCTGAAGATCAGTTGGGTGCACGAGTGGGTTACATCGAACTGGATCTCAACAGCGGTAAGATCCTTGAGAGTTTTCGCCCCGAAGAACGTTTTCCAATGATGAGCACTTTTAAAGTTCTGCTATGTGGTGCGGTATTATCCCGTGTTGACGCCGGGCAAGAGCAACTCGGTCGCCGCATACACTATTCTCAGAATGACTTGGTTGAGTACTCACCAGTCACAGAAAAGCATCTTACGGATGGCATGACAGTAAGAGAATTATGCAGTGCTGCCATAACCATGAGTGATAACACTGCTGCCAACTTACTTCTGACAACGATCGGAGGACCGAAGGAGCTAACCGCTTTTTTGCACAACATGGGGGATCATGTAACTCGCCTTGATCGTTGGGAACCGGAGCTGAATGAAGCCATACCAAACGACGAGCGTGACACCACGATGCCTGCAGCAATGGCAACAACGTTGCGCAAACTATTAACTGGCGAACTACTTACTCTAGCTTCCCGGCAACAATTAATAGACTGGATGGAGGCGGATAAAGTTGCAGGACCACTTCTGCGCTCGGCCCTTCCGGCTGGCTGGTTTATTGCTGATAAATCTGGAGCCGGTGAGCGTGGGTCTCGCGGTATCATTGCAGCACTGGGGCCAGATGGTAAGCCCTCCCGTATCGTAGTTATCTACACGACGGGGAGTCAGGCAACTATGGATGAACGAAATAGACAGATCGCTGAGATAGGTGCCTCACTGATTAAGCATTGGTAA	ATGAGTATTCAACATTTCCGTGTCGCCCTTATTCCCTTTTTTGCGGCATTTTGC...TAA	861	37	897	861.0	5967+	ATGAGTATTCAACATTTCCGTGTCGCCCTTATTCCCTTTTTTGCGGCATTTTGCCTTCCTGTTTTTGCTCACCCAGAAACGCTGGTGAAAGTAAAAGATGCTGAAGATCAGTTGGGTGCACGAGTGGGTTACATCGAACTGGATCTCAACAGCGGTAAGATCCTTGAGAGTTTTCGCCCCGAAGAACGTTTTCCAATGATGAGCACTTTTAAAGTTCTGCTATGTGGTGCGGTATTATCCCGTGTTGACGCCGGGCAAGAGCAACTCGGTCGCCGCATACACTATTCTCAGAATGACTTGGTTGAGTACTCACCAGTCACAGAAAAGCATCTTACGGATGGCATGACAGTAAGAGAATTATGCAGTGCTGCCATAACCATGAGTGATAACACTGCTGCCAACTTACTTCTGACAACGATCGGAGGACCGAAGGAGCTAACCGCTTTTTTGCACAACATGGGGGATCATGTAACTCGCCTTGATCGTTGGGAACCGGAGCTGAATGAAGCCATACCAAACGACGAGCGTGACACCACGATGCCTGCAGCAATGGCAACAACGTTGCGCAAACTATTAACTGGCGAACTACTTACTCTAGCTTCCCGGCAACAATTAATAGACTGGATGGAGGCGGATAAAGTTGCAGGACCACTTCTGCGCTCGGCCCTTCCGGCTGGCTGGTTTATTGCTGATAAATCTGGAGCCGGTGAGCGTGGGTCTCGCGGTATCATTGCAGCACTGGGGCCAGATGGTAAGCCCTCCCGTATCGTAGTTATCTACACGACGGGGAGTCAGGCAACTATGGATGAACGAAATAGACAGATCGCTGAGATAGGTGCCTCACTGATTAAGCATTGGTAA	ATGAGTATTCAACATTTCCGTGTCGCCCTTATTCCCTTTTTTGCGGCATTTTGC...TAA	861	5967	37	897	True	True	True
362	gb|X65254|+|175-1036|ARO:3000887|TEM-16	ATGAGTATTCAACATTTCCGTGTCGCCCTTATTCCCTTTTTTGCGGCATTTTGC...TAA	861	(37) 5967+ (897)	37	897	ATGAGTATTCAACATTTCCGTGTCGCCCTTATTCCCTTTTTTGCGGCATTTTGCCTTCCTGTTTTTGCTCACCCAGAAACGCTGGTGAAAGTAAAAGATGCTGAAGATCAGTTGGGTGCACGAGTGGGTTACATCGAACTGGATCTCAACAGCGGTAAGATCCTTGAGAGTTTTCGCCCCGAAGAACGTTTTCCAATGATGAGCACTTTTAAAGTTCTGCTATGTGGTGCGGTATTATCCCGTGTTGACGCCGGGCAAGAGCAACTCGGTCGCCGCATACACTATTCTCAGAATGACTTGGTTGAGTACTCACCAGTCACAGAAAAGCATCTTACGGATGGCATGACAGTAAGAGAATTATGCAGTGCTGCCATAACCATGAGTGATAACACTGCTGCCAACTTACTTCTGACAACGATCGGAGGACCGAAGGAGCTAACCGCTTTTTTGCACAACATGGGGGATCATGTAACTCGCCTTGATCGTTGGGAACCGGAGCTGAATGAAGCCATACCAAACGACGAGCGTGACACCACGATGCCTGCAGCAATGGCAACAACGTTGCGCAAACTATTAACTGGCGAACTACTTACTCTAGCTTCCCGGCAACAATTAATAGACTGGATGGAGGCGGATAAAGTTGCAGGACCACTTCTGCGCTCGGCCCTTCCGGCTGGCTGGTTTATTGCTGATAAATCTGGAGCCGGTGAGCGTGGGTCTCGCGGTATCATTGCAGCACTGGGGCCAGATGGTAAGCCCTCCCGTATCGTAGTTATCTACACGACGGGGAGTCAGGCAACTATGGATGAACGAAATAGACAGATCGCTGAGATAGGTGCCTCACTGATTAAGCATTGGTAA	ATGAGTATTCAACATTTCCGTGTCGCCCTTATTCCCTTTTTTGCGGCATTTTGC...TAA	861	37	897	861.0	5967+	ATGAGTATTCAACATTTCCGTGTCGCCCTTATTCCCTTTTTTGCGGCATTTTGCCTTCCTGTTTTTGCTCACCCAGAAACGCTGGTGAAAGTAAAAGATGCTGAAGATCAGTTGGGTGCACGAGTGGGTTACATCGAACTGGATCTCAACAGCGGTAAGATCCTTGAGAGTTTTCGCCCCGAAGAACGTTTTCCAATGATGAGCACTTTTAAAGTTCTGCTATGTGGTGCGGTATTATCCCGTGTTGACGCCGGGCAAGAGCAACTCGGTCGCCGCATACACTATTCTCAGAATGACTTGGTTGAGTACTCACCAGTCACAGAAAAGCATCTTACGGATGGCATGACAGTAAGAGAATTATGCAGTGCTGCCATAACCATGAGTGATAACACTGCTGCCAACTTACTTCTGACAACGATCGGAGGACCGAAGGAGCTAACCGCTTTTTTGCACAACATGGGGGATCATGTAACTCGCCTTGATCGTTGGGAACCGGAGCTGAATGAAGCCATACCAAACGACGAGCGTGACACCACGATGCCTGCAGCAATGGCAACAACGTTGCGCAAACTATTAACTGGCGAACTACTTACTCTAGCTTCCCGGCAACAATTAATAGACTGGATGGAGGCGGATAAAGTTGCAGGACCACTTCTGCGCTCGGCCCTTCCGGCTGGCTGGTTTATTGCTGATAAATCTGGAGCCGGTGAGCGTGGGTCTCGCGGTATCATTGCAGCACTGGGGCCAGATGGTAAGCCCTCCCGTATCGTAGTTATCTACACGACGGGGAGTCAGGCAACTATGGATGAACGAAATAGACAGATCGCTGAGATAGGTGCCTCACTGATTAAGCATTGGTAA	ATGAGTATTCAACATTTCCGTGTCGCCCTTATTCCCTTTTTTGCGGCATTTTGC...TAA	861	5967	37	897	True	True	True
363	gb|X95401|+|208-1069|ARO:3000914|TEM-45	ATGAGTATTCAACATTTCCGTGTCGCCCTTATTCCCTTTTTTGCGGCATTTTGC...TAA	861	(37) 5967+ (897)	37	897	ATGAGTATTCAACATTTCCGTGTCGCCCTTATTCCCTTTTTTGCGGCATTTTGCCTTCCTGTTTTTGCTCACCCAGAAACGCTGGTGAAAGTAAAAGATGCTGAAGATCAGTTGGGTGCACGAGTGGGTTACATCGAACTGGATCTCAACAGCGGTAAGATCCTTGAGAGTTTTCGCCCCGAAGAACGTTTTCCAATGATGAGCACTTTTAAAGTTCTGCTATGTGGTGCGGTATTATCCCGTGTTGACGCCGGGCAAGAGCAACTCGGTCGCCGCATACACTATTCTCAGAATGACTTGGTTGAGTACTCACCAGTCACAGAAAAGCATCTTACGGATGGCATGACAGTAAGAGAATTATGCAGTGCTGCCATAACCATGAGTGATAACACTGCTGCCAACTTACTTCTGACAACGATCGGAGGACCGAAGGAGCTAACCGCTTTTTTGCACAACATGGGGGATCATGTAACTCGCCTTGATCGTTGGGAACCGGAGCTGAATGAAGCCATACCAAACGACGAGCGTGACACCACGATGCCTGCAGCAATGGCAACAACGTTGCGCAAACTATTAACTGGCGAACTACTTACTCTAGCTTCCCGGCAACAATTAATAGACTGGATGGAGGCGGATAAAGTTGCAGGACCACTTCTGCGCTCGGCCCTTCCGGCTGGCTGGTTTATTGCTGATAAATCTGGAGCCGGTGAGCGTGGGTCTCGCGGTATCATTGCAGCACTGGGGCCAGATGGTAAGCCCTCCCGTATCGTAGTTATCTACACGACGGGGAGTCAGGCAACTATGGATGAACGAAATAGACAGATCGCTGAGATAGGTGCCTCACTGATTAAGCATTGGTAA	ATGAGTATTCAACATTTCCGTGTCGCCCTTATTCCCTTTTTTGCGGCATTTTGC...TAA	861	1000	999	999.0	999	999	ATGAGTATTCAACATTTCCGTGTCGCCCTTATTCCCTTTTTTGCGGCATTTTGC...TAA	861	5967	37	897	False	True	False
364	gb|X97254|+|153-1011|ARO:3001043|TEM-178	ATGAGTATTCAACATTTCCGTGTCGCCCTTATTCCCTTTTTTGCGGCATTTTGC...TAA	858	(37) 5967+ (897)	37	897	ATGAGTATTCAACATTTCCGTGTCGCCCTTATTCCCTTTTTTGCGGCATTTTGCCTTCCTGTTTTTGCTCACCCAGAAACGCTGGTGAAAGTAAAAGATGCTGAAGATCAGTTGGGTGCACGAGTGGGTTACATCGAACTGGATCTCAACAGCGGTAAGATCCTTGAGAGTTTTCGCCCCGAAGAACGTTTTCCAATGATGAGCACTTTTAAAGTTCTGCTATGTGGTGCGGTATTATCCCGTGTTGACGCCGGGCAAGAGCAACTCGGTCGCCGCATACACTATTCTCAGAATGACTTGGTTGAGTACTCACCAGTCACAGAAAAGCATCTTACGGATGGCATGACAGTAAGAGAATTATGCAGTGCTGCCATAACCATGAGTGATAACACTGCTGCCAACTTACTTCTGACAACGATCGGAGGACCGAAGGAGCTAACCGCTTTTTTGCACAACATGGGGGATCATGTAACTCGCCTTGATCGTTGGGAACCGGAGCTGAATGAAGCCATACCAAACGACGAGCGTGACACCACGATGCCTGCAGCAATGGCAACAACGTTGCGCAAACTATTAACTGGCGAACTACTTACTCTAGCTTCCCGGCAACAATTAATAGACTGGATGGAGGCGGATAAAGTTGCAGGACCACTTCTGCGCTCGGCCCTTCCGGCTGGCTGGTTTATTGCTGATAAATCTGGAGCCGGTGAGCGTGGGTCTCGCGGTATCATTGCAGCACTGGGGCCAGATGGTAAGCCCTCCCGTATCGTAGTTATCTACACGACGGGGAGTCAGGCAACTATGGATGAACGAAATAGACAGATCGCTGAGATAGGTGCCTCACTGATTAAGCATTGGTAA	ATGAGTATTCAACATTTCCGTGTCGCCCTTATTCCCTTTTTTGCGGCATTTTGC...TAA	858	37	897	858.0	5967+	ATGAGTATTCAACATTTCCGTGTCGCCCTTATTCCCTTTTTTGCGGCATTTTGCCTTCCTGTTTTTGCTCACCCAGAAACGCTGGTGAAAGTAAAAGATGCTGAAGATCAGTTGGGTGCACGAGTGGGTTACATCGAACTGGATCTCAACAGCGGTAAGATCCTTGAGAGTTTTCGCCCCGAAGAACGTTTTCCAATGATGAGCACTTTTAAAGTTCTGCTATGTGGTGCGGTATTATCCCGTGTTGACGCCGGGCAAGAGCAACTCGGTCGCCGCATACACTATTCTCAGAATGACTTGGTTGAGTACTCACCAGTCACAGAAAAGCATCTTACGGATGGCATGACAGTAAGAGAATTATGCAGTGCTGCCATAACCATGAGTGATAACACTGCTGCCAACTTACTTCTGACAACGATCGGAGGACCGAAGGAGCTAACCGCTTTTTTGCACAACATGGGGGATCATGTAACTCGCCTTGATCGTTGGGAACCGGAGCTGAATGAAGCCATACCAAACGACGAGCGTGACACCACGATGCCTGCAGCAATGGCAACAACGTTGCGCAAACTATTAACTGGCGAACTACTTACTCTAGCTTCCCGGCAACAATTAATAGACTGGATGGAGGCGGATAAAGTTGCAGGACCACTTCTGCGCTCGGCCCTTCCGGCTGGCTGGTTTATTGCTGATAAATCTGGAGCCGGTGAGCGTGGGTCTCGCGGTATCATTGCAGCACTGGGGCCAGATGGTAAGCCCTCCCGTATCGTAGTTATCTACACGACGGGGAGTCAGGCAACTATGGATGAACGAAATAGACAGATCGCTGAGATAGGTGCCTCACTGATTAAGCATTGGTAA	ATGAGTATTCAACATTTCCGTGTCGCCCTTATTCCCTTTTTTGCGGCATTTTGC...TAA	858	5967	37	897	True	True	True
365	gb|X98047|+|0-844|ARO:3000911|TEM-42	CAACATTTCCGTGTCGCCCTTATTCCCTTTTTTGCGGCATTTTGCCTTCCTGTT...AAG	843	(46) 5967+ (888)	46	888	CAACATTTCCGTGTCGCCCTTATTCCCTTTTTTGCGGCATTTTGCCTTCCTGTTTTTGCTCACCCAGAAACGCTGGTGAAAGTAAAAGATGCTGAAGATCAGTTGGGTGCACGAGTGGGTTACATCGAACTGGATCTCAACAGCGGTAAGATCCTTGAGAGTTTTCGCCCCGAAGAACGTTTTCCAATGATGAGCACTTTTAAAGTTCTGCTATGTGGTGCGGTATTATCCCGTGTTGACGCCGGGCAAGAGCAACTCGGTCGCCGCATACACTATTCTCAGAATGACTTGGTTGAGTACTCACCAGTCACAGAAAAGCATCTTACGGATGGCATGACAGTAAGAGAATTATGCAGTGCTGCCATAACCATGAGTGATAACACTGCTGCCAACTTACTTCTGACAACGATCGGAGGACCGAAGGAGCTAACCGCTTTTTTGCACAACATGGGGGATCATGTAACTCGCCTTGATCGTTGGGAACCGGAGCTGAATGAAGCCATACCAAACGACGAGCGTGACACCACGATGCCTGCAGCAATGGCAACAACGTTGCGCAAACTATTAACTGGCGAACTACTTACTCTAGCTTCCCGGCAACAATTAATAGACTGGATGGAGGCGGATAAAGTTGCAGGACCACTTCTGCGCTCGGCCCTTCCGGCTGGCTGGTTTATTGCTGATAAATCTGGAGCCGGTGAGCGTGGGTCTCGCGGTATCATTGCAGCACTGGGGCCAGATGGTAAGCCCTCCCGTATCGTAGTTATCTACACGACGGGGAGTCAGGCAACTATGGATGAACGAAATAGACAGATCGCTGAGATAGGTGCCTCACTGATTAAG	CAACATTTCCGTGTCGCCCTTATTCCCTTTTTTGCGGCATTTTGCCTTCCTGTT...AAG	843	1000	999	999.0	999	999	CAACATTTCCGTGTCGCCCTTATTCCCTTTTTTGCGGCATTTTGCCTTCCTGTT...AAG	843	5967	46	888	False	True	False
366	gb|X98101|+|73-934|ARO:3001070|SHV-11	ATGCGTTATATTCGCCTGTGTATTATCTCCCTGTTAGCCACCCTGCCGCTGGCG...TAA	861	(24) 5151- (884)	24	884	ATGCGTTATATTCGCCTGTGTATTATCTCCCTGTTAGCCACCCTGCCGCTGGCGGTACACGCCAGCCCGCAGCCGCTTGAGCAAATTAAACAAAGCGAAAGCCAGCTGTCGGGCCGCGTAGGCATGATAGAAATGGATCTGGCCAGCGGCCGCACGCTGACCGCCTGGCGCGCCGATGAACGCTTTCCCATGATGAGCACCTTTAAAGTAGTGCTCTGCGGCGCAGTGCTGGCGCGGGTGGATGCCGGTGACGAACAGCTGGAGCGAAAGATCCACTATCGCCAGCAGGATCTGGTGGACTACTCGCCGGTCAGCGAAAAACACCTTGCCGACGGCATGACGGTCGGCGAACTCTGCGCCGCCGCCATTACCATGAGCGATAACAGCGCCGCCAATCTGCTGCTGGCCACCGTCGGCGGCCCCGCAGGATTGACTGCCTTTTTGCGCCAGATCGGCGACAACGTCACCCGCCTTGACCGCTGGGAAACGGAACTGAATGAGGCGCTTCCCGGCGACGCCCGCGACACCACTACCCCGGCCAGCATGGCCGCGACCCTGCGCAAGCTGCTGACCAGCCAGCGTCTGAGCGCCCGTTCGCAACGGCAGCTGCTGCAGTGGATGGTGGACGATCGGGTCGCCGGACCGTTGATCCGCTCCGTGCTGCCGGCGGGCTGGTTTATCGCCGATAAGACCGGAGCTAGCAAGCGGGGTGCGCGCGGGATTGTCGCCCTGCTTGGCCCGAATAACAAAGCAGAGCGCATCGTGGTGATTTATCTGCGGGATACGCCGGCGAGCATGGCCGAGCGAAATCAGCAAATCGCCGGGATCGGCGCGGCGCTGATCGAGCACTGGCAACGCTAA	ATGCGTTATATTCGCCTGTGTATTATCTCCCTGTTAGCCACCCTGCCGCTGGCG...TAA	861	24	884	861.0	5151-	ATGCGTTATATTCGCCTGTGTATTATCTCCCTGTTAGCCACCCTGCCGCTGGCGGTACACGCCAGCCCGCAGCCGCTTGAGCAAATTAAACAAAGCGAAAGCCAGCTGTCGGGCCGCGTAGGCATGATAGAAATGGATCTGGCCAGCGGCCGCACGCTGACCGCCTGGCGCGCCGATGAACGCTTTCCCATGATGAGCACCTTTAAAGTAGTGCTCTGCGGCGCAGTGCTGGCGCGGGTGGATGCCGGTGACGAACAGCTGGAGCGAAAGATCCACTATCGCCAGCAGGATCTGGTGGACTACTCGCCGGTCAGCGAAAAACACCTTGCCGACGGCATGACGGTCGGCGAACTCTGCGCCGCCGCCATTACCATGAGCGATAACAGCGCCGCCAATCTGCTGCTGGCCACCGTCGGCGGCCCCGCAGGATTGACTGCCTTTTTGCGCCAGATCGGCGACAACGTCACCCGCCTTGACCGCTGGGAAACGGAACTGAATGAGGCGCTTCCCGGCGACGCCCGCGACACCACTACCCCGGCCAGCATGGCCGCGACCCTGCGCAAGCTGCTGACCAGCCAGCGTCTGAGCGCCCGTTCGCAACGGCAGCTGCTGCAGTGGATGGTGGACGATCGGGTCGCCGGACCGTTGATCCGCTCCGTGCTGCCGGCGGGCTGGTTTATCGCCGATAAGACCGGAGCTAGCAAGCGGGGTGCGCGCGGGATTGTCGCCCTGCTTGGCCCGAATAACAAAGCAGAGCGCATCGTGGTGATTTATCTGCGGGATACGCCGGCGAGCATGGCCGAGCGAAATCAGCAAATCGCCGGGATCGGCGCGGCGCTGATCGAGCACTGGCAACGCTAA	ATGCGTTATATTCGCCTGTGTATTATCTCCCTGTTAGCCACCCTGCCGCTGGCG...TAA	861	5151	24	884	True	True	True
367	gb|X98102|+|73-934|ARO:3001061|SHV-2A	ATGCGTTATATTCGCCTGTGTATTATCTCCCTGTTAGCCACCCTGCCGCTGGCG...TAA	861	(24) 5151- (884)	24	884	ATGCGTTATATTCGCCTGTGTATTATCTCCCTGTTAGCCACCCTGCCGCTGGCGGTACACGCCAGCCCGCAGCCGCTTGAGCAAATTAAACAAAGCGAAAGCCAGCTGTCGGGCCGCGTAGGCATGATAGAAATGGATCTGGCCAGCGGCCGCACGCTGACCGCCTGGCGCGCCGATGAACGCTTTCCCATGATGAGCACCTTTAAAGTAGTGCTCTGCGGCGCAGTGCTGGCGCGGGTGGATGCCGGTGACGAACAGCTGGAGCGAAAGATCCACTATCGCCAGCAGGATCTGGTGGACTACTCGCCGGTCAGCGAAAAACACCTTGCCGACGGCATGACGGTCGGCGAACTCTGCGCCGCCGCCATTACCATGAGCGATAACAGCGCCGCCAATCTGCTGCTGGCCACCGTCGGCGGCCCCGCAGGATTGACTGCCTTTTTGCGCCAGATCGGCGACAACGTCACCCGCCTTGACCGCTGGGAAACGGAACTGAATGAGGCGCTTCCCGGCGACGCCCGCGACACCACTACCCCGGCCAGCATGGCCGCGACCCTGCGCAAGCTGCTGACCAGCCAGCGTCTGAGCGCCCGTTCGCAACGGCAGCTGCTGCAGTGGATGGTGGACGATCGGGTCGCCGGACCGTTGATCCGCTCCGTGCTGCCGGCGGGCTGGTTTATCGCCGATAAGACCGGAGCTAGCAAGCGGGGTGCGCGCGGGATTGTCGCCCTGCTTGGCCCGAATAACAAAGCAGAGCGCATCGTGGTGATTTATCTGCGGGATACGCCGGCGAGCATGGCCGAGCGAAATCAGCAAATCGCCGGGATCGGCGCGGCGCTGATCGAGCACTGGCAACGCTAA	ATGCGTTATATTCGCCTGTGTATTATCTCCCTGTTAGCCACCCTGCCGCTGGCG...TAA	861	1000	999	999.0	999	999	ATGCGTTATATTCGCCTGTGTATTATCTCCCTGTTAGCCACCCTGCCGCTGGCG...TAA	861	5151	24	884	False	True	False
368	gb|Y10279|+|0-861|ARO:3000916|TEM-47	ATGAGTATTCAACATTTTCGTGTCGCCCTTATTCCCTTTTTTGCGGCATTTTGC...TAA	861	(37) 5967+ (897)	37	897	ATGAGTATTCAACATTTCCGTGTCGCCCTTATTCCCTTTTTTGCGGCATTTTGCCTTCCTGTTTTTGCTCACCCAGAAACGCTGGTGAAAGTAAAAGATGCTGAAGATCAGTTGGGTGCACGAGTGGGTTACATCGAACTGGATCTCAACAGCGGTAAGATCCTTGAGAGTTTTCGCCCCGAAGAACGTTTTCCAATGATGAGCACTTTTAAAGTTCTGCTATGTGGTGCGGTATTATCCCGTGTTGACGCCGGGCAAGAGCAACTCGGTCGCCGCATACACTATTCTCAGAATGACTTGGTTGAGTACTCACCAGTCACAGAAAAGCATCTTACGGATGGCATGACAGTAAGAGAATTATGCAGTGCTGCCATAACCATGAGTGATAACACTGCTGCCAACTTACTTCTGACAACGATCGGAGGACCGAAGGAGCTAACCGCTTTTTTGCACAACATGGGGGATCATGTAACTCGCCTTGATCGTTGGGAACCGGAGCTGAATGAAGCCATACCAAACGACGAGCGTGACACCACGATGCCTGCAGCAATGGCAACAACGTTGCGCAAACTATTAACTGGCGAACTACTTACTCTAGCTTCCCGGCAACAATTAATAGACTGGATGGAGGCGGATAAAGTTGCAGGACCACTTCTGCGCTCGGCCCTTCCGGCTGGCTGGTTTATTGCTGATAAATCTGGAGCCGGTGAGCGTGGGTCTCGCGGTATCATTGCAGCACTGGGGCCAGATGGTAAGCCCTCCCGTATCGTAGTTATCTACACGACGGGGAGTCAGGCAACTATGGATGAACGAAATAGACAGATCGCTGAGATAGGTGCCTCACTGATTAAGCATTGGTAA	ATGAGTATTCAACATTTTCGTGTCGCCCTTATTCCCTTTTTTGCGGCATTTTGC...TAA	861	1000	999	999.0	999	999	ATGAGTATTCAACATTTTCGTGTCGCCCTTATTCCCTTTTTTGCGGCATTTTGC...TAA	861	5967	37	897	False	True	False
369	gb|Y10280|+|0-861|ARO:3000917|TEM-48	ATGAGTATTCAACATTTCCGTGTCGCCCTTATTCCCTTTTTTGCGGCATTTTGC...TAA	861	(37) 5967+ (897)	37	897	ATGAGTATTCAACATTTCCGTGTCGCCCTTATTCCCTTTTTTGCGGCATTTTGCCTTCCTGTTTTTGCTCACCCAGAAACGCTGGTGAAAGTAAAAGATGCTGAAGATCAGTTGGGTGCACGAGTGGGTTACATCGAACTGGATCTCAACAGCGGTAAGATCCTTGAGAGTTTTCGCCCCGAAGAACGTTTTCCAATGATGAGCACTTTTAAAGTTCTGCTATGTGGTGCGGTATTATCCCGTGTTGACGCCGGGCAAGAGCAACTCGGTCGCCGCATACACTATTCTCAGAATGACTTGGTTGAGTACTCACCAGTCACAGAAAAGCATCTTACGGATGGCATGACAGTAAGAGAATTATGCAGTGCTGCCATAACCATGAGTGATAACACTGCTGCCAACTTACTTCTGACAACGATCGGAGGACCGAAGGAGCTAACCGCTTTTTTGCACAACATGGGGGATCATGTAACTCGCCTTGATCGTTGGGAACCGGAGCTGAATGAAGCCATACCAAACGACGAGCGTGACACCACGATGCCTGCAGCAATGGCAACAACGTTGCGCAAACTATTAACTGGCGAACTACTTACTCTAGCTTCCCGGCAACAATTAATAGACTGGATGGAGGCGGATAAAGTTGCAGGACCACTTCTGCGCTCGGCCCTTCCGGCTGGCTGGTTTATTGCTGATAAATCTGGAGCCGGTGAGCGTGGGTCTCGCGGTATCATTGCAGCACTGGGGCCAGATGGTAAGCCCTCCCGTATCGTAGTTATCTACACGACGGGGAGTCAGGCAACTATGGATGAACGAAATAGACAGATCGCTGAGATAGGTGCCTCACTGATTAAGCATTGGTAA	ATGAGTATTCAACATTTCCGTGTCGCCCTTATTCCCTTTTTTGCGGCATTTTGC...TAA	861	1000	999	999.0	999	999	ATGAGTATTCAACATTTCCGTGTCGCCCTTATTCCCTTTTTTGCGGCATTTTGC...TAA	861	5967	37	897	False	True	False
370	gb|Y10281|+|0-861|ARO:3000918|TEM-49	ATGAGTATTCAACATTTCCGTGTCGCCCTTATTCCCTTTTTTGCGGCATTTTGC...TAA	861	(37) 5967+ (897)	37	897	ATGAGTATTCAACATTTCCGTGTCGCCCTTATTCCCTTTTTTGCGGCATTTTGCCTTCCTGTTTTTGCTCACCCAGAAACGCTGGTGAAAGTAAAAGATGCTGAAGATCAGTTGGGTGCACGAGTGGGTTACATCGAACTGGATCTCAACAGCGGTAAGATCCTTGAGAGTTTTCGCCCCGAAGAACGTTTTCCAATGATGAGCACTTTTAAAGTTCTGCTATGTGGTGCGGTATTATCCCGTGTTGACGCCGGGCAAGAGCAACTCGGTCGCCGCATACACTATTCTCAGAATGACTTGGTTGAGTACTCACCAGTCACAGAAAAGCATCTTACGGATGGCATGACAGTAAGAGAATTATGCAGTGCTGCCATAACCATGAGTGATAACACTGCTGCCAACTTACTTCTGACAACGATCGGAGGACCGAAGGAGCTAACCGCTTTTTTGCACAACATGGGGGATCATGTAACTCGCCTTGATCGTTGGGAACCGGAGCTGAATGAAGCCATACCAAACGACGAGCGTGACACCACGATGCCTGCAGCAATGGCAACAACGTTGCGCAAACTATTAACTGGCGAACTACTTACTCTAGCTTCCCGGCAACAATTAATAGACTGGATGGAGGCGGATAAAGTTGCAGGACCACTTCTGCGCTCGGCCCTTCCGGCTGGCTGGTTTATTGCTGATAAATCTGGAGCCGGTGAGCGTGGGTCTCGCGGTATCATTGCAGCACTGGGGCCAGATGGTAAGCCCTCCCGTATCGTAGTTATCTACACGACGGGGAGTCAGGCAACTATGGATGAACGAAATAGACAGATCGCTGAGATAGGTGCCTCACTGATTAAGCATTGGTAA	ATGAGTATTCAACATTTCCGTGTCGCCCTTATTCCCTTTTTTGCGGCATTTTGC...TAA	861	1000	999	999.0	999	999	ATGAGTATTCAACATTTCCGTGTCGCCCTTATTCCCTTTTTTGCGGCATTTTGC...TAA	861	5967	37	897	False	True	False
371	gb|Y11069|+|0-780|ARO:3001065|SHV-6	CTGTTAGCCACCCTGCCGCTGGCGGTACACGCCAGCCCGCAGCCGCTTGAGCAA...AAT	780	(54) 5151- (833)	54	833	CTGTTAGCCACCCTGCCGCTGGCGGTACACGCCAGCCCGCAGCCGCTTGAGCAAATTAAACAAAGCGAAAGCCAGCTGTCGGGCCGCGTAGGCATGATAGAAATGGATCTGGCCAGCGGCCGCACGCTGACCGCCTGGCGCGCCGATGAACGCTTTCCCATGATGAGCACCTTTAAAGTAGTGCTCTGCGGCGCAGTGCTGGCGCGGGTGGATGCCGGTGACGAACAGCTGGAGCGAAAGATCCACTATCGCCAGCAGGATCTGGTGGACTACTCGCCGGTCAGCGAAAAACACCTTGCCGACGGCATGACGGTCGGCGAACTCTGCGCCGCCGCCATTACCATGAGCGATAACAGCGCCGCCAATCTGCTGCTGGCCACCGTCGGCGGCCCCGCAGGATTGACTGCCTTTTTGCGCCAGATCGGCGACAACGTCACCCGCCTTGACCGCTGGGAAACGGAACTGAATGAGGCGCTTCCCGGCGACGCCCGCGACACCACTACCCCGGCCAGCATGGCCGCGACCCTGCGCAAGCTGCTGACCAGCCAGCGTCTGAGCGCCCGTTCGCAACGGCAGCTGCTGCAGTGGATGGTGGACGATCGGGTCGCCGGACCGTTGATCCGCTCCGTGCTGCCGGCGGGCTGGTTTATCGCCGATAAGACCGGAGCTAGCAAGCGGGGTGCGCGCGGGATTGTCGCCCTGCTTGGCCCGAATAACAAAGCAGAGCGCATCGTGGTGATTTATCTGCGGGATACGCCGGCGAGCATGGCCGAGCGAAAT	CTGTTAGCCACCCTGCCGCTGGCGGTACACGCCAGCCCGCAGCCGCTTGAGCAA...AAT	780	1000	999	999.0	999	999	CTGTTAGCCACCCTGCCGCTGGCGGTACACGCCAGCCCGCAGCCGCTTGAGCAA...AAT	780	5151	54	833	False	True	False
372	gb|Y13612|+|0-861|ARO:3000921|TEM-52	ATGAGTATTCAACATTTCCGTGTCGCCCTTATTCCCTTTTTTGCGGCATTTTGC...TAA	861	(37) 5967+ (897)	37	897	ATGAGTATTCAACATTTCCGTGTCGCCCTTATTCCCTTTTTTGCGGCATTTTGCCTTCCTGTTTTTGCTCACCCAGAAACGCTGGTGAAAGTAAAAGATGCTGAAGATCAGTTGGGTGCACGAGTGGGTTACATCGAACTGGATCTCAACAGCGGTAAGATCCTTGAGAGTTTTCGCCCCGAAGAACGTTTTCCAATGATGAGCACTTTTAAAGTTCTGCTATGTGGTGCGGTATTATCCCGTGTTGACGCCGGGCAAGAGCAACTCGGTCGCCGCATACACTATTCTCAGAATGACTTGGTTGAGTACTCACCAGTCACAGAAAAGCATCTTACGGATGGCATGACAGTAAGAGAATTATGCAGTGCTGCCATAACCATGAGTGATAACACTGCTGCCAACTTACTTCTGACAACGATCGGAGGACCGAAGGAGCTAACCGCTTTTTTGCACAACATGGGGGATCATGTAACTCGCCTTGATCGTTGGGAACCGGAGCTGAATGAAGCCATACCAAACGACGAGCGTGACACCACGATGCCTGCAGCAATGGCAACAACGTTGCGCAAACTATTAACTGGCGAACTACTTACTCTAGCTTCCCGGCAACAATTAATAGACTGGATGGAGGCGGATAAAGTTGCAGGACCACTTCTGCGCTCGGCCCTTCCGGCTGGCTGGTTTATTGCTGATAAATCTGGAGCCGGTGAGCGTGGGTCTCGCGGTATCATTGCAGCACTGGGGCCAGATGGTAAGCCCTCCCGTATCGTAGTTATCTACACGACGGGGAGTCAGGCAACTATGGATGAACGAAATAGACAGATCGCTGAGATAGGTGCCTCACTGATTAAGCATTGGTAA	ATGAGTATTCAACATTTCCGTGTCGCCCTTATTCCCTTTTTTGCGGCATTTTGC...TAA	861	1000	999	999.0	999	999	ATGAGTATTCAACATTTCCGTGTCGCCCTTATTCCCTTTTTTGCGGCATTTTGC...TAA	861	5967	37	897	False	True	False
373	gb|Y14574|+|0-861|ARO:3000888|TEM-17	ATGAGTATTCAACATTTCCGTGTCGCCCTTATTCCCTTTTTTGCGGCATTTTGC...TAA	861	(37) 5967+ (897)	37	897	ATGAGTATTCAACATTTCCGTGTCGCCCTTATTCCCTTTTTTGCGGCATTTTGCCTTCCTGTTTTTGCTCACCCAGAAACGCTGGTGAAAGTAAAAGATGCTGAAGATCAGTTGGGTGCACGAGTGGGTTACATCGAACTGGATCTCAACAGCGGTAAGATCCTTGAGAGTTTTCGCCCCGAAGAACGTTTTCCAATGATGAGCACTTTTAAAGTTCTGCTATGTGGTGCGGTATTATCCCGTGTTGACGCCGGGCAAGAGCAACTCGGTCGCCGCATACACTATTCTCAGAATGACTTGGTTGAGTACTCACCAGTCACAGAAAAGCATCTTACGGATGGCATGACAGTAAGAGAATTATGCAGTGCTGCCATAACCATGAGTGATAACACTGCTGCCAACTTACTTCTGACAACGATCGGAGGACCGAAGGAGCTAACCGCTTTTTTGCACAACATGGGGGATCATGTAACTCGCCTTGATCGTTGGGAACCGGAGCTGAATGAAGCCATACCAAACGACGAGCGTGACACCACGATGCCTGCAGCAATGGCAACAACGTTGCGCAAACTATTAACTGGCGAACTACTTACTCTAGCTTCCCGGCAACAATTAATAGACTGGATGGAGGCGGATAAAGTTGCAGGACCACTTCTGCGCTCGGCCCTTCCGGCTGGCTGGTTTATTGCTGATAAATCTGGAGCCGGTGAGCGTGGGTCTCGCGGTATCATTGCAGCACTGGGGCCAGATGGTAAGCCCTCCCGTATCGTAGTTATCTACACGACGGGGAGTCAGGCAACTATGGATGAACGAAATAGACAGATCGCTGAGATAGGTGCCTCACTGATTAAGCATTGGTAA	ATGAGTATTCAACATTTCCGTGTCGCCCTTATTCCCTTTTTTGCGGCATTTTGC...TAA	861	37	897	861.0	5967+	ATGAGTATTCAACATTTCCGTGTCGCCCTTATTCCCTTTTTTGCGGCATTTTGCCTTCCTGTTTTTGCTCACCCAGAAACGCTGGTGAAAGTAAAAGATGCTGAAGATCAGTTGGGTGCACGAGTGGGTTACATCGAACTGGATCTCAACAGCGGTAAGATCCTTGAGAGTTTTCGCCCCGAAGAACGTTTTCCAATGATGAGCACTTTTAAAGTTCTGCTATGTGGTGCGGTATTATCCCGTGTTGACGCCGGGCAAGAGCAACTCGGTCGCCGCATACACTATTCTCAGAATGACTTGGTTGAGTACTCACCAGTCACAGAAAAGCATCTTACGGATGGCATGACAGTAAGAGAATTATGCAGTGCTGCCATAACCATGAGTGATAACACTGCTGCCAACTTACTTCTGACAACGATCGGAGGACCGAAGGAGCTAACCGCTTTTTTGCACAACATGGGGGATCATGTAACTCGCCTTGATCGTTGGGAACCGGAGCTGAATGAAGCCATACCAAACGACGAGCGTGACACCACGATGCCTGCAGCAATGGCAACAACGTTGCGCAAACTATTAACTGGCGAACTACTTACTCTAGCTTCCCGGCAACAATTAATAGACTGGATGGAGGCGGATAAAGTTGCAGGACCACTTCTGCGCTCGGCCCTTCCGGCTGGCTGGTTTATTGCTGATAAATCTGGAGCCGGTGAGCGTGGGTCTCGCGGTATCATTGCAGCACTGGGGCCAGATGGTAAGCCCTCCCGTATCGTAGTTATCTACACGACGGGGAGTCAGGCAACTATGGATGAACGAAATAGACAGATCGCTGAGATAGGTGCCTCACTGATTAAGCATTGGTAA	ATGAGTATTCAACATTTCCGTGTCGCCCTTATTCCCTTTTTTGCGGCATTTTGC...TAA	861	5967	37	897	True	True	True
374	gb|Y17581|+|78-936|ARO:3000891|TEM-20	ATGAGTATTCAACATTTCCGTGTCGCCCTTATTCCCTTTTTTGCGGCATTTTGC...TGG	858	(37) 5967+ (894)	37	894	ATGAGTATTCAACATTTCCGTGTCGCCCTTATTCCCTTTTTTGCGGCATTTTGCCTTCCTGTTTTTGCTCACCCAGAAACGCTGGTGAAAGTAAAAGATGCTGAAGATCAGTTGGGTGCACGAGTGGGTTACATCGAACTGGATCTCAACAGCGGTAAGATCCTTGAGAGTTTTCGCCCCGAAGAACGTTTTCCAATGATGAGCACTTTTAAAGTTCTGCTATGTGGTGCGGTATTATCCCGTGTTGACGCCGGGCAAGAGCAACTCGGTCGCCGCATACACTATTCTCAGAATGACTTGGTTGAGTACTCACCAGTCACAGAAAAGCATCTTACGGATGGCATGACAGTAAGAGAATTATGCAGTGCTGCCATAACCATGAGTGATAACACTGCTGCCAACTTACTTCTGACAACGATCGGAGGACCGAAGGAGCTAACCGCTTTTTTGCACAACATGGGGGATCATGTAACTCGCCTTGATCGTTGGGAACCGGAGCTGAATGAAGCCATACCAAACGACGAGCGTGACACCACGATGCCTGCAGCAATGGCAACAACGTTGCGCAAACTATTAACTGGCGAACTACTTACTCTAGCTTCCCGGCAACAATTAATAGACTGGATGGAGGCGGATAAAGTTGCAGGACCACTTCTGCGCTCGGCCCTTCCGGCTGGCTGGTTTATTGCTGATAAATCTGGAGCCGGTGAGCGTGGGTCTCGCGGTATCATTGCAGCACTGGGGCCAGATGGTAAGCCCTCCCGTATCGTAGTTATCTACACGACGGGGAGTCAGGCAACTATGGATGAACGAAATAGACAGATCGCTGAGATAGGTGCCTCACTGATTAAGCATTGG	ATGAGTATTCAACATTTCCGTGTCGCCCTTATTCCCTTTTTTGCGGCATTTTGC...TGG	858	37	894	858.0	5967+	ATGAGTATTCAACATTTCCGTGTCGCCCTTATTCCCTTTTTTGCGGCATTTTGCCTTCCTGTTTTTGCTCACCCAGAAACGCTGGTGAAAGTAAAAGATGCTGAAGATCAGTTGGGTGCACGAGTGGGTTACATCGAACTGGATCTCAACAGCGGTAAGATCCTTGAGAGTTTTCGCCCCGAAGAACGTTTTCCAATGATGAGCACTTTTAAAGTTCTGCTATGTGGTGCGGTATTATCCCGTGTTGACGCCGGGCAAGAGCAACTCGGTCGCCGCATACACTATTCTCAGAATGACTTGGTTGAGTACTCACCAGTCACAGAAAAGCATCTTACGGATGGCATGACAGTAAGAGAATTATGCAGTGCTGCCATAACCATGAGTGATAACACTGCTGCCAACTTACTTCTGACAACGATCGGAGGACCGAAGGAGCTAACCGCTTTTTTGCACAACATGGGGGATCATGTAACTCGCCTTGATCGTTGGGAACCGGAGCTGAATGAAGCCATACCAAACGACGAGCGTGACACCACGATGCCTGCAGCAATGGCAACAACGTTGCGCAAACTATTAACTGGCGAACTACTTACTCTAGCTTCCCGGCAACAATTAATAGACTGGATGGAGGCGGATAAAGTTGCAGGACCACTTCTGCGCTCGGCCCTTCCGGCTGGCTGGTTTATTGCTGATAAATCTGGAGCCGGTGAGCGTGGGTCTCGCGGTATCATTGCAGCACTGGGGCCAGATGGTAAGCCCTCCCGTATCGTAGTTATCTACACGACGGGGAGTCAGGCAACTATGGATGAACGAAATAGACAGATCGCTGAGATAGGTGCCTCACTGATTAAGCATTGG	ATGAGTATTCAACATTTCCGTGTCGCCCTTATTCCCTTTTTTGCGGCATTTTGC...TGG	858	5967	37	894	True	True	True
375	gb|Y17582|+|0-858|ARO:3000892|TEM-21	ATGAGTATTCAACATTTCCGTGTCGCCCTTATTCCCTTTTTTGCGGCATTTTGC...TGG	858	(37) 5967+ (894)	37	894	ATGAGTATTCAACATTTCCGTGTCGCCCTTATTCCCTTTTTTGCGGCATTTTGCCTTCCTGTTTTTGCTCACCCAGAAACGCTGGTGAAAGTAAAAGATGCTGAAGATCAGTTGGGTGCACGAGTGGGTTACATCGAACTGGATCTCAACAGCGGTAAGATCCTTGAGAGTTTTCGCCCCGAAGAACGTTTTCCAATGATGAGCACTTTTAAAGTTCTGCTATGTGGTGCGGTATTATCCCGTGTTGACGCCGGGCAAGAGCAACTCGGTCGCCGCATACACTATTCTCAGAATGACTTGGTTGAGTACTCACCAGTCACAGAAAAGCATCTTACGGATGGCATGACAGTAAGAGAATTATGCAGTGCTGCCATAACCATGAGTGATAACACTGCTGCCAACTTACTTCTGACAACGATCGGAGGACCGAAGGAGCTAACCGCTTTTTTGCACAACATGGGGGATCATGTAACTCGCCTTGATCGTTGGGAACCGGAGCTGAATGAAGCCATACCAAACGACGAGCGTGACACCACGATGCCTGCAGCAATGGCAACAACGTTGCGCAAACTATTAACTGGCGAACTACTTACTCTAGCTTCCCGGCAACAATTAATAGACTGGATGGAGGCGGATAAAGTTGCAGGACCACTTCTGCGCTCGGCCCTTCCGGCTGGCTGGTTTATTGCTGATAAATCTGGAGCCGGTGAGCGTGGGTCTCGCGGTATCATTGCAGCACTGGGGCCAGATGGTAAGCCCTCCCGTATCGTAGTTATCTACACGACGGGGAGTCAGGCAACTATGGATGAACGAAATAGACAGATCGCTGAGATAGGTGCCTCACTGATTAAGCATTGG	ATGAGTATTCAACATTTCCGTGTCGCCCTTATTCCCTTTTTTGCGGCATTTTGC...TGG	858	37	894	858.0	5967+	ATGAGTATTCAACATTTCCGTGTCGCCCTTATTCCCTTTTTTGCGGCATTTTGCCTTCCTGTTTTTGCTCACCCAGAAACGCTGGTGAAAGTAAAAGATGCTGAAGATCAGTTGGGTGCACGAGTGGGTTACATCGAACTGGATCTCAACAGCGGTAAGATCCTTGAGAGTTTTCGCCCCGAAGAACGTTTTCCAATGATGAGCACTTTTAAAGTTCTGCTATGTGGTGCGGTATTATCCCGTGTTGACGCCGGGCAAGAGCAACTCGGTCGCCGCATACACTATTCTCAGAATGACTTGGTTGAGTACTCACCAGTCACAGAAAAGCATCTTACGGATGGCATGACAGTAAGAGAATTATGCAGTGCTGCCATAACCATGAGTGATAACACTGCTGCCAACTTACTTCTGACAACGATCGGAGGACCGAAGGAGCTAACCGCTTTTTTGCACAACATGGGGGATCATGTAACTCGCCTTGATCGTTGGGAACCGGAGCTGAATGAAGCCATACCAAACGACGAGCGTGACACCACGATGCCTGCAGCAATGGCAACAACGTTGCGCAAACTATTAACTGGCGAACTACTTACTCTAGCTTCCCGGCAACAATTAATAGACTGGATGGAGGCGGATAAAGTTGCAGGACCACTTCTGCGCTCGGCCCTTCCGGCTGGCTGGTTTATTGCTGATAAATCTGGAGCCGGTGAGCGTGGGTCTCGCGGTATCATTGCAGCACTGGGGCCAGATGGTAAGCCCTCCCGTATCGTAGTTATCTACACGACGGGGAGTCAGGCAACTATGGATGAACGAAATAGACAGATCGCTGAGATAGGTGCCTCACTGATTAAGCATTGG	ATGAGTATTCAACATTTCCGTGTCGCCCTTATTCCCTTTTTTGCGGCATTTTGC...TGG	858	5967	37	894	True	True	True
376	gb|Y17583|+|213-1071|ARO:3000893|TEM-22	ATGAGTATTCAACATTTCCGTGTCGCCCTTATTCCCTTTTTTGCGGCATTTTGC...TGG	858	(37) 5967+ (894)	37	894	ATGAGTATTCAACATTTCCGTGTCGCCCTTATTCCCTTTTTTGCGGCATTTTGCCTTCCTGTTTTTGCTCACCCAGAAACGCTGGTGAAAGTAAAAGATGCTGAAGATCAGTTGGGTGCACGAGTGGGTTACATCGAACTGGATCTCAACAGCGGTAAGATCCTTGAGAGTTTTCGCCCCGAAGAACGTTTTCCAATGATGAGCACTTTTAAAGTTCTGCTATGTGGTGCGGTATTATCCCGTGTTGACGCCGGGCAAGAGCAACTCGGTCGCCGCATACACTATTCTCAGAATGACTTGGTTGAGTACTCACCAGTCACAGAAAAGCATCTTACGGATGGCATGACAGTAAGAGAATTATGCAGTGCTGCCATAACCATGAGTGATAACACTGCTGCCAACTTACTTCTGACAACGATCGGAGGACCGAAGGAGCTAACCGCTTTTTTGCACAACATGGGGGATCATGTAACTCGCCTTGATCGTTGGGAACCGGAGCTGAATGAAGCCATACCAAACGACGAGCGTGACACCACGATGCCTGCAGCAATGGCAACAACGTTGCGCAAACTATTAACTGGCGAACTACTTACTCTAGCTTCCCGGCAACAATTAATAGACTGGATGGAGGCGGATAAAGTTGCAGGACCACTTCTGCGCTCGGCCCTTCCGGCTGGCTGGTTTATTGCTGATAAATCTGGAGCCGGTGAGCGTGGGTCTCGCGGTATCATTGCAGCACTGGGGCCAGATGGTAAGCCCTCCCGTATCGTAGTTATCTACACGACGGGGAGTCAGGCAACTATGGATGAACGAAATAGACAGATCGCTGAGATAGGTGCCTCACTGATTAAGCATTGG	ATGAGTATTCAACATTTCCGTGTCGCCCTTATTCCCTTTTTTGCGGCATTTTGC...TGG	858	37	894	858.0	5967+	ATGAGTATTCAACATTTCCGTGTCGCCCTTATTCCCTTTTTTGCGGCATTTTGCCTTCCTGTTTTTGCTCACCCAGAAACGCTGGTGAAAGTAAAAGATGCTGAAGATCAGTTGGGTGCACGAGTGGGTTACATCGAACTGGATCTCAACAGCGGTAAGATCCTTGAGAGTTTTCGCCCCGAAGAACGTTTTCCAATGATGAGCACTTTTAAAGTTCTGCTATGTGGTGCGGTATTATCCCGTGTTGACGCCGGGCAAGAGCAACTCGGTCGCCGCATACACTATTCTCAGAATGACTTGGTTGAGTACTCACCAGTCACAGAAAAGCATCTTACGGATGGCATGACAGTAAGAGAATTATGCAGTGCTGCCATAACCATGAGTGATAACACTGCTGCCAACTTACTTCTGACAACGATCGGAGGACCGAAGGAGCTAACCGCTTTTTTGCACAACATGGGGGATCATGTAACTCGCCTTGATCGTTGGGAACCGGAGCTGAATGAAGCCATACCAAACGACGAGCGTGACACCACGATGCCTGCAGCAATGGCAACAACGTTGCGCAAACTATTAACTGGCGAACTACTTACTCTAGCTTCCCGGCAACAATTAATAGACTGGATGGAGGCGGATAAAGTTGCAGGACCACTTCTGCGCTCGGCCCTTCCGGCTGGCTGGTTTATTGCTGATAAATCTGGAGCCGGTGAGCGTGGGTCTCGCGGTATCATTGCAGCACTGGGGCCAGATGGTAAGCCCTCCCGTATCGTAGTTATCTACACGACGGGGAGTCAGGCAACTATGGATGAACGAAATAGACAGATCGCTGAGATAGGTGCCTCACTGATTAAGCATTGG	ATGAGTATTCAACATTTCCGTGTCGCCCTTATTCCCTTTTTTGCGGCATTTTGC...TGG	858	5967	37	894	True	True	True
377	gb|Y17584|+|0-858|ARO:3000899|TEM-29	ATGAGTATTCAACATTTCCGTGTCGCCCTTATTCCCTTTTTTGCGGCATTTTGC...TGG	858	(37) 5967+ (894)	37	894	ATGAGTATTCAACATTTCCGTGTCGCCCTTATTCCCTTTTTTGCGGCATTTTGCCTTCCTGTTTTTGCTCACCCAGAAACGCTGGTGAAAGTAAAAGATGCTGAAGATCAGTTGGGTGCACGAGTGGGTTACATCGAACTGGATCTCAACAGCGGTAAGATCCTTGAGAGTTTTCGCCCCGAAGAACGTTTTCCAATGATGAGCACTTTTAAAGTTCTGCTATGTGGTGCGGTATTATCCCGTGTTGACGCCGGGCAAGAGCAACTCGGTCGCCGCATACACTATTCTCAGAATGACTTGGTTGAGTACTCACCAGTCACAGAAAAGCATCTTACGGATGGCATGACAGTAAGAGAATTATGCAGTGCTGCCATAACCATGAGTGATAACACTGCTGCCAACTTACTTCTGACAACGATCGGAGGACCGAAGGAGCTAACCGCTTTTTTGCACAACATGGGGGATCATGTAACTCGCCTTGATCGTTGGGAACCGGAGCTGAATGAAGCCATACCAAACGACGAGCGTGACACCACGATGCCTGCAGCAATGGCAACAACGTTGCGCAAACTATTAACTGGCGAACTACTTACTCTAGCTTCCCGGCAACAATTAATAGACTGGATGGAGGCGGATAAAGTTGCAGGACCACTTCTGCGCTCGGCCCTTCCGGCTGGCTGGTTTATTGCTGATAAATCTGGAGCCGGTGAGCGTGGGTCTCGCGGTATCATTGCAGCACTGGGGCCAGATGGTAAGCCCTCCCGTATCGTAGTTATCTACACGACGGGGAGTCAGGCAACTATGGATGAACGAAATAGACAGATCGCTGAGATAGGTGCCTCACTGATTAAGCATTGG	ATGAGTATTCAACATTTCCGTGTCGCCCTTATTCCCTTTTTTGCGGCATTTTGC...TGG	858	37	894	858.0	5967+	ATGAGTATTCAACATTTCCGTGTCGCCCTTATTCCCTTTTTTGCGGCATTTTGCCTTCCTGTTTTTGCTCACCCAGAAACGCTGGTGAAAGTAAAAGATGCTGAAGATCAGTTGGGTGCACGAGTGGGTTACATCGAACTGGATCTCAACAGCGGTAAGATCCTTGAGAGTTTTCGCCCCGAAGAACGTTTTCCAATGATGAGCACTTTTAAAGTTCTGCTATGTGGTGCGGTATTATCCCGTGTTGACGCCGGGCAAGAGCAACTCGGTCGCCGCATACACTATTCTCAGAATGACTTGGTTGAGTACTCACCAGTCACAGAAAAGCATCTTACGGATGGCATGACAGTAAGAGAATTATGCAGTGCTGCCATAACCATGAGTGATAACACTGCTGCCAACTTACTTCTGACAACGATCGGAGGACCGAAGGAGCTAACCGCTTTTTTGCACAACATGGGGGATCATGTAACTCGCCTTGATCGTTGGGAACCGGAGCTGAATGAAGCCATACCAAACGACGAGCGTGACACCACGATGCCTGCAGCAATGGCAACAACGTTGCGCAAACTATTAACTGGCGAACTACTTACTCTAGCTTCCCGGCAACAATTAATAGACTGGATGGAGGCGGATAAAGTTGCAGGACCACTTCTGCGCTCGGCCCTTCCGGCTGGCTGGTTTATTGCTGATAAATCTGGAGCCGGTGAGCGTGGGTCTCGCGGTATCATTGCAGCACTGGGGCCAGATGGTAAGCCCTCCCGTATCGTAGTTATCTACACGACGGGGAGTCAGGCAACTATGGATGAACGAAATAGACAGATCGCTGAGATAGGTGCCTCACTGATTAAGCATTGG	ATGAGTATTCAACATTTCCGTGTCGCCCTTATTCCCTTTTTTGCGGCATTTTGC...TGG	858	5967	37	894	True	True	True
